id,lugares,cod_formato,formato,cod_categoria,categoria,cod_uo,unidade,regiao,gratis,ingresso,publico,projeto,nome,complemento,exibirdatas,tempo,tempoF,dia_da_semana,weekday,hora,destaque,data_sessao,datainicial,datafinal,tem,dispositivo,online,data.periodo
66000017388719,120,1,shows e espetáculos,1,Música,66,Vila Mariana,capital,0,0,outros,Palco Novidade,Felipe S,"Lançamento do show ""De Iracema a Itacaré""",uma,thisW,agora,qui,3,20h,undefined,2023-09-21 00:00:00,2023-09-21 00:00:00,2023-09-21 00:00:00,,,0,noite
72000000591530,350,1,shows e espetáculos,1,Música,72,Mogi Das Cruzes,capital,0,0,outros,,Graça Braga canta Martinho da Vila,,uma,thisW,agora,qui,3,20h,undefined,2023-09-21 00:00:00,2023-09-21 00:00:00,2023-09-21 00:00:00,,,0,noite
76000004314322,1000,1,shows e espetáculos,1,Música,76,Ribeirão Preto,interior,0,0,outros,,Ellen Oléria canta Beyoncé,show Ellen Oléria canta Beyoncé,uma,thisW,agora,qui,3,20h,undefined,2023-09-21 00:00:00,2023-09-21 00:00:00,2023-09-21 00:00:00,,,0,noite
84000005348769,200,1,shows e espetáculos,1,Música,84,Rio Preto,interior,0,0,outros,,Duo Aduar,Viola Caipira,uma,thisW,agora,qui,3,21h,undefined,2023-09-21 00:00:00,2023-09-21 00:00:00,2023-09-21 00:00:00,,,0,noite
86000004115437,2600,1,shows e espetáculos,1,Música,86,Araraquara,interior,0,0,outros,,Gilsons,Com os Gilsons,uma,thisW,agora,qui,3,21h,undefined,2023-09-21 00:00:00,2023-09-21 00:00:00,2023-09-21 00:00:00,,,0,noite
88000005141818,300,1,shows e espetáculos,1,Música,88,Santo André,capital,1,0,outros,,Mayombe Afro Latino,,uma,thisW,agora,qui,3,20h,undefined,2023-09-21 00:00:00,2023-09-21 00:00:00,2023-09-21 00:00:00,,,0,noite
95000002746110,450,1,shows e espetáculos,1,Música,95,Osasco,capital,0,0,outros,,Banda Mantiqueira,Convida Fabiana Cozza,uma,thisW,agora,qui,3,20h30,undefined,2023-09-21 00:00:00,2023-09-21 00:00:00,2023-09-21 00:00:00,,,0,noite
86000004062861,600,1,shows e espetáculos,11,Atividade Física,86,Araraquara,interior,0,0,crianças,Semana Move,Circuito Sesc de Futebol,"Com a ex-jogadora Mônica de Paula, Lara Schuler do Futebol Freestyle e Rogerinho do Futebol de Amputados",uma,thisW,agora,qui,3,09h,undefined,2023-09-21 00:00:00,2023-09-21 00:00:00,2023-09-21 00:00:00,,,0,manhã
86000004063002,600,1,shows e espetáculos,11,Atividade Física,86,Araraquara,interior,0,0,crianças,Semana Move,Circuito Sesc de Futebol,"Com a ex-jogadora Mônica de Paula, Lara Schuler do Futebol Freestyle e Rogerinho do Futebol de Amputados",uma,thisW,agora,qui,3,14h,undefined,2023-09-21 00:00:00,2023-09-21 00:00:00,2023-09-21 00:00:00,,,0,tarde
58000006707553,98,1,shows e espetáculos,2,Teatro,58,Pinheiros,capital,0,0,outros,,"E VOCÊS, QUEM SÃO?",Samuel de Assis,uma,thisW,agora,qui,3,20h,undefined,2023-09-21 00:00:00,2023-09-21 00:00:00,2023-10-28 00:00:00,,,0,noite
63000013035250,40,1,shows e espetáculos,2,Teatro,63,Pompeia,capital,0,0,outros,,Nica,Com Elisa Band e Gilda Nomacce,uma,thisW,agora,qui,3,20h30,undefined,2023-09-21 00:00:00,2023-09-21 00:00:00,2023-10-06 00:00:00,1,Audiodescrição  Tradução em Libras,0,noite
70000005647607,30,1,shows e espetáculos,2,Teatro,70,Santo Amaro,capital,1,0,outros,,LOVNI com  a Compagnie de la Casquette - Bélgica,XVII Festival Internacional Paideia de Teatro para a Infância e Juventude: Uma janela para a utopia,uma,thisW,agora,qui,3,10h,undefined,2023-09-21 00:00:00,2023-09-21 00:00:00,2023-09-21 00:00:00,,,0,manhã
70000005647607,30,1,shows e espetáculos,2,Teatro,70,Santo Amaro,capital,1,0,outros,,LOVNI com  a Compagnie de la Casquette - Bélgica,XVII Festival Internacional Paideia de Teatro para a Infância e Juventude: Uma janela para a utopia,uma,thisW,agora,qui,3,14h,undefined,2023-09-21 00:00:00,2023-09-21 00:00:00,2023-09-21 00:00:00,,,0,tarde
70000005647607,30,1,shows e espetáculos,2,Teatro,70,Santo Amaro,capital,1,0,outros,,LOVNI com  a Compagnie de la Casquette - Bélgica,XVII Festival Internacional Paideia de Teatro para a Infância e Juventude: Uma janela para a utopia,uma,thisW,agora,qui,3,16h30,undefined,2023-09-21 00:00:00,2023-09-21 00:00:00,2023-09-21 00:00:00,,,0,tarde
83000003928405,150,1,shows e espetáculos,2,Teatro,83,Piracicaba,interior,0,1,outros,Em.Cena.Ação,Mãos Trêmulas,Com Cleide Queiroz e Plínio Soares,uma,thisW,agora,qui,3,20h,undefined,2023-09-21 00:00:00,2023-09-21 00:00:00,2023-09-21 00:00:00,,,0,noite
79000003067238,100,1,shows e espetáculos,3,Circo,79,Catanduva,interior,1,0,outros,Corpos: A Grandeza de Ser,Insolação,Com Gabriella Argento,uma,thisW,agora,qui,3,20h,undefined,2023-09-21 00:00:00,2023-09-21 00:00:00,2023-09-21 00:00:00,,,0,noite
85000003182916,217,1,shows e espetáculos,3,Circo,85,Birigui,interior,0,0,outros,,Vírgula iLTDA,Com Palhaça Vírgula,uma,thisW,agora,qui,3,20h,undefined,2023-09-21 00:00:00,2023-09-21 00:00:00,2023-09-21 00:00:00,,,0,noite
58000006656012,700,1,shows e espetáculos,4,Dança,58,Pinheiros,capital,0,0,outros,,O Sacrifício (The Sacrifice),Coreografia Dada Masilo (África do Sul),uma,thisW,agora,qui,3,21h,undefined,2023-09-21 00:00:00,2023-09-21 00:00:00,2023-09-21 00:00:00,,,0,noite
71000004403170,30,1,shows e espetáculos,4,Dança,71,Bertioga,interior,0,0,outros, Festival da Integração,Ensaio para os próximos passos,Com Cia o povo em pé,uma,thisW,agora,qui,3,14h30,undefined,2023-09-21 00:00:00,2023-09-21 00:00:00,2023-09-23 00:00:00,,,0,tarde
75000008076253,100,1,shows e espetáculos,4,Dança,75,Campinas,interior,0,0,outros,BIENAL SESC DE DANÇA - 2023,[BIENAL SESC DE DANÇA] Barricada,Com Marcelo Evelin,uma,thisW,agora,qui,3,19h,undefined,2023-09-21 00:00:00,2023-09-21 00:00:00,2023-09-22 00:00:00,,,0,noite
75000008026163,100,1,shows e espetáculos,4,Dança,75,Campinas,interior,0,0,outros,BIENAL SESC DE DANÇA - 2023,[BIENAL SESC DE DANÇA] Cacunda,Com Adnã Ionara,uma,thisW,agora,qui,3,19h,undefined,2023-09-21 00:00:00,2023-09-21 00:00:00,2023-09-22 00:00:00,,,0,noite
75000008055713,100,1,shows e espetáculos,4,Dança,75,Campinas,interior,0,0,outros,BIENAL SESC DE DANÇA - 2023,[BIENAL SESC DE DANÇA] Eu não sou só eu em mim,Com Cena 11,uma,thisW,agora,qui,3,21h30,undefined,2023-09-21 00:00:00,2023-09-21 00:00:00,2023-09-21 00:00:00,,,0,noite
75000008076419,100,1,shows e espetáculos,4,Dança,75,Campinas,interior,0,0,outros,BIENAL SESC DE DANÇA - 2023,[BIENAL SESC DE DANÇA] Ka'adela,Com Idylla Silmarovi e Juão NYN,uma,thisW,agora,qui,3,16h30,undefined,2023-09-21 00:00:00,2023-09-21 00:00:00,2023-09-21 00:00:00,,,0,tarde
75000008076341,100,1,shows e espetáculos,4,Dança,75,Campinas,interior,0,0,outros,BIENAL SESC DE DANÇA - 2023,[BIENAL SESC DE DANÇA] Lança Cabocla,,uma,thisW,agora,qui,3,18h30,undefined,2023-09-21 00:00:00,2023-09-21 00:00:00,2023-09-21 00:00:00,,,0,noite
75000008076323,80,1,shows e espetáculos,4,Dança,75,Campinas,interior,0,0,outros,BIENAL SESC DE DANÇA - 2023,[BIENAL SESC DE DANÇA] Schönheit ist Nebensache - A beleza revela-se acessória,Com Pol Pi (Brasil/França),uma,thisW,agora,qui,3,17h,undefined,2023-09-21 00:00:00,2023-09-21 00:00:00,2023-09-22 00:00:00,1,Audiodescrição,0,tarde
75000008076174,400,1,shows e espetáculos,4,Dança,75,Campinas,interior,0,0,outros,BIENAL SESC DE DANÇA - 2023,[BIENAL SESC DE DANÇA] Soomo,Com Bora Kim (Coreia do Sul),uma,thisW,agora,qui,3,20h,undefined,2023-09-21 00:00:00,2023-09-21 00:00:00,2023-09-21 00:00:00,,,0,noite
75000008032389,100,1,shows e espetáculos,4,Dança,75,Campinas,interior,0,0,outros,BIENAL SESC DE DANÇA - 2023,[BIENAL SESC DE DANÇA] SustentAção - Perfomance Duracional em Dança,Com Núcleo Fuga,uma,thisW,agora,qui,3,11h,undefined,2023-09-21 00:00:00,2023-09-21 00:00:00,2023-09-22 00:00:00,,,0,manhã
75000008118468,10,1,shows e espetáculos,4,Dança,75,Campinas,interior,0,0,outros,BIENAL SESC DE DANÇA - 2023,Guias de Turismo - Bienal Sesc de Dança,,uma,thisW,agora,qui,3,07h30,undefined,2023-09-21 00:00:00,2023-09-21 00:00:00,2023-09-24 00:00:00,,,0,manhã
78000006657160,100,1,shows e espetáculos,4,Dança,78,Santos,interior,0,0,outros,,32 de Dezembro,com Cora Laszlo,uma,thisW,agora,qui,3,20h,undefined,2023-09-21 00:00:00,2023-09-21 00:00:00,2023-09-21 00:00:00,,,0,noite
83000004059251,300,1,shows e espetáculos,6,Artes Visuais,83,Piracicaba,interior,1,0,outros,,Humor em Trânsito,,uma,thisW,agora,qui,3,14h,undefined,2023-09-21 00:00:00,2023-09-21 00:00:00,2023-09-21 00:00:00,,,0,tarde
53000006181582,60,1,shows e espetáculos,7,Literatura,53,Santana,capital,1,0,outros,,Contos de Brincar,com gRUPO êBA!,uma,thisW,agora,qui,3,14h,undefined,2023-09-21 00:00:00,2023-09-21 00:00:00,2023-09-28 00:00:00,1,Tradução em Libras,0,tarde
63000013624498,400,1,shows e espetáculos,7,Literatura,63,Pompeia,capital,0,0,outros,Massembas de Ialodês: Leci Brandão,Quilombos da diversidade: mandatas de mulheres negras,Com Carla Carneiro do Nascimento e Erica Malunguinho. Mediação: Fernanda de Paula. Cantoras convidadas: Dessa Brandão e Sharylaine,uma,thisW,agora,qui,3,20h30,undefined,2023-09-21 00:00:00,2023-09-21 00:00:00,2023-09-21 00:00:00,,,0,noite
75000008050815,100,1,shows e espetáculos,7,Literatura,75,Campinas,interior,0,0,outros,,Novo [Na estante],com Rita Carelli,uma,thisW,agora,qui,3,09h,undefined,2023-09-21 00:00:00,2023-09-21 00:00:00,2023-10-31 00:00:00,,,0,manhã
75000007953323,15,1,shows e espetáculos,7,Literatura,75,Campinas,interior,1,0,outros,,[NA ESTANTE] Rita Carelli,com Rita Carelli,uma,thisW,agora,qui,3,09h,undefined,2023-09-21 00:00:00,2023-09-21 00:00:00,2023-10-31 00:00:00,,,0,manhã
91000002154124,120,1,shows e espetáculos,7,Literatura,91,Campo Limpo,capital,0,0,outros,,FELIZS - Sarau Poesia de Todo Canto,FELIZS - Feira Literária da Zona Sul de São Paulo,uma,thisW,agora,qui,3,19h30,undefined,2023-09-21 00:00:00,2023-09-21 00:00:00,2023-09-21 00:00:00,,,0,noite
66000017557852,600,1,shows e espetáculos,8,Educação,66,Vila Mariana,capital,0,0,outros,Conferência Espaços Naturalizados para as Infâncias,Amanhecer com José Maria Trindade Divina,intervenção artística com Guita -  Alexandre Vinícius - Babau Fuá,uma,thisW,agora,qui,3,10h,undefined,2023-09-21 00:00:00,2023-09-21 00:00:00,2023-09-21 00:00:00,,,0,manhã
66000016720142,150,1,shows e espetáculos,8,Educação,66,Vila Mariana,capital,0,0,outros,Conferência Espaços Naturalizados para as Infâncias,O fuá de benedito na  terra de São Saruê,espetáculo de mamulengo com Babau Fuá,uma,thisW,agora,qui,3,12h,undefined,2023-09-21 00:00:00,2023-09-21 00:00:00,2023-09-21 00:00:00,,,0,tarde
53000005777373,300,10,serviços,14,Outros,53,Santana,capital,0,0,outros,,Refeições,Venda de sopas no auto atendimento,de-ate,thisW,agora,qui,3,11h30,undefined,2023-09-21 00:00:00,2023-09-21 00:00:00,2023-12-30 00:00:00,1,Braille,0,
55000004351698,4000,10,serviços,14,Outros,55,Interlagos,capital,0,0,outros,,Piscina,Segunda 09h  Terca 09h  Quarta 09h  Quinta 09h  Sexta 09h  Sabado 09h  Domingo 09h - Livre,de-ate,thisW,agora,qui,3,09h,undefined,2023-09-21 00:00:00,2023-09-21 00:00:00,2023-12-29 00:00:00,,,0,
56000004702193,32,10,serviços,14,Outros,56,Itaquera,capital,0,0,outros,,Clínica Ambulatorial,,de-ate,thisW,agora,qui,3,08h,undefined,2023-09-21 00:00:00,2023-09-21 00:00:00,2023-12-29 00:00:00,,,0,
56000004685637,500,10,serviços,14,Outros,56,Itaquera,capital,0,0,outros,,Piscina,Segunda 09h  Terca 09h  Quarta 09h  Quinta 09h  Sexta 09h  Sabado 09h  Domingo 09h - Livre,de-ate,thisW,agora,qui,3,09h,undefined,2023-09-21 00:00:00,2023-09-21 00:00:00,2023-12-30 00:00:00,,,0,
62000007045542,48,10,serviços,14,Outros,62,Consolação,capital,1,0,outros,,Clínica Ambulatorial,,de-ate,thisW,agora,qui,3,07h40,undefined,2023-09-21 00:00:00,2023-09-21 00:00:00,2023-12-23 00:00:00,,,0,
62000006816538,100,10,serviços,14,Outros,62,Consolação,capital,1,0,outros,,Piscina,,de-ate,thisW,agora,qui,3,07h10,undefined,2023-09-21 00:00:00,2023-09-21 00:00:00,2023-12-30 00:00:00,,,0,
71000003964459,300,10,serviços,14,Outros,71,Bertioga,interior,0,0,outros,,Clínica Ambulatorial,,de-ate,thisW,agora,qui,3,07h20,undefined,2023-09-21 00:00:00,2023-09-21 00:00:00,2023-12-29 00:00:00,,,0,
71000004403354,2000,10,serviços,14,Outros,71,Bertioga,interior,0,0,outros,,Piscina,,de-ate,thisW,agora,qui,3,09h30,undefined,2023-09-21 00:00:00,2023-09-21 00:00:00,2023-12-31 00:00:00,,,0,
73000004116181,600,10,serviços,14,Outros,73,Guarulhos,capital,0,0,outros,,Clínica Ambulatorial,,de-ate,thisW,agora,qui,3,07h10,undefined,2023-09-21 00:00:00,2023-09-21 00:00:00,2023-12-30 00:00:00,,,0,
73000004109157,40,10,serviços,14,Outros,73,Guarulhos,capital,0,0,outros,,Refeições,,de-ate,thisW,agora,qui,3,11h,undefined,2023-09-21 00:00:00,2023-09-21 00:00:00,2023-12-30 00:00:00,,,0,
81000004073152,1000,10,serviços,14,Outros,81,Taubaté,interior,0,0,outros,,Piscina,,de-ate,thisW,agora,qui,3,09h,undefined,2023-09-21 00:00:00,2023-09-21 00:00:00,2023-12-30 00:00:00,,,0,
83000003648365,600,10,serviços,14,Outros,83,Piracicaba,interior,0,0,outros,,Clínica Ambulatorial,,de-ate,thisW,agora,qui,3,08h,undefined,2023-09-21 00:00:00,2023-09-21 00:00:00,2023-12-30 00:00:00,,,0,
84000004891046,7000,10,serviços,14,Outros,84,Rio Preto,interior,1,0,outros,,Piscina,,de-ate,thisW,agora,qui,3,13h30,undefined,2023-09-21 00:00:00,2023-09-21 00:00:00,2023-12-30 00:00:00,,,0,
85000002838897,550,10,serviços,14,Outros,85,Birigui,interior,0,0,outros,,Clínica Ambulatorial,Atendimento Clinico,de-ate,thisW,agora,qui,3,10h,undefined,2023-09-21 00:00:00,2023-09-21 00:00:00,2023-12-30 00:00:00,,,0,
85000002867089,300,10,serviços,14,Outros,85,Birigui,interior,1,0,outros,,Piscina,,de-ate,thisW,agora,qui,3,13h30,undefined,2023-09-21 00:00:00,2023-09-21 00:00:00,2023-12-30 00:00:00,,,0,
86000003544493,250,10,serviços,14,Outros,86,Araraquara,interior,0,0,crianças,,Piscina,,de-ate,thisW,agora,qui,3,13h,undefined,2023-09-21 00:00:00,2023-09-21 00:00:00,2023-12-30 00:00:00,,,0,
87000002682219,500,10,serviços,14,Outros,87,Prudente,interior,0,0,outros,,Piscina,Ter 8h -18h/ Qua 8h-18h/ Qui 8h-18h/ Sex 8h-18h/ Sab 8h -18h/ Dom 8h- 18h.,de-ate,thisW,agora,qui,3,08h,undefined,2023-09-21 00:00:00,2023-09-21 00:00:00,2023-12-30 00:00:00,,,0,
88000005145334,100,10,serviços,14,Outros,88,Santo André,capital,0,0,outros,,Piscina,De terça domingo às 10h,de-ate,thisW,agora,qui,3,10h,undefined,2023-09-21 00:00:00,2023-09-21 00:00:00,2023-11-30 00:00:00,,,0,
89000001060781,60,10,serviços,14,Outros,89,CPF,capital,1,0,outros,,Refeições,,de-ate,thisW,agora,qui,3,12h,undefined,2023-09-21 00:00:00,2023-09-21 00:00:00,2023-12-23 00:00:00,,,0,
91000001832993,48,10,serviços,14,Outros,91,Campo Limpo,capital,1,0,outros,,Clínica Ambulatorial,Com equipe odontológica do Sesc Campo Limpo,de-ate,thisW,agora,qui,3,07h20,undefined,2023-09-21 00:00:00,2023-09-21 00:00:00,2023-12-30 00:00:00,,,0,
94000005499082,40,10,serviços,14,Outros,94,Bom Retiro,capital,0,0,outros,,Clínica Ambulatorial,,de-ate,thisW,agora,qui,3,07h30,undefined,2023-09-21 00:00:00,2023-09-21 00:00:00,2023-12-22 00:00:00,,,0,
94000005583687,200,10,serviços,14,Outros,94,Bom Retiro,capital,0,0,outros,,Piscina,,de-ate,thisW,agora,qui,3,09h,undefined,2023-09-21 00:00:00,2023-09-21 00:00:00,2023-12-30 00:00:00,,,0,
52000004973211,200,10,serviços,7,Literatura,52,24 De Maio,capital,1,0,outros,,Empréstimo,,de-ate,thisW,agora,qui,3,09h,undefined,2023-09-21 00:00:00,2023-09-21 00:00:00,2023-12-30 00:00:00,,,0,
64000004613240,50,10,serviços,7,Literatura,64,Carmo,capital,0,0,outros,Biblioteca,Empréstimo,,de-ate,thisW,agora,qui,3,10h,undefined,2023-09-21 00:00:00,2023-09-21 00:00:00,2023-12-29 00:00:00,,,0,
68000007833785,1560,10,serviços,7,Literatura,68,Belenzinho,capital,0,0,outros,,Empréstimo,,de-ate,thisW,agora,qui,3,10h,undefined,2023-09-21 00:00:00,2023-09-21 00:00:00,2023-12-30 00:00:00,,,0,
71000003956015,100,10,serviços,7,Literatura,71,Bertioga,interior,0,0,outros,,Empréstimo,,de-ate,thisW,agora,qui,3,09h,undefined,2023-09-21 00:00:00,2023-09-21 00:00:00,2023-12-31 00:00:00,,,0,
73000004139878,30,10,serviços,7,Literatura,73,Guarulhos,capital,0,0,outros,,Empréstimo,Empréstimo de livros do acervo,de-ate,thisW,agora,qui,3,09h,undefined,2023-09-21 00:00:00,2023-09-21 00:00:00,2023-12-29 00:00:00,,,0,
75000007614363,60,10,serviços,7,Literatura,75,Campinas,interior,0,0,outros,,Empréstimo,,de-ate,thisW,agora,qui,3,08h,undefined,2023-09-21 00:00:00,2023-09-21 00:00:00,2023-12-29 00:00:00,,,0,
76000004019847,50,10,serviços,7,Literatura,76,Ribeirão Preto,interior,1,0,outros,,Empréstimo,,de-ate,thisW,agora,qui,3,13h30,undefined,2023-09-21 00:00:00,2023-09-21 00:00:00,2023-12-31 00:00:00,,,0,
84000004933256,50,10,serviços,7,Literatura,84,Rio Preto,interior,1,0,outros,,Empréstimo,,de-ate,thisW,agora,qui,3,13h15,undefined,2023-09-21 00:00:00,2023-09-21 00:00:00,2023-12-31 00:00:00,,,0,
86000003709781,80,10,serviços,7,Literatura,86,Araraquara,interior,0,0,outros,,Empréstimo,,de-ate,thisW,agora,qui,3,13h,undefined,2023-09-21 00:00:00,2023-09-21 00:00:00,2023-12-30 00:00:00,,,0,
88000004790261,15,10,serviços,7,Literatura,88,Santo André,capital,1,0,outros,,Empréstimo,,de-ate,thisW,agora,qui,3,10h,undefined,2023-09-21 00:00:00,2023-09-21 00:00:00,2023-12-30 00:00:00,,,0,
62000007790315,20,2,cursos e oficinas,1,Música,62,Consolação,capital,0,0,outros,Centro de Música,Harmonia,Com Solange Assumpção,primeira,thisW,agora,qui,3,16h30,undefined,2023-09-21 00:00:00,2023-09-21 00:00:00,2023-11-30 00:00:00,,,0,tarde
62000007859734,20,2,cursos e oficinas,1,Música,62,Consolação,capital,0,0,outros,Centro de Música,Toques e cânticos do Divino Espírito Santo para mulheres,Com Bartira Menezes e Graça Reis,primeira,thisW,agora,qui,3,16h,undefined,2023-09-21 00:00:00,2023-09-21 00:00:00,2023-10-26 00:00:00,,,0,tarde
62000007790244,14,2,cursos e oficinas,1,Música,62,Consolação,capital,0,0,outros,Centro de Música,Violoncelo - continuidade,Com Pedro Beviláqua,primeira,thisW,agora,qui,3,18h30,undefined,2023-09-21 00:00:00,2023-09-21 00:00:00,2023-11-30 00:00:00,,,0,noite
66000017382312,10,2,cursos e oficinas,1,Música,66,Vila Mariana,capital,0,0,outros,Centro de Música,Canto Homens - Iniciação [CM 2° SEMESTRE - 2023],com Zuza Gonçalves,primeira,thisW,agora,qui,3,18h,undefined,2023-09-21 00:00:00,2023-09-21 00:00:00,2023-11-30 00:00:00,,,0,noite
66000017382359,20,2,cursos e oficinas,1,Música,66,Vila Mariana,capital,0,0,outros,Centro de Música,Canto Mulheres - Iniciação [CM 2° SEMESTRE - 2023],com Zuza Gonçalves,primeira,thisW,agora,qui,3,18h,undefined,2023-09-21 00:00:00,2023-09-21 00:00:00,2023-11-30 00:00:00,,,0,noite
66000017467416,10,2,cursos e oficinas,1,Música,66,Vila Mariana,capital,0,0,outros,Centro de Música,Metais - Continuidade [CM 2° SEMESTRE 2023],com Maurício Narutis,primeira,thisW,agora,qui,3,20h,undefined,2023-09-21 00:00:00,2023-09-21 00:00:00,2023-11-30 00:00:00,,,0,noite
66000017382567,30,2,cursos e oficinas,1,Música,66,Vila Mariana,capital,0,0,outros,Centro de Música,Prática de Conjunto em Canto [CM 2° SEMESTRE - 2023],com Zuza Gonçalves,primeira,thisW,agora,qui,3,20h,undefined,2023-09-21 00:00:00,2023-09-21 00:00:00,2023-11-30 00:00:00,,,0,noite
66000017469367,45,2,cursos e oficinas,1,Música,66,Vila Mariana,capital,0,0,outros,Centro de Música,Prática de Conjunto em Canto [CM 2° SEMESTRE - 2023] - SELEÇÃO,com Zuza Gonçalves,primeira,thisW,agora,qui,3,20h,undefined,2023-09-21 00:00:00,2023-09-21 00:00:00,2023-11-30 00:00:00,,,0,noite
66000017468948,12,2,cursos e oficinas,1,Música,66,Vila Mariana,capital,0,0,outros,Centro de Música,Violoncelo - Continuidade - Turma B [CM 2° SEMESTRE 2023] - SELEÇÃO,com Valdir Maia,primeira,thisW,agora,qui,3,11h,undefined,2023-09-21 00:00:00,2023-09-21 00:00:00,2023-11-30 00:00:00,,,0,manhã
73000004722911,10,2,cursos e oficinas,1,Música,73,Guarulhos,capital,0,0,crianças,Centro de Música,Piano e canto para crianças - Turma 1,com Aline Rissuto,primeira,thisW,agora,qui,3,14h,undefined,2023-09-21 00:00:00,2023-09-21 00:00:00,2023-11-16 00:00:00,,,0,tarde
73000004735809,10,2,cursos e oficinas,1,Música,73,Guarulhos,capital,0,0,crianças,Centro de Música,Piano e canto para crianças - Turma 2,com Aline Rissuto,primeira,thisW,agora,qui,3,15h,undefined,2023-09-21 00:00:00,2023-09-21 00:00:00,2023-11-16 00:00:00,,,0,tarde
73000004693222,18,2,cursos e oficinas,1,Música,73,Guarulhos,capital,0,0,outros,Centro de Música,Continuidade em Violão,com Anderson Cavalcante,primeira,thisW,agora,qui,3,19h30,undefined,2023-09-21 00:00:00,2023-09-21 00:00:00,2023-11-23 00:00:00,,,0,noite
73000004722880,12,2,cursos e oficinas,1,Música,73,Guarulhos,capital,0,0,outros,Centro de Música,Ukelele para iniciantes,com Aline Rissuto,primeira,thisW,agora,qui,3,10h30,undefined,2023-09-21 00:00:00,2023-09-21 00:00:00,2023-11-16 00:00:00,,,0,manhã
76000004419640,20,2,cursos e oficinas,1,Música,76,Ribeirão Preto,interior,1,0,outros,,Gravação de Discos Lo-Fi e Hi-Fi,"Com Bruno Borges, do Vinyl Lab",uma,thisW,agora,qui,3,18h30,undefined,2023-09-21 00:00:00,2023-09-21 00:00:00,2023-09-22 00:00:00,,,0,noite
77000310138558,15,2,cursos e oficinas,1,Música,77,S. J. Campos,interior,0,0,idosos,,Memória afetiva musical,Com Carlos Navas,de-ate,sempre,agora,sempre,7,14h30,undefined,2023-09-21 00:00:00,2023-09-21 00:00:00,2023-09-28 00:00:00,,,0,tarde
78000006173300,30,2,cursos e oficinas,1,Música,78,Santos,interior,0,0,outros,,Curso Coro Masculino,com Marcelo Recski,primeira,thisW,agora,qui,3,19h,undefined,2023-09-21 00:00:00,2023-09-21 00:00:00,2023-11-30 00:00:00,,,0,noite
81000004458648,25,2,cursos e oficinas,1,Música,81,Taubaté,interior,0,0,idosos,,Experimentação Musical,"com Fábio Machado, músico",primeira,thisW,agora,qui,3,15h,undefined,2023-09-21 00:00:00,2023-09-21 00:00:00,2023-10-19 00:00:00,,,0,tarde
89000001189815,30,2,cursos e oficinas,1,Música,89,CPF,capital,0,0,outros,Cursos e Palestras,Alquimia da Canção - Módulo V,Com Eduardo Gudin,uma,thisW,agora,qui,3,17h,undefined,2023-09-21 00:00:00,2023-09-21 00:00:00,2023-09-28 00:00:00,,,0,tarde
61000000852225,40,2,cursos e oficinas,10,Saúde,61,Florêncio,capital,0,0,idosos,,TaiChi Balance,"Com Luciano Imoto, instrutor de artes marciais",uma,thisW,agora,qui,3,14h,undefined,2023-09-21 00:00:00,2023-09-21 00:00:00,2023-09-28 00:00:00,,,0,tarde
76000004469743,120,2,cursos e oficinas,10,Saúde,76,Ribeirão Preto,interior,0,0,outros,,SIPAT - Ética no ambiente de trabalho,Com Cesar Nunes,uma,thisW,agora,qui,3,13h,undefined,2023-09-21 00:00:00,2023-09-21 00:00:00,2023-09-21 00:00:00,,,0,tarde
84000005457639,20,2,cursos e oficinas,10,Saúde,84,Rio Preto,interior,1,0,idosos,,Cérebro ativo,"Com Marina Pereira Zaiden e Marina Soares Facioli, terapeutas ocupacionais.",uma,thisW,agora,qui,3,15h,undefined,2023-09-21 00:00:00,2023-09-21 00:00:00,2023-09-28 00:00:00,,,0,tarde
85000003226036,20,2,cursos e oficinas,10,Saúde,85,Birigui,interior,0,0,idosos,,Cesto Jeans,Com Maiara Santos,uma,thisW,agora,qui,3,14h,undefined,2023-09-21 00:00:00,2023-09-21 00:00:00,2023-09-21 00:00:00,,,0,tarde
57000007306764,30,2,cursos e oficinas,14,Outros,57,Ipiranga,capital,0,0,idosos,,Canto-Coral,Explorando a História da Música Brasileira através do Canto Coral com a Maestrina Sônia Di Morais.,primeira,thisW,agora,qui,3,13h,undefined,2023-09-21 00:00:00,2023-09-21 00:00:00,2023-10-05 00:00:00,,,0,tarde
88000005126904,20,2,cursos e oficinas,14,Outros,88,Santo André,capital,1,0,outros,Comunidades Ativas 2023,Comunidades Ativas,Com Sandra Lee de Carvalho e Sebrae Grande ABC,primeira,thisW,agora,qui,3,09h,undefined,2023-09-21 00:00:00,2023-09-21 00:00:00,2023-09-29 00:00:00,,,0,manhã
95000002808138,10,2,cursos e oficinas,14,Outros,95,Osasco,capital,0,0,idosos,,3a.Idade Conectada Agosto/Setembro,com educadores do ETA,primeira,thisW,agora,qui,3,13h30,undefined,2023-09-21 00:00:00,2023-09-21 00:00:00,2023-09-28 00:00:00,1,Closed Caption,0,tarde
91000002148375,20,2,cursos e oficinas,3,Circo,91,Campo Limpo,capital,1,0,idosos,,Trabalho Social com Idosos: Oficina Corpo e Comicidade.,,uma,thisW,agora,qui,3,16h,undefined,2023-09-21 00:00:00,2023-09-21 00:00:00,2023-09-28 00:00:00,,,0,tarde
75000008061492,60,2,cursos e oficinas,4,Dança,75,Campinas,interior,0,0,outros,BIENAL SESC DE DANÇA - 2023,[BIENAL SESC DE DANÇA] Aulão Internacional: Pantsula,,uma,thisW,agora,qui,3,17h,undefined,2023-09-21 00:00:00,2023-09-21 00:00:00,2023-09-21 00:00:00,,,0,tarde
75000008203009,100,2,cursos e oficinas,4,Dança,75,Campinas,interior,0,0,outros,BIENAL SESC DE DANÇA - 2023,[BIENAL SESC DE DANÇA] Produção executiva de atividades formativas,Rafael Ferro,de-ate,sempre,agora,sempre,7,14h,undefined,2023-09-21 00:00:00,2023-09-21 00:00:00,2023-09-24 00:00:00,,,0,tarde
75000008076292,60,2,cursos e oficinas,4,Dança,75,Campinas,interior,0,0,outros,BIENAL SESC DE DANÇA - 2023,[BIENAL SESC DE DANÇA] Residência: Marcelo Evelin,,uma,thisW,agora,qui,3,15h,undefined,2023-09-21 00:00:00,2023-09-21 00:00:00,2023-09-22 00:00:00,,,0,tarde
75000008083053,30,2,cursos e oficinas,4,Dança,75,Campinas,interior,0,0,outros,BIENAL SESC DE DANÇA - 2023,[BIENAL SESC DE DANÇA] Scars of Soul,Com Hope Azeda (Ruanda),uma,thisW,agora,qui,3,10h,undefined,2023-09-21 00:00:00,2023-09-21 00:00:00,2023-09-21 00:00:00,,,0,manhã
59000000709508,60,2,cursos e oficinas,5,Cinema,59,Cinesesc,capital,0,0,outros,,Curso QuilomboCinema e as poéticas da Encruzilhada,Com Tatiana Carvalho,primeira,thisW,agora,qui,3,19h,undefined,2023-09-21 00:00:00,2023-09-21 00:00:00,2023-09-28 00:00:00,,,0,noite
52000005450651,10,2,cursos e oficinas,6,Artes Visuais,52,24 De Maio,capital,0,0,outros,,Introdução às Ferramentas de Marcenaria (do Serrote à Serra Elétrica),com Arthur Higasi,primeira,thisW,agora,qui,3,10h,undefined,2023-09-21 00:00:00,2023-09-21 00:00:00,2023-10-26 00:00:00,,,0,manhã
52000005430743,15,2,cursos e oficinas,6,Artes Visuais,52,24 De Maio,capital,0,0,outros,Fiação,Introdução ao macramê módulo 2: painel trançado,com Melissa Maia,primeira,thisW,agora,qui,3,14h,undefined,2023-09-21 00:00:00,2023-09-21 00:00:00,2023-10-05 00:00:00,,,0,tarde
52000005404345,10,2,cursos e oficinas,6,Artes Visuais,52,24 De Maio,capital,1,0,outros,Vestimenta,Costurama - ateliê aberto de costura,com Ateliê Vivo,de-ate,sempre,agora,sempre,7,17h,undefined,2023-09-21 00:00:00,2023-09-21 00:00:00,2023-11-23 00:00:00,,,0,tarde
53000005970766,16,2,cursos e oficinas,6,Artes Visuais,53,Santana,capital,0,0,outros,,Construção de Arcade com Raspberry Pi,Com Cristiano Tito e Ronaldo Alves,primeira,thisW,agora,qui,3,19h30,undefined,2023-09-21 00:00:00,2023-09-21 00:00:00,2023-09-28 00:00:00,,,0,noite
57000007314884,15,2,cursos e oficinas,6,Artes Visuais,57,Ipiranga,capital,1,0,outros,,Lab Impressão: laboratório de experimentações impressas,com Guilherme Land e Ligia Minami,de-ate,sempre,agora,sempre,7,16h,undefined,2023-09-21 00:00:00,2023-09-21 00:00:00,2023-09-28 00:00:00,,,0,tarde
62000007963180,15,2,cursos e oficinas,6,Artes Visuais,62,Consolação,capital,0,0,outros,,Introdução ao Bordado Livre,com Jessica Rampim,primeira,thisW,agora,qui,3,14h30,undefined,2023-09-21 00:00:00,2023-09-21 00:00:00,2023-10-05 00:00:00,,,0,tarde
63000013493789,15,2,cursos e oficinas,6,Artes Visuais,63,Pompeia,capital,0,0,outros,CURSOS REGULARES PRESENCIAIS 2º SEM/2023,(turma 2) Encontros de Áfricas em Brasis,Com Ericah Azeviche e convidado: Mumu de Oliveira,primeira,thisW,agora,qui,3,19h,undefined,2023-09-21 00:00:00,2023-09-21 00:00:00,2023-11-30 00:00:00,,,0,noite
63000013493558,10,2,cursos e oficinas,6,Artes Visuais,63,Pompeia,capital,0,0,outros,CURSOS REGULARES PRESENCIAIS 2º SEM/2023,"(turma 2) Tecnologias da Intimidade: auto-imagem, vídeo e instalações",com Carine Wallauer e Victor Guerra,primeira,thisW,agora,qui,3,19h,undefined,2023-09-21 00:00:00,2023-09-21 00:00:00,2023-10-05 00:00:00,,,0,noite
63000013380559,15,2,cursos e oficinas,6,Artes Visuais,63,Pompeia,capital,0,0,outros,CURSOS REGULARES PRESENCIAIS 2º SEM/2023,Autorretrato em camadas: introdução à pintura a óleo,com Marcio Marianno,primeira,thisW,agora,qui,3,19h,undefined,2023-09-21 00:00:00,2023-09-21 00:00:00,2023-11-30 00:00:00,,,0,noite
63000013387662,20,2,cursos e oficinas,6,Artes Visuais,63,Pompeia,capital,0,0,outros,CURSOS REGULARES PRESENCIAIS 2º SEM/2023,Colagem,com Renata Cruz,primeira,thisW,agora,qui,3,10h30,undefined,2023-09-21 00:00:00,2023-09-21 00:00:00,2023-11-30 00:00:00,,,0,manhã
63000013207987,10,2,cursos e oficinas,6,Artes Visuais,63,Pompeia,capital,0,0,outros,CURSOS REGULARES PRESENCIAIS 2º SEM/2023,Construção de Rabeca,Com Fernando Barroso,primeira,thisW,agora,qui,3,10h30,undefined,2023-09-21 00:00:00,2023-09-21 00:00:00,2023-11-30 00:00:00,,,0,manhã
63000013184316,10,2,cursos e oficinas,6,Artes Visuais,63,Pompeia,capital,0,0,outros,CURSOS REGULARES PRESENCIAIS 2º SEM/2023,Detalhes da Costura: Técnicas de Acabamento,com Carmen Costa,primeira,thisW,agora,qui,3,19h,undefined,2023-09-21 00:00:00,2023-09-21 00:00:00,2023-11-30 00:00:00,,,0,noite
63000013372947,25,2,cursos e oficinas,6,Artes Visuais,63,Pompeia,capital,0,0,outros,CURSOS REGULARES PRESENCIAIS 2º SEM/2023,Eu serei o seu espelho - Introdução,com Ana Paula Albé,primeira,thisW,agora,qui,3,14h30,undefined,2023-09-21 00:00:00,2023-09-21 00:00:00,2023-10-26 00:00:00,,,0,tarde
63000013372818,11,2,cursos e oficinas,6,Artes Visuais,63,Pompeia,capital,0,0,outros,CURSOS REGULARES PRESENCIAIS 2º SEM/2023,Fotografia Analógica: do click até a cópia - Introdução,com Edison Angeloni,primeira,thisW,agora,qui,3,19h,undefined,2023-09-21 00:00:00,2023-09-21 00:00:00,2023-11-30 00:00:00,,,0,noite
63000013207445,15,2,cursos e oficinas,6,Artes Visuais,63,Pompeia,capital,0,0,outros,CURSOS REGULARES PRESENCIAIS 2º SEM/2023,Gráfica Experimental: práticas coletivas desobedientes,Com André Bonani e @RogerBeatJesus,primeira,thisW,agora,qui,3,14h30,undefined,2023-09-21 00:00:00,2023-09-21 00:00:00,2023-11-30 00:00:00,,,0,tarde
63000013207818,20,2,cursos e oficinas,6,Artes Visuais,63,Pompeia,capital,0,0,outros,CURSOS REGULARES PRESENCIAIS 2º SEM/2023,IMAGEM GRÁFICA: IMPRESSORA 3D,Com AUGUSTO SAMPAIO e RICARDO AGAPÊ,primeira,thisW,agora,qui,3,19h,undefined,2023-09-21 00:00:00,2023-09-21 00:00:00,2023-11-30 00:00:00,,,0,noite
63000013184853,10,2,cursos e oficinas,6,Artes Visuais,63,Pompeia,capital,0,0,outros,CURSOS REGULARES PRESENCIAIS 2º SEM/2023,Introdução à tecelagem manual (turma 1),com Liliam Barboza,primeira,thisW,agora,qui,3,14h30,undefined,2023-09-21 00:00:00,2023-09-21 00:00:00,2023-11-30 00:00:00,,,0,tarde
63000013184892,10,2,cursos e oficinas,6,Artes Visuais,63,Pompeia,capital,0,0,outros,CURSOS REGULARES PRESENCIAIS 2º SEM/2023,Introdução à tecelagem manual (turma 2),com Liliam Barboza,primeira,thisW,agora,qui,3,19h,undefined,2023-09-21 00:00:00,2023-09-21 00:00:00,2023-11-30 00:00:00,,,0,noite
63000013208065,15,2,cursos e oficinas,6,Artes Visuais,63,Pompeia,capital,0,0,outros,CURSOS REGULARES PRESENCIAIS 2º SEM/2023,INTRODUÇÃO ÀS TÉCNICAS DA ARTE DE MARCHETARIA MACIÇA,Com Rinaldo Ferrucio,primeira,thisW,agora,qui,3,19h,undefined,2023-09-21 00:00:00,2023-09-21 00:00:00,2023-11-30 00:00:00,,,0,noite
63000013165153,20,2,cursos e oficinas,6,Artes Visuais,63,Pompeia,capital,0,0,outros,CURSOS REGULARES PRESENCIAIS 2º SEM/2023,Luminárias em Fusing - Intermediário,com Eng Goan,primeira,thisW,agora,qui,3,19h,undefined,2023-09-21 00:00:00,2023-09-21 00:00:00,2023-11-30 00:00:00,,,0,noite
63000013163684,15,2,cursos e oficinas,6,Artes Visuais,63,Pompeia,capital,0,0,outros,CURSOS REGULARES PRESENCIAIS 2º SEM/2023,Modelagem da Figura Humana - Introdução,Com Newton Sant'anna,primeira,thisW,agora,qui,3,10h30,undefined,2023-09-21 00:00:00,2023-09-21 00:00:00,2023-11-30 00:00:00,,,0,manhã
63000013178336,10,2,cursos e oficinas,6,Artes Visuais,63,Pompeia,capital,0,0,outros,CURSOS REGULARES PRESENCIAIS 2º SEM/2023,Patchwork Outono Alegre - Intermediário,com Lena Scatolin,primeira,thisW,agora,qui,3,14h30,undefined,2023-09-21 00:00:00,2023-09-21 00:00:00,2023-11-30 00:00:00,,,0,tarde
63000013330030,15,2,cursos e oficinas,6,Artes Visuais,63,Pompeia,capital,0,0,outros,CURSOS REGULARES PRESENCIAIS 2º SEM/2023,"Tecnologias da Intimidade: auto-imagem, vídeo e instalações",com Carine Wallauer e Victor Guerra,primeira,thisW,agora,qui,3,19h,undefined,2023-09-21 00:00:00,2023-09-21 00:00:00,2023-10-05 00:00:00,,,0,noite
64000004963817,10,2,cursos e oficinas,6,Artes Visuais,64,Carmo,capital,0,0,outros,,Escultura em madeira e os mestres populares brasileiros,com Taygoara Schiavinoto,primeira,thisW,agora,qui,3,09h30,undefined,2023-09-21 00:00:00,2023-09-21 00:00:00,2023-11-30 00:00:00,,,0,manhã
65000003395770,10,2,cursos e oficinas,6,Artes Visuais,65,Av. Paulista,capital,0,0,outros,,Bordando Fotografias em Tecido,Com Betina de Tella e Patrícia Campos,primeira,thisW,agora,qui,3,10h30,undefined,2023-09-21 00:00:00,2023-09-21 00:00:00,2023-09-28 00:00:00,,,0,manhã
65000003420581,10,2,cursos e oficinas,6,Artes Visuais,65,Av. Paulista,capital,0,0,outros,,Cooperativismo de Plataforma: Como Desenvolver uma Plataforma de Trabalho Justo?,Com Gabriel Simeone e Diego Vergaças (Núcleo de Tecnologia do MTST),primeira,thisW,agora,qui,3,14h30,undefined,2023-09-21 00:00:00,2023-09-21 00:00:00,2023-09-28 00:00:00,,,0,tarde
65000003378640,12,2,cursos e oficinas,6,Artes Visuais,65,Av. Paulista,capital,0,0,outros,,Criando um oráculo pessoal: uma experiência através da arte e do tarot,Com Anike Laurita e Juliana Bernardo,primeira,thisW,agora,qui,3,19h30,undefined,2023-09-21 00:00:00,2023-09-21 00:00:00,2023-10-26 00:00:00,,,0,noite
65000003378589,12,2,cursos e oficinas,6,Artes Visuais,65,Av. Paulista,capital,0,0,outros,,Ficções reais: memória como fonte para a criação artística,Com Anike Laurita e JC Ruzza,primeira,thisW,agora,qui,3,14h30,undefined,2023-09-21 00:00:00,2023-09-21 00:00:00,2023-10-05 00:00:00,,,0,tarde
66000017052570,10,2,cursos e oficinas,6,Artes Visuais,66,Vila Mariana,capital,0,0,outros,,Estação das Linhas,,de-ate,sempre,agora,sempre,7,14h,undefined,2023-09-21 00:00:00,2023-09-21 00:00:00,2023-09-29 00:00:00,,,0,tarde
66000017421944,15,2,cursos e oficinas,6,Artes Visuais,66,Vila Mariana,capital,0,0,outros,,Tardes de Desenho Experimental,"com Thiago Ruiz, educador do Espaço de Tecnologias e Artes",uma,thisW,agora,qui,3,14h,undefined,2023-09-21 00:00:00,2023-09-21 00:00:00,2023-09-21 00:00:00,,,0,tarde
67000002816497,15,2,cursos e oficinas,6,Artes Visuais,67,São Caetano,capital,0,0,outros,,Estamparias Afrikanas,Com Japhette Ozias,uma,thisW,agora,qui,3,18h30,undefined,2023-09-21 00:00:00,2023-09-21 00:00:00,2023-10-19 00:00:00,,,0,noite
68000008467754,12,2,cursos e oficinas,6,Artes Visuais,68,Belenzinho,capital,0,0,outros,,Curso de Costura: bonecos do universo pop,Com Crica Campos do Agulha Pop,primeira,thisW,agora,qui,3,19h,undefined,2023-09-21 00:00:00,2023-09-21 00:00:00,2023-09-28 00:00:00,,,0,noite
68000008655928,20,2,cursos e oficinas,6,Artes Visuais,68,Belenzinho,capital,0,0,outros,,Ilustração de Moda: desenhando uma pequena coleção,Maíra Arcoverde,primeira,thisW,agora,qui,3,19h,undefined,2023-09-21 00:00:00,2023-09-21 00:00:00,2023-11-09 00:00:00,,,0,noite
68000008770862,15,2,cursos e oficinas,6,Artes Visuais,68,Belenzinho,capital,0,0,outros,Design.Lab,Animatrônicos,com Glauco Paiva,primeira,thisW,agora,qui,3,15h30,undefined,2023-09-21 00:00:00,2023-09-21 00:00:00,2023-09-22 00:00:00,,,0,tarde
68000008765671,20,2,cursos e oficinas,6,Artes Visuais,68,Belenzinho,capital,0,0,outros,Design.Lab,Colagens Afrofuturistas,"com William Briga, arte educador, designer, ilustrador e capoeirista",primeira,thisW,agora,qui,3,10h,undefined,2023-09-21 00:00:00,2023-09-21 00:00:00,2023-09-21 00:00:00,,,0,manhã
68000008770792,15,2,cursos e oficinas,6,Artes Visuais,68,Belenzinho,capital,0,0,outros,Design.Lab,Construção de utilitários DIY,com Glauco Paiva,primeira,thisW,agora,qui,3,19h,undefined,2023-09-21 00:00:00,2023-09-21 00:00:00,2023-09-22 00:00:00,,,0,noite
70000005486749,15,2,cursos e oficinas,6,Artes Visuais,70,Santo Amaro,capital,0,0,outros,,Armazenamento em nuvem,Com Karina Rhomberg,uma,thisW,agora,qui,3,14h,undefined,2023-09-21 00:00:00,2023-09-21 00:00:00,2023-10-19 00:00:00,,,0,tarde
70000005549713,15,2,cursos e oficinas,6,Artes Visuais,70,Santo Amaro,capital,0,0,outros,,Faça Você Mesmo: Fanzines,Com Fabio Bridges,primeira,thisW,agora,qui,3,19h,undefined,2023-09-21 00:00:00,2023-09-21 00:00:00,2023-09-28 00:00:00,,,0,noite
73000004965219,12,2,cursos e oficinas,6,Artes Visuais,73,Guarulhos,capital,0,0,idosos,,Para Perder o Medo do Computador,com educadores do ETA,primeira,thisW,agora,qui,3,10h,undefined,2023-09-21 00:00:00,2023-09-21 00:00:00,2023-10-05 00:00:00,,,0,manhã
73000004738798,15,2,cursos e oficinas,6,Artes Visuais,73,Guarulhos,capital,0,0,outros,,Moda e Impressão 3D: Esculturas Corporais,Com Emerson Freire e Lui Beraldo,primeira,thisW,agora,qui,3,18h30,undefined,2023-09-21 00:00:00,2023-09-21 00:00:00,2023-10-05 00:00:00,,,0,noite
76000004310346,30,2,cursos e oficinas,6,Artes Visuais,76,Ribeirão Preto,interior,0,0,jovens,,Juventudes no ETA,Com educadores do Espaço de Tecnologias e Artes,de-ate,sempre,agora,sempre,7,13h,undefined,2023-09-21 00:00:00,2023-09-21 00:00:00,2023-12-28 00:00:00,,,0,tarde
77000311318546,15,2,cursos e oficinas,6,Artes Visuais,77,S. J. Campos,interior,0,0,outros,,Crochê Contemporâneo,Com Nádia Pupo,primeira,thisW,agora,qui,3,19h,undefined,2023-09-21 00:00:00,2023-09-21 00:00:00,2023-10-05 00:00:00,,,0,noite
77000311318575,15,2,cursos e oficinas,6,Artes Visuais,77,S. J. Campos,interior,1,0,outros,,Bordado em folha seca - turma 1,Com Nádia Pupo,primeira,thisW,agora,qui,3,14h30,undefined,2023-09-21 00:00:00,2023-09-21 00:00:00,2023-09-21 00:00:00,,,0,tarde
80000004976715,20,2,cursos e oficinas,6,Artes Visuais,80,Bauru,interior,0,0,outros,,Bordado: pintura de agulha,"Com Alex Morais, arte-educador.",primeira,thisW,agora,qui,3,19h,undefined,2023-09-21 00:00:00,2023-09-21 00:00:00,2023-09-22 00:00:00,,,0,noite
83000003937127,20,2,cursos e oficinas,6,Artes Visuais,83,Piracicaba,interior,0,0,outros,,Boneca africana em papel jornal,"Com Oswaldo Adilio Braz Junior, artesão",primeira,thisW,agora,qui,3,14h,undefined,2023-09-21 00:00:00,2023-09-21 00:00:00,2023-09-28 00:00:00,,,0,tarde
84000005468487,10,2,cursos e oficinas,6,Artes Visuais,84,Rio Preto,interior,1,0,outros,,Laboratório de Costura Criativa,com Educadores do Tecnologias e Artes,uma,thisW,agora,qui,3,15h,undefined,2023-09-21 00:00:00,2023-09-21 00:00:00,2023-09-28 00:00:00,,,0,tarde
85000003063249,10,2,cursos e oficinas,6,Artes Visuais,85,Birigui,interior,0,0,outros,,Brincando com sons,Com Deva Bhakta e Natásia dos Anjos,de-ate,sempre,agora,sempre,7,16h,undefined,2023-09-21 00:00:00,2023-09-21 00:00:00,2023-09-24 00:00:00,,,0,tarde
85000003199370,10,2,cursos e oficinas,6,Artes Visuais,85,Birigui,interior,1,0,outros,,Manutenção de bikes,Com Deva Bhakta,uma,thisW,agora,qui,3,16h,undefined,2023-09-21 00:00:00,2023-09-21 00:00:00,2023-09-21 00:00:00,,,0,tarde
86000004025772,15,2,cursos e oficinas,6,Artes Visuais,86,Araraquara,interior,1,0,outros,,Prensa para Secar Folhas e Flores,com Ana Mendoza educadora de Tecnologias e Artes,primeira,thisW,agora,qui,3,19h,undefined,2023-09-21 00:00:00,2023-09-21 00:00:00,2023-09-21 00:00:00,,,0,noite
87000002990520,15,2,cursos e oficinas,6,Artes Visuais,87,Prudente,interior,0,0,idosos,Trabalho Social com Idosos,Redes Sociais,Com Educador do Espaço de Tecnologias e Artes,primeira,thisW,agora,qui,3,14h30,undefined,2023-09-21 00:00:00,2023-09-21 00:00:00,2023-09-28 00:00:00,,,0,tarde
89000001322915,30,2,cursos e oficinas,6,Artes Visuais,89,CPF,capital,0,0,outros,Cursos e Palestras,A vida como uma obra de arte e o cuidar de si: artistas mulheres,Com Xenia Salvetti,primeira,thisW,agora,qui,3,19h,undefined,2023-09-21 00:00:00,2023-09-21 00:00:00,2023-10-19 00:00:00,,,0,noite
89000000987119,20,2,cursos e oficinas,6,Artes Visuais,89,CPF,capital,0,0,outros,Cursos e Palestras,Programa de Orientação de Projetos em Artes Visuais 2023,"Com Claudinei Roberto da Silva, Gustavo Torrezan e convidades",primeira,thisW,agora,qui,3,09h30,undefined,2023-09-21 00:00:00,2023-09-21 00:00:00,2023-12-14 00:00:00,,,0,manhã
93000005848997,15,2,cursos e oficinas,6,Artes Visuais,93,Jundiaí,interior,0,0,outros,,A Câmera: da Fotografia ao Vídeo,Com Lucas Trabachini educador de Tecnologias e Artes,primeira,thisW,agora,qui,3,10h,undefined,2023-09-21 00:00:00,2023-09-21 00:00:00,2023-10-05 00:00:00,,,0,manhã
93000005834156,12,2,cursos e oficinas,6,Artes Visuais,93,Jundiaí,interior,0,0,outros,,Estamparia com Fabricação Digital,Com educador Felipe Calixtre,primeira,thisW,agora,qui,3,19h,undefined,2023-09-21 00:00:00,2023-09-21 00:00:00,2023-10-05 00:00:00,,,0,noite
94000006183948,15,2,cursos e oficinas,6,Artes Visuais,94,Bom Retiro,capital,0,0,outros,Cursos Regulares 2º Semestre 2023,"Escaneamento, Modelagem e Impressão 3D",com Herbert Baioco,primeira,thisW,agora,qui,3,19h,undefined,2023-09-21 00:00:00,2023-09-21 00:00:00,2023-11-30 00:00:00,,,0,noite
94000006184751,15,2,cursos e oficinas,6,Artes Visuais,94,Bom Retiro,capital,0,0,outros,Cursos Regulares 2º Semestre 2023,Estamparia Manual,com Joyce Melguiso,primeira,thisW,agora,qui,3,14h,undefined,2023-09-21 00:00:00,2023-09-21 00:00:00,2023-10-26 00:00:00,,,0,tarde
94000006113138,15,2,cursos e oficinas,6,Artes Visuais,94,Bom Retiro,capital,0,0,outros,Cursos Regulares 2º Semestre 2023,Marchetaria e Fabricação Digital,Fernanda Tosta e João Millan,primeira,thisW,agora,qui,3,09h,undefined,2023-09-21 00:00:00,2023-09-21 00:00:00,2023-10-26 00:00:00,,,0,manhã
96000317020914,12,2,cursos e oficinas,6,Artes Visuais,96,Sorocaba,interior,0,0,outros,Cursos Livres,"Modelagem Oversize, Geométrica e Tridimensional","Com Cora Machadore, designer de moda",primeira,thisW,agora,qui,3,19h,undefined,2023-09-21 00:00:00,2023-09-21 00:00:00,2023-11-16 00:00:00,,,0,noite
96000322555170,15,2,cursos e oficinas,6,Artes Visuais,96,Sorocaba,interior,1,0,outros,,Oficina: Macramê,"Com Maria Gabrielle Oliveira, artesã",de-ate,sempre,agora,sempre,7,14h,undefined,2023-09-21 00:00:00,2023-09-21 00:00:00,2023-09-28 00:00:00,,,0,tarde
78000006669749,25,2,cursos e oficinas,7,Literatura,78,Santos,interior,0,0,outros,,Criação literária: De ficcionista para ficcionista: da ideia à história,com escritor Javier A. Contreras,uma,thisW,agora,qui,3,19h,undefined,2023-09-21 00:00:00,2023-09-21 00:00:00,2023-10-05 00:00:00,,,0,noite
82000005084301,20,2,cursos e oficinas,7,Literatura,82,São Carlos,interior,1,0,outros,Espaço de Brincar,Que livro é esse?,com educadoras do Espaço de Brincar,de-ate,sempre,agora,sempre,7,16h,undefined,2023-09-21 00:00:00,2023-09-21 00:00:00,2023-10-26 00:00:00,,,0,tarde
83000004008650,50,2,cursos e oficinas,7,Literatura,83,Piracicaba,interior,1,0,outros,,Declamação de Poesias Inéditas,70º Concurso Gustavo Teixeira de Poesias Inéditas de São Pedro,uma,thisW,agora,qui,3,10h,undefined,2023-09-21 00:00:00,2023-09-21 00:00:00,2023-09-21 00:00:00,,,0,manhã
89000001278042,30,2,cursos e oficinas,7,Literatura,89,CPF,capital,0,0,outros,Cursos e Palestras,Poéticas da Narração - vozes encantatórias femininas,"Com Tininha Calazans - atriz, narradora, pesquisadora e artista educadora, pós-graduada em ""Narração Artística"" pela A Casa Tombada - Faconnect.",primeira,thisW,agora,qui,3,16h,undefined,2023-09-21 00:00:00,2023-09-21 00:00:00,2023-10-05 00:00:00,,,0,tarde
68000008737993,10,2,cursos e oficinas,8,Educação,68,Belenzinho,capital,1,0,outros,Virada Sustentável,Oficina de absorventes reutilizáveis,com Michele Carvalho,uma,thisW,agora,qui,3,14h,undefined,2023-09-21 00:00:00,2023-09-21 00:00:00,2023-09-28 00:00:00,,,0,tarde
70000005636781,50,2,cursos e oficinas,8,Educação,70,Santo Amaro,capital,0,0,jovens,Juventudes,Juventudes - Turma A* 2023,Turmas terças e quintas,primeira,thisW,agora,qui,3,15h,undefined,2023-09-21 00:00:00,2023-09-21 00:00:00,2023-11-30 00:00:00,,,0,tarde
71000004409509,160,2,cursos e oficinas,8,Educação,71,Bertioga,interior,0,0,crianças,Curumim,Oficina de Sanduba,Oficina de Sanduíche com as crianças do Programa Curumim,de-ate,sempre,agora,sempre,7,14h,undefined,2023-09-21 00:00:00,2023-09-21 00:00:00,2023-09-22 00:00:00,1,Audioguia,0,tarde
71000004359719,20,2,cursos e oficinas,8,Educação,71,Bertioga,interior,0,0,jovens,Juventudes: Arte e Território 2023,MC,Com U-CHINA A.K.A MIYAGI,primeira,thisW,agora,qui,3,19h,undefined,2023-09-21 00:00:00,2023-09-21 00:00:00,2023-11-16 00:00:00,,,0,noite
73000004913543,20,2,cursos e oficinas,8,Educação,73,Guarulhos,capital,0,0,outros,,[Curso Online] Português como Língua Estrangeira,"Com Senac Guarulhos, Subsecretaria da Igualdade Racial e ASBRAD",primeira,thisW,agora,qui,3,08h,undefined,2023-09-21 00:00:00,2023-09-21 00:00:00,2023-11-14 00:00:00,,,0,manhã
76000004515969,110,2,cursos e oficinas,8,Educação,76,Ribeirão Preto,interior,0,0,jovens,Curumim,Oficina de bonecos de feltro personalizados,Com Maria Nabão,uma,thisW,agora,qui,3,14h,undefined,2023-09-21 00:00:00,2023-09-21 00:00:00,2023-09-22 00:00:00,,,0,tarde
76000004515969,110,2,cursos e oficinas,8,Educação,76,Ribeirão Preto,interior,0,0,jovens,Curumim,Oficina de bonecos de feltro personalizados,Com Maria Nabão,uma,thisW,agora,qui,3,17h30,undefined,2023-09-21 00:00:00,2023-09-21 00:00:00,2023-09-22 00:00:00,,,0,tarde
78000006480166,80,2,cursos e oficinas,8,Educação,78,Santos,interior,0,0,crianças,Curumim,Curumim - Horário livre,,primeira,thisW,agora,qui,3,15h,undefined,2023-09-21 00:00:00,2023-09-21 00:00:00,2023-11-30 00:00:00,,,0,tarde
80000005009783,100,2,cursos e oficinas,8,Educação,80,Bauru,interior,0,0,outros,,EMDURB - Educação para o trânsito,Com Setor Educação EMDURB,de-ate,sempre,agora,sempre,7,14h,undefined,2023-09-21 00:00:00,2023-09-21 00:00:00,2023-09-22 00:00:00,,,0,tarde
80000005015097,100,2,cursos e oficinas,8,Educação,80,Bauru,interior,0,0,outros,,EMDURB - Educação para o trânsito,Com Setor Educação EMDURB.,de-ate,sempre,agora,sempre,7,14h,undefined,2023-09-21 00:00:00,2023-09-21 00:00:00,2023-09-22 00:00:00,,,0,tarde
80000005029520,15,2,cursos e oficinas,8,Educação,80,Bauru,interior,1,0,idosos,,Iniciando no smartphone: um bê-á-bá para pessoas idosas,"Com Bruno Müller, educador de tecnologias e artes do Sesc.",primeira,thisW,agora,qui,3,14h,undefined,2023-09-21 00:00:00,2023-09-21 00:00:00,2023-09-21 00:00:00,,,0,tarde
83000004060711,50,2,cursos e oficinas,8,Educação,83,Piracicaba,interior,0,0,outros,,"Negras vivências: brincadeira, música, dança e alimentação",Com chef Will e convidados,uma,thisW,agora,qui,3,19h,undefined,2023-09-21 00:00:00,2023-09-21 00:00:00,2023-09-21 00:00:00,,,0,noite
83000003489499,900,2,cursos e oficinas,8,Educação,83,Piracicaba,interior,1,0,outros,,Educação Antirracista - Sesc Empresas,,de-ate,sempre,agora,sempre,7,10h,undefined,2023-09-21 00:00:00,2023-09-21 00:00:00,2023-10-12 00:00:00,,,0,manhã
88000005127013,20,2,cursos e oficinas,8,Educação,88,Santo André,capital,0,0,outros,Cursos e Oficinas 2023,"Barba, cabelo e bate-papo",Emerson Tadeu de Lelis,primeira,thisW,agora,qui,3,14h,undefined,2023-09-21 00:00:00,2023-09-21 00:00:00,2023-12-14 00:00:00,,,0,tarde
89000001315656,60,2,cursos e oficinas,8,Educação,89,CPF,capital,0,0,outros,,"Inventário Participativo, patrimônio cultural e museologia social",João Paulo Vieira,primeira,thisW,agora,qui,3,10h,undefined,2023-09-21 00:00:00,2023-09-21 00:00:00,2023-10-05 00:00:00,,,0,manhã
89000001188995,30,2,cursos e oficinas,8,Educação,89,CPF,capital,0,0,outros,Cursos e Palestras,Elaborando críticas curatoriais: percursos compartilhados,Com Luciara Ribeiro e Khadyg Fares,primeira,thisW,agora,qui,3,16h,undefined,2023-09-21 00:00:00,2023-09-21 00:00:00,2023-10-05 00:00:00,,,0,tarde
89000001279801,30,2,cursos e oficinas,8,Educação,89,CPF,capital,0,0,outros,Cursos e Palestras,Fluxos e contrafluxos: ideias para pensar o mundo hoje,"Com Alexandre Bispo, Jean Tible, José Bento Ferreira, Juliana Fausto, Mariana Pombo entre outros.",primeira,thisW,agora,qui,3,19h,undefined,2023-09-21 00:00:00,2023-09-21 00:00:00,2023-10-26 00:00:00,,,0,noite
91000002183290,15,2,cursos e oficinas,8,Educação,91,Campo Limpo,capital,0,0,jovens,,Programa Juventudes,,primeira,thisW,agora,qui,3,15h,undefined,2023-09-21 00:00:00,2023-09-21 00:00:00,2023-11-30 00:00:00,,,0,tarde
91000002149898,20,2,cursos e oficinas,8,Educação,91,Campo Limpo,capital,0,0,outros,Lab Valoriza,Reciclando Papel e Transformando em Produto.,"Com Sulália de Souza e Betânia Maria, do Papel de Mulher.",primeira,thisW,agora,qui,3,14h,undefined,2023-09-21 00:00:00,2023-09-21 00:00:00,2023-09-29 00:00:00,,,0,tarde
94000006183669,15,2,cursos e oficinas,8,Educação,94,Bom Retiro,capital,1,0,crianças,Criar: Crianças e suas Rotinas,Abracabana,com Volta e Meia,uma,thisW,agora,qui,3,17h,undefined,2023-09-21 00:00:00,2023-09-21 00:00:00,2023-09-21 00:00:00,,,0,tarde
94000006206058,15,2,cursos e oficinas,8,Educação,94,Bom Retiro,capital,1,0,crianças,Criar: Crianças e suas Rotinas,Cantigas de Berço,com Ligia Fiocco,uma,thisW,agora,qui,3,10h30,undefined,2023-09-21 00:00:00,2023-09-21 00:00:00,2023-09-28 00:00:00,,,0,manhã
96000320561826,75,2,cursos e oficinas,8,Educação,96,Sorocaba,interior,0,0,crianças,Curumim,CURUMIM MANHÃ,com equipe do infantojuvenil,primeira,thisW,agora,qui,3,07h30,undefined,2023-09-21 00:00:00,2023-09-21 00:00:00,2023-12-01 00:00:00,,,0,manhã
56000005009962,90,2,cursos e oficinas,9,Meio Ambiente,56,Itaquera,capital,0,0,outros,,Minha Muda Muda o Mundo,Curso de Hortas para as instituições do Mesa Brasil. Com Projeto Ramificando,primeira,thisW,agora,qui,3,14h,undefined,2023-09-21 00:00:00,2023-09-21 00:00:00,2023-10-06 00:00:00,,,0,tarde
57000007420321,90,2,cursos e oficinas,9,Meio Ambiente,57,Ipiranga,capital,0,0,outros,Virada Sustentável,Curso Horta e Qualidade de Vida,Com Urban Farm,primeira,thisW,agora,qui,3,19h,undefined,2023-09-21 00:00:00,2023-09-21 00:00:00,2023-09-22 00:00:00,,,0,noite
62000007591788,80,2,cursos e oficinas,9,Meio Ambiente,62,Consolação,capital,1,0,outros,,Feira Agroecológica e práticas sustentáveis,Com agricultores de assentamentos do MST da Grande São Paulo - Cooperativa Terra e Liberdade,uma,thisW,agora,qui,3,11h,undefined,2023-09-21 00:00:00,2023-09-21 00:00:00,2023-12-14 00:00:00,,,0,manhã
64000004972470,30,2,cursos e oficinas,9,Meio Ambiente,64,Carmo,capital,0,0,outros,,Introdução à Permacultura e Aplicações no Meio Urbano,Com Arboreser,primeira,thisW,agora,qui,3,14h,undefined,2023-09-21 00:00:00,2023-09-21 00:00:00,2023-09-28 00:00:00,,,0,tarde
66000016720010,40,2,cursos e oficinas,9,Meio Ambiente,66,Vila Mariana,capital,0,0,crianças,Conferência Espaços Naturalizados para as Infâncias,Prainha de dentro,acolhimento para famílias com bebês - por Graziela Kunsch,uma,thisW,agora,qui,3,09h,undefined,2023-09-21 00:00:00,2023-09-21 00:00:00,2023-09-21 00:00:00,,,0,manhã
66000016719981,20,2,cursos e oficinas,9,Meio Ambiente,66,Vila Mariana,capital,0,0,crianças,Conferência Espaços Naturalizados para as Infâncias,Prainha do Teatro,acolhimento para famílias com bebês - por Graziela Kunsch,uma,thisW,agora,qui,3,09h,undefined,2023-09-21 00:00:00,2023-09-21 00:00:00,2023-09-21 00:00:00,,,0,manhã
66000016645029,120,2,cursos e oficinas,9,Meio Ambiente,66,Vila Mariana,capital,0,0,outros,Conferência Espaços Naturalizados para as Infâncias,Gabiroba - Roda de Congo,com Jonathan Silva e Coletivo Gabiroba,uma,thisW,agora,qui,3,19h,undefined,2023-09-21 00:00:00,2023-09-21 00:00:00,2023-09-21 00:00:00,,,0,noite
76000004346269,15,2,cursos e oficinas,9,Meio Ambiente,76,Ribeirão Preto,interior,0,0,outros,,Oficinas Criativas - Design de Iluminação e mobiliário, Com André Costa,uma,thisW,agora,qui,3,13h,undefined,2023-09-21 00:00:00,2023-09-21 00:00:00,2023-09-28 00:00:00,,,0,tarde
80000005103671,15,2,cursos e oficinas,9,Meio Ambiente,80,Bauru,interior,0,0,idosos,,"PANCs - Cultivo, Nutrição e Saúde para Pessoas Idosas (Turma 2)",Com Canto da Horta.,uma,thisW,agora,qui,3,14h,undefined,2023-09-21 00:00:00,2023-09-21 00:00:00,2023-09-21 00:00:00,,,0,tarde
52000005334737,40,3,debates e paletras,10,Saúde,52,24 De Maio,capital,0,0,outros,Sabores no Centro,O papel do mercado municipal Kinjo Yamato e zona cerealista na cena gastronômica,Com Chef Luiz Campiglia,uma,thisW,agora,qui,3,19h30,undefined,2023-09-21 00:00:00,2023-09-21 00:00:00,2023-09-21 00:00:00,,,0,noite
57000007340925,40,3,debates e paletras,10,Saúde,57,Ipiranga,capital,0,0,outros,,Oficina culinária Mesa Brasil: Receitas com Pescados,Com Jane Glebia,de-ate,sempre,agora,sempre,7,14h,undefined,2023-09-21 00:00:00,2023-09-21 00:00:00,2023-09-21 00:00:00,,,0,tarde
89000001350981,50,3,debates e paletras,10,Saúde,89,CPF,capital,0,0,outros,Cursos e Palestras,A Covid-19 e a poesia brasileira,Leandro Noronha da Fonseca,uma,thisW,agora,qui,3,16h30,undefined,2023-09-21 00:00:00,2023-09-21 00:00:00,2023-09-21 00:00:00,,,0,tarde
57000007241206,40,3,debates e paletras,14,Outros,57,Ipiranga,capital,0,0,outros, Festival da Integração,Festival da Integração,,uma,thisW,agora,qui,3,10h,undefined,2023-09-21 00:00:00,2023-09-21 00:00:00,2023-09-24 00:00:00,,,0,manhã
71000004440012,35,3,debates e paletras,14,Outros,71,Bertioga,interior,0,0,idosos, Festival da Integração,Camarim coletivo,,uma,thisW,agora,qui,3,07h,undefined,2023-09-21 00:00:00,2023-09-21 00:00:00,2023-09-24 00:00:00,,,0,manhã
71000004439936,15,3,debates e paletras,14,Outros,71,Bertioga,interior,0,0,idosos, Festival da Integração,Secretaria Festival da Integração,,uma,thisW,agora,qui,3,07h,undefined,2023-09-21 00:00:00,2023-09-21 00:00:00,2023-09-24 00:00:00,,,0,manhã
81000004338986,30,3,debates e paletras,14,Outros,81,Taubaté,interior,0,0,jovens,Juventudes,Juventudes 2023 - 13 a 17 anos,com Educadores do Programa Juventudes,uma,thisW,agora,qui,3,18h,undefined,2023-09-21 00:00:00,2023-09-21 00:00:00,2023-12-07 00:00:00,,,0,noite
52000005497909,80,3,debates e paletras,7,Literatura,52,24 De Maio,capital,1,0,outros,,Diálogos da cultura periférica,"Com Sérgio Vaz, Helena Silvestre e Brenalta Mc. Mediação de Rodrigo Ciríaco.",uma,thisW,agora,qui,3,19h,undefined,2023-09-21 00:00:00,2023-09-21 00:00:00,2023-09-21 00:00:00,1,Tradução em Libras,0,noite
71000004440568,700,3,debates e paletras,8,Educação,71,Bertioga,interior,0,0,idosos, Festival da Integração,Coordenação de Guias,,uma,thisW,agora,qui,3,10h,undefined,2023-09-21 00:00:00,2023-09-21 00:00:00,2023-09-24 00:00:00,,,0,manhã
73000004988597,40,3,debates e paletras,8,Educação,73,Guarulhos,capital,0,0,idosos,,Festival da Integração,Centro de Férias Bertioga (SP),uma,thisW,agora,qui,3,09h,undefined,2023-09-21 00:00:00,2023-09-21 00:00:00,2023-09-24 00:00:00,,,0,manhã
81000004237879,58,3,debates e paletras,8,Educação,81,Taubaté,interior,1,0,outros,"Rima, som e imagem",batalha de Mc's,com Duelo de rua,uma,thisW,agora,qui,3,19h30,undefined,2023-09-21 00:00:00,2023-09-21 00:00:00,2023-09-21 00:00:00,,,0,noite
84000005441513,30,3,debates e paletras,8,Educação,84,Rio Preto,interior,1,0,jovens,Juventudes - Rio Preto,Setembro Amarelo: Um Papo sobre Adolescência e Saúde Mental,"com Simone Secco, médica psiquiatra da infância e adolescência",uma,thisW,agora,qui,3,15h30,undefined,2023-09-21 00:00:00,2023-09-21 00:00:00,2023-09-21 00:00:00,,,0,tarde
89000001426038,500,3,debates e paletras,8,Educação,89,CPF,capital,0,0,outros,,Sesc Ideias Mês da Mobilidade: as transformações de Buenos Aires,"Lucila Capelli,Juan Vacas, Leticia Sabino",uma,thisW,agora,qui,3,16h,undefined,2023-09-21 00:00:00,2023-09-21 00:00:00,2023-09-21 00:00:00,,,0,tarde
89000001346756,45,3,debates e paletras,8,Educação,89,CPF,capital,0,0,outros,Autografias,Autografias: Tá todo mundo rindo?,"Com Desiree Helissa Casale, Paloma Barbosa e Comédia Sentada",uma,thisW,agora,qui,3,19h30,undefined,2023-09-21 00:00:00,2023-09-21 00:00:00,2023-09-21 00:00:00,1,Tradução em Libras,0,noite
93000005818742,30,3,debates e paletras,8,Educação,93,Jundiaí,interior,0,0,jovens,Juventudes,Juventudes e Saúde Mental,com Ardiles Vitor dos Santos,uma,thisW,agora,qui,3,15h,undefined,2023-09-21 00:00:00,2023-09-21 00:00:00,2023-09-21 00:00:00,,,0,tarde
93000005808816,30,3,debates e paletras,8,Educação,93,Jundiaí,interior,1,0,outros,Persona - Arte LGBTQIAPN+,Conhecendo a Arte Drag,"Com Icona Pink, Divinna Synik e mediação de Anubis Blackwood",uma,thisW,agora,qui,3,19h30,undefined,2023-09-21 00:00:00,2023-09-21 00:00:00,2023-09-21 00:00:00,,,0,noite
62000007579251,30,3,debates e paletras,9,Meio Ambiente,62,Consolação,capital,1,0,outros,,Agro(ecologia) é prosa!,Com agricultores de assentamentos do MST da Grande São Paulo - Cooperativa Terra e Liberdade,uma,thisW,agora,qui,3,12h,undefined,2023-09-21 00:00:00,2023-09-21 00:00:00,2023-09-21 00:00:00,,,0,tarde
58000006421613,100,4,exposições,6,Artes Visuais,58,Pinheiros,capital,0,0,outros,,MURAL - Yame Awa Kawanai,com Coletivo Mahku,de-ate,sempre,agora,sempre,7,10h,undefined,2023-09-21 00:00:00,2023-09-21 00:00:00,2023-09-24 00:00:00,,,0,manhã
58000006619968,3000,4,exposições,6,Artes Visuais,58,Pinheiros,capital,0,0,outros,,Techné - Tecnologia do processo criativo,com André Costa,de-ate,sempre,agora,sempre,7,10h,undefined,2023-09-21 00:00:00,2023-09-21 00:00:00,2023-12-30 00:00:00,,,0,manhã
58000006425341,7000,4,exposições,6,Artes Visuais,58,Pinheiros,capital,0,0,outros,Retratistas da Morro,Visita Mediada - Ação Educativa - Retratistas do Morro,Curadoria de Guilherme Cunha,de-ate,sempre,agora,sempre,7,10h30,undefined,2023-09-21 00:00:00,2023-09-21 00:00:00,2024-01-28 00:00:00,1,Audiodescrição  Recursos Táteis  Tradução em Libras,0,manhã
63000012829509,20,4,exposições,6,Artes Visuais,63,Pompeia,capital,1,0,outros,Visitas Patrimoniais,Visitas Patrimoniais: a Fábrica da Lina (visitas escolares/agendadas),,de-ate,sempre,agora,sempre,7,10h,undefined,2023-09-21 00:00:00,2023-09-21 00:00:00,2023-11-24 00:00:00,,,0,manhã
67000002687258,550,4,exposições,6,Artes Visuais,67,São Caetano,capital,0,0,outros,Na Palma da Mão: exposição ateliê,Na Palma da Mão: exposição ateliê,,de-ate,sempre,agora,sempre,7,08h,undefined,2023-09-21 00:00:00,2023-09-21 00:00:00,2023-11-25 00:00:00,,,0,manhã
72000000561811,300,4,exposições,6,Artes Visuais,72,Mogi Das Cruzes,capital,1,0,outros,Exposição Xilograffiti,Exposição Xilograffiti,,de-ate,sempre,agora,sempre,7,13h30,undefined,2023-09-21 00:00:00,2023-09-21 00:00:00,2023-12-10 00:00:00,,,0,tarde
72000000562390,300,4,exposições,6,Artes Visuais,72,Mogi Das Cruzes,capital,1,0,outros,Exposição Xilograffiti,Visita Mediada - Exposição Xilograffiti,Visita mediada,de-ate,sempre,agora,sempre,7,13h30,undefined,2023-09-21 00:00:00,2023-09-21 00:00:00,2023-12-08 00:00:00,,,0,tarde
77000308090846,1000,4,exposições,6,Artes Visuais,77,S. J. Campos,interior,1,0,outros,FestA! - Festival de Aprender 2023,Pintura Mural - A Manualidade,com Duo Antúrio,de-ate,sempre,agora,sempre,7,07h,undefined,2023-09-21 00:00:00,2023-09-21 00:00:00,2023-12-30 00:00:00,,,0,manhã
83000003950911,200,4,exposições,6,Artes Visuais,83,Piracicaba,interior,0,0,outros,CRIA_experiências de invenção,CRIA_experiências de invenção (Visita mediada à exposição),,de-ate,sempre,agora,sempre,7,08h,undefined,2023-09-21 00:00:00,2023-09-21 00:00:00,2023-10-29 00:00:00,,,0,manhã
83000003962691,200,4,exposições,6,Artes Visuais,83,Piracicaba,interior,0,0,outros,CRIA_experiências de invenção,CRIA_experiências de invenção.,visita sem mediação e custos,de-ate,sempre,agora,sempre,7,08h,undefined,2023-09-21 00:00:00,2023-09-21 00:00:00,2023-10-29 00:00:00,,,0,manhã
84000005100686,7000,4,exposições,6,Artes Visuais,84,Rio Preto,interior,0,0,outros,"Exposição ""Outros Navios: Fotografias de Eustáquio Neves""",Visita mediada - Outros Navios: Fotografias de Eustáquio Neves,,de-ate,sempre,agora,sempre,7,08h,undefined,2023-09-21 00:00:00,2023-09-21 00:00:00,2023-12-01 00:00:00,,,0,manhã
84000005100365,7000,4,exposições,6,Artes Visuais,84,Rio Preto,interior,1,0,outros,"Exposição ""Outros Navios: Fotografias de Eustáquio Neves""",Outros Navios: Fotografias de Eustáquio Neves,Curadoria: Eder Chiodetto,de-ate,sempre,agora,sempre,7,13h,undefined,2023-09-21 00:00:00,2023-09-21 00:00:00,2023-12-03 00:00:00,,,0,tarde
86000003641063,5000,4,exposições,6,Artes Visuais,86,Araraquara,interior,1,0,outros,Pequenas Pedras Polidas: Azulejaria no Acervo Sesc e Coleções,Pequenas Pedras Polidas: Azulejaria no Acervo Sesc e Coleções,,de-ate,sempre,agora,sempre,7,13h,undefined,2023-09-21 00:00:00,2023-09-21 00:00:00,2024-01-28 00:00:00,,,0,tarde
93000005803465,120,4,exposições,6,Artes Visuais,93,Jundiaí,interior,1,0,outros,blz - Ocupação Mônica Nador + JAMAC,blz  - Visitas Mediadas Exposição,Ocupação Mônica Nador + JAMAC,de-ate,sempre,agora,sempre,7,09h30,undefined,2023-09-21 00:00:00,2023-09-21 00:00:00,2023-12-01 00:00:00,,,0,manhã
94000005802243,200,4,exposições,6,Artes Visuais,94,Bom Retiro,capital,0,0,outros,Karingana - Presenças negras no livro para as infâncias,Karingana - Presenças negras no livro para as infâncias,,de-ate,sempre,agora,sempre,7,09h,undefined,2023-09-21 00:00:00,2023-09-21 00:00:00,2024-01-28 00:00:00,1,Audiodescrição  Recursos Táteis  Tradução em Libras  Audioguia,0,manhã
56000005089205,200,4,exposições,7,Literatura,56,Itaquera,capital,1,0,outros,,Ilustríssima Ilustradora - Elisa Carareto - A Avó Amarela - CPTM Itam Paulista,"Rua Cordão de São Francisco, alt. 767 - Itaim Paulista - São Paulo/SP",de-ate,sempre,agora,sempre,7,10h,undefined,2023-09-21 00:00:00,2023-09-21 00:00:00,2023-11-30 00:00:00,,,0,manhã
52000005462260,40,4,exposições,8,Educação,52,24 De Maio,capital,0,0,idosos,,Festival da Integração 20 a 24 de setembro.,Trabalho Social com Pessoas Idosas - Ação em Rede - Sesc Bertioga,de-ate,sempre,agora,sempre,7,08h,undefined,2023-09-21 00:00:00,2023-09-21 00:00:00,2023-09-24 00:00:00,,,0,manhã
63000013768771,30,4,exposições,8,Educação,63,Pompeia,capital,0,0,outros,Espaço de Brincar,Visita Mediada no Espaço de Brincar,,de-ate,sempre,agora,sempre,7,14h,undefined,2023-09-21 00:00:00,2023-09-21 00:00:00,2023-10-27 00:00:00,,,0,tarde
64000005003233,40,4,exposições,8,Educação,64,Carmo,capital,0,0,idosos, Festival da Integração,Festival da Integração 2023,,de-ate,sempre,agora,sempre,7,07h30,undefined,2023-09-21 00:00:00,2023-09-21 00:00:00,2023-09-24 00:00:00,,,0,manhã
70000005602533,40,4,exposições,8,Educação,70,Santo Amaro,capital,0,0,idosos,,Festival da Integração,,de-ate,sempre,agora,sempre,7,15h,undefined,2023-09-21 00:00:00,2023-09-21 00:00:00,2023-09-24 00:00:00,,,0,tarde
73000004889348,100,4,exposições,8,Educação,73,Guarulhos,capital,0,0,jovens,Vozes em Nós: as Juventudes com a Palavra,Ocupação: Vozes em nós: as juventudes com a palavra,com Educadores do Programa Juventudes,de-ate,sempre,agora,sempre,7,11h,undefined,2023-09-21 00:00:00,2023-09-21 00:00:00,2023-09-24 00:00:00,,,0,manhã
78000006704124,40,4,exposições,8,Educação,78,Santos,interior,0,0,outros,,Festival de Integração em Bertioga,,de-ate,sempre,agora,sempre,7,07h,undefined,2023-09-21 00:00:00,2023-09-21 00:00:00,2023-09-24 00:00:00,,,0,manhã
79000003149585,44,4,exposições,8,Educação,79,Catanduva,interior,0,0,outros, Festival da Integração,TSI Festival da Integração 2023,Bertioga,de-ate,sempre,agora,sempre,7,07h,undefined,2023-09-21 00:00:00,2023-09-21 00:00:00,2023-09-24 00:00:00,,,0,manhã
82000004985719,42,4,exposições,8,Educação,82,São Carlos,interior,0,0,idosos,,Festival da Integração,,de-ate,sempre,agora,sempre,7,07h,undefined,2023-09-21 00:00:00,2023-09-21 00:00:00,2023-09-24 00:00:00,,,0,manhã
88000005105280,40,4,exposições,8,Educação,88,Santo André,capital,0,0,idosos,,Festival da Integração,no Sesc Bertioga,de-ate,sempre,agora,sempre,7,08h,undefined,2023-09-21 00:00:00,2023-09-21 00:00:00,2023-09-24 00:00:00,,,0,manhã
91000002165011,42,4,exposições,8,Educação,91,Campo Limpo,capital,0,0,idosos,,Festival da integração - Sesc Bertioga,De 20 a 24/09,de-ate,sempre,agora,sempre,7,08h,undefined,2023-09-21 00:00:00,2023-09-21 00:00:00,2023-09-24 00:00:00,,,0,manhã
55000004419440,300,4,exposições,9,Meio Ambiente,55,Interlagos,capital,0,0,outros,Rios Descobertos - Dos Jerivás aos Pinheiros,Rios DesCobertos - Dos Jerivás aos Pinheiros,Concepção e Curadoria Estúdio Laborg,de-ate,sempre,agora,sempre,7,10h,undefined,2023-09-21 00:00:00,2023-09-21 00:00:00,2023-12-10 00:00:00,1,Recursos Táteis,0,manhã
55000004429963,200,4,exposições,9,Meio Ambiente,55,Interlagos,capital,0,0,outros,Rios Descobertos - Dos Jerivás aos Pinheiros,Rios DesCobertos - Dos Jerivás aos Pinheiros - VISITA MEDIADA,Concepção e Curadoria Estúdio Laborg,de-ate,sempre,agora,sempre,7,10h,undefined,2023-09-21 00:00:00,2023-09-21 00:00:00,2023-12-10 00:00:00,1,Recursos Táteis  Braille,0,manhã
59000000722045,279,5,filmes,5,Cinema,59,Cinesesc,capital,0,0,outros,,ESTRANHA FORMA DE VIDA + ENTREVISTA ALMODÓVAR,"Pedro Almodóvar, Espanha/França, 2023, 86', ficção",uma,thisW,agora,qui,3,15h30,undefined,2023-09-21 00:00:00,2023-09-21 00:00:00,2023-09-27 00:00:00,1,Audiodescrição  Tradução em Libras  Closed Caption,0,tarde
59000000721388,279,5,filmes,5,Cinema,59,Cinesesc,capital,0,0,outros,Sessão 35 MM,Retratos Fantasmas,"Kleber Mendonça Filho, Brasil, 2022,93', documentário, 12 anos, 35mm",uma,thisW,agora,qui,3,20h,undefined,2023-09-21 00:00:00,2023-09-21 00:00:00,2023-09-21 00:00:00,,,0,noite
59000000715661,100,5,filmes,5,Cinema,59,Cinesesc,capital,1,0,outros,,Doutor Gama - CAISM/Unifesp,"Jeferson De, Brasil, 2021, 80, 14 anos",uma,thisW,agora,qui,3,11h30,undefined,2023-09-21 00:00:00,2023-09-21 00:00:00,2023-09-21 00:00:00,,,0,manhã
80000005080017,80,5,filmes,5,Cinema,80,Bauru,interior,1,0,outros,,Tempos Modernos,(Dir.: Charles Chaplin  EUA  1936  87min).,uma,thisW,agora,qui,3,19h30,undefined,2023-09-21 00:00:00,2023-09-21 00:00:00,2023-09-21 00:00:00,,,0,noite
82000005009053,30,5,filmes,5,Cinema,82,São Carlos,interior,0,0,outros,,EPTV na Escola,,uma,thisW,agora,qui,3,14h,undefined,2023-09-21 00:00:00,2023-09-21 00:00:00,2023-09-22 00:00:00,,,0,tarde
92000001537238,170,5,filmes,5,Cinema,92,Registro,interior,1,0,outros,,Documentário - Nas Beiras do Ribeira,,uma,thisW,agora,qui,3,20h,undefined,2023-09-21 00:00:00,2023-09-21 00:00:00,2023-12-12 00:00:00,,,0,noite
52000005623980,20,6,atividade física,11,Atividade Física,52,24 De Maio,capital,0,0,crianças,,Esporte Criança 3 a 6,Com educadores do Sesc,de-ate,sempre,agora,sempre,7,16h30,undefined,2023-09-21 00:00:00,2023-09-21 00:00:00,2023-12-28 00:00:00,,,0,tarde
52000005229845,25,6,atividade física,11,Atividade Física,52,24 De Maio,capital,0,0,jovens,,Esporte Jovem - Vôlei,Com educadores físico esportivos,de-ate,sempre,agora,sempre,7,17h30,undefined,2023-09-21 00:00:00,2023-09-21 00:00:00,2023-12-28 00:00:00,,,0,tarde
53000006140264,100,6,atividade física,11,Atividade Física,53,Santana,capital,0,0,crianças,Semana Move,Mergulho com Cilindro,,de-ate,sempre,agora,sempre,7,11h30,undefined,2023-09-21 00:00:00,2023-09-21 00:00:00,2023-09-22 00:00:00,,,0,manhã
53000006119521,100,6,atividade física,11,Atividade Física,53,Santana,capital,0,0,crianças,Semana Move,Polo Aquático,,de-ate,sempre,agora,sempre,7,08h30,undefined,2023-09-21 00:00:00,2023-09-21 00:00:00,2023-09-22 00:00:00,,,0,manhã
57000007500737,40,6,atividade física,11,Atividade Física,57,Ipiranga,capital,0,0,jovens,,Aula Aberta de Voleibol Jovem,Com educadores e educadoras do Sesc Ipiranga,de-ate,sempre,agora,sempre,7,18h,undefined,2023-09-21 00:00:00,2023-09-21 00:00:00,2023-12-28 00:00:00,,,0,noite
57000007346529,25,6,atividade física,11,Atividade Física,57,Ipiranga,capital,0,0,outros,,Práticas Aquáticas,Terca 09h  Quinta 09h - A partir de 12 anos,de-ate,sempre,agora,sempre,7,09h,undefined,2023-09-21 00:00:00,2023-09-21 00:00:00,2023-12-28 00:00:00,,,0,manhã
58000006840988,20,6,atividade física,11,Atividade Física,58,Pinheiros,capital,1,0,outros,,Tai Chi Chuan,Com Andréa Muchão,de-ate,sempre,agora,sempre,7,17h30,undefined,2023-09-21 00:00:00,2023-09-21 00:00:00,2023-09-28 00:00:00,,,0,tarde
62000008033009,35,6,atividade física,11,Atividade Física,62,Consolação,capital,0,0,outros,,Aikido,"Práticas, Vivências e Demonstrações de Aikido",de-ate,sempre,agora,sempre,7,10h,undefined,2023-09-21 00:00:00,2023-09-21 00:00:00,2023-11-23 00:00:00,,,0,manhã
62000007973746,30,6,atividade física,11,Atividade Física,62,Consolação,capital,1,0,outros,,Relacionamento com Empresas BP,Com educadores(as) do Sesc,uma,thisW,agora,qui,3,16h,undefined,2023-09-21 00:00:00,2023-09-21 00:00:00,2023-09-21 00:00:00,,,0,tarde
65000003401108,20,6,atividade física,11,Atividade Física,65,Av. Paulista,capital,1,0,outros,,Dança do Ventre,Com educadoras de atividades físico esportivas do Sesc,de-ate,sempre,agora,sempre,7,12h,undefined,2023-09-21 00:00:00,2023-09-21 00:00:00,2023-09-30 00:00:00,,,0,tarde
72000000571318,30,6,atividade física,11,Atividade Física,72,Mogi Das Cruzes,capital,1,0,outros,,Esporte Jovem - Basquete,,de-ate,sempre,agora,sempre,7,18h30,undefined,2023-09-21 00:00:00,2023-09-21 00:00:00,2023-11-30 00:00:00,,,0,noite
72000000571331,50,6,atividade física,11,Atividade Física,72,Mogi Das Cruzes,capital,1,0,outros,,Recreação Adulto Basquete Misto,,de-ate,sempre,agora,sempre,7,19h30,undefined,2023-09-21 00:00:00,2023-09-21 00:00:00,2023-11-30 00:00:00,,,0,noite
76000004589779,20,6,atividade física,11,Atividade Física,76,Ribeirão Preto,interior,0,0,idosos,,Reunião Esporte para Pessoas Idosas - Planejamento participativo,com Josilene Uzan,uma,thisW,agora,qui,3,16h,undefined,2023-09-21 00:00:00,2023-09-21 00:00:00,2023-09-21 00:00:00,,,0,tarde
81000004187735,12,6,atividade física,11,Atividade Física,81,Taubaté,interior,0,0,jovens,,PMT - Parceria Comum-Unidade em Ação - Beach Tênis 13 a 16 anos,"com profissionais da Secretaria Municipal de Esporte, Lazer e Qualidade de vida",de-ate,sempre,agora,sempre,7,15h,undefined,2023-09-21 00:00:00,2023-09-21 00:00:00,2023-11-30 00:00:00,,,0,tarde
81000004187576,30,6,atividade física,11,Atividade Física,81,Taubaté,interior,0,0,jovens,,PMT - Parceria Comum-Unidade em Ação - Vôlei de Areia 10 a 13 anos,"com profissionais da Secretaria Municipal de Esporte, Lazer e Qualidade de vida",de-ate,sempre,agora,sempre,7,14h,undefined,2023-09-21 00:00:00,2023-09-21 00:00:00,2023-11-30 00:00:00,,,0,tarde
81000004408988,35,6,atividade física,11,Atividade Física,81,Taubaté,interior,0,0,outros,,Esporte Adulto - Clube da Corrida,Com educadores do Sesc,de-ate,sempre,agora,sempre,7,07h15,undefined,2023-09-21 00:00:00,2023-09-21 00:00:00,2023-12-28 00:00:00,,,0,manhã
81000004188077,12,6,atividade física,11,Atividade Física,81,Taubaté,interior,0,0,outros,,PMT - Parceria Comum-Unidade em Ação - Beach Tênis Adulto,"com profissionais da Secretaria Municipal de Esporte, Lazer e Qualidade de vida",de-ate,sempre,agora,sempre,7,17h,undefined,2023-09-21 00:00:00,2023-09-21 00:00:00,2023-11-30 00:00:00,,,0,tarde
81000004187211,12,6,atividade física,11,Atividade Física,81,Taubaté,interior,0,0,outros,,PMT - Parceria Comum-Unidade em Ação - Beach Tênis Adulto Iniciante,"com profissionais da Secretaria Municipal de Esporte, Lazer e Qualidade de vida",de-ate,sempre,agora,sempre,7,18h30,undefined,2023-09-21 00:00:00,2023-09-21 00:00:00,2023-11-30 00:00:00,,,0,noite
81000004187370,12,6,atividade física,11,Atividade Física,81,Taubaté,interior,0,0,outros,,PMT - Parceria Comum-Unidade em Ação - Beach Tênis Adulto Intermediário,"com profissionais da Secretaria Municipal de Esporte, Lazer e Qualidade de vida",de-ate,sempre,agora,sempre,7,19h30,undefined,2023-09-21 00:00:00,2023-09-21 00:00:00,2023-11-30 00:00:00,,,0,noite
81000004186034,25,6,atividade física,11,Atividade Física,81,Taubaté,interior,0,0,outros,,PMT - Parceria Comum-Unidade em Ação - Tênis Adulto Iniciante,"com profissionais da Secretaria Municipal de Esporte, Lazer e Qualidade de vida",de-ate,sempre,agora,sempre,7,09h30,undefined,2023-09-21 00:00:00,2023-09-21 00:00:00,2023-11-30 00:00:00,,,0,manhã
81000004186195,20,6,atividade física,11,Atividade Física,81,Taubaté,interior,0,0,outros,,PMT - Parceria Comum-Unidade em Ação - Tênis Adulto Intermediário,"com profissionais da Secretaria Municipal de Esporte, Lazer e Qualidade de vida",de-ate,sempre,agora,sempre,7,10h30,undefined,2023-09-21 00:00:00,2023-09-21 00:00:00,2023-11-30 00:00:00,,,0,manhã
81000004187896,30,6,atividade física,11,Atividade Física,81,Taubaté,interior,0,0,outros,,PMT - Parceria Comum-Unidade em Ação - Vôlei de Areia Adulto,"com profissionais da Secretaria Municipal de Esporte, Lazer e Qualidade de vida",de-ate,sempre,agora,sempre,7,16h,undefined,2023-09-21 00:00:00,2023-09-21 00:00:00,2023-11-30 00:00:00,,,0,tarde
82000004793482,40,6,atividade física,11,Atividade Física,82,São Carlos,interior,0,0,jovens,,Senac - Educação Física,,de-ate,sempre,agora,sempre,7,07h40,undefined,2023-09-21 00:00:00,2023-09-21 00:00:00,2023-12-14 00:00:00,,,0,manhã
82000004968519,30,6,atividade física,11,Atividade Física,82,São Carlos,interior,0,0,outros,Semana Move,Ritmos,Com educadores do Sesc,de-ate,sempre,agora,sempre,7,18h30,undefined,2023-09-21 00:00:00,2023-09-21 00:00:00,2023-09-29 00:00:00,,,0,noite
82000004968864,30,6,atividade física,11,Atividade Física,82,São Carlos,interior,1,0,outros,Semana Move,Treino em grupo: condicionamento físico,Com educadores do Sesc,de-ate,sempre,agora,sempre,7,19h30,undefined,2023-09-21 00:00:00,2023-09-21 00:00:00,2023-09-29 00:00:00,,,0,noite
84000005526806,30,6,atividade física,11,Atividade Física,84,Rio Preto,interior,1,0,idosos,,Dançando no Salão,"Com Guto Rodrigues, professor de dança.",de-ate,sempre,agora,sempre,7,14h,undefined,2023-09-21 00:00:00,2023-09-21 00:00:00,2023-09-28 00:00:00,,,0,tarde
85000003149279,150,6,atividade física,11,Atividade Física,85,Birigui,interior,0,0,outros,,Ritmos,"Com André Vieira e Daiane Fernandez, educadores do Sesc",de-ate,sempre,agora,sempre,7,19h,undefined,2023-09-21 00:00:00,2023-09-21 00:00:00,2023-09-28 00:00:00,,,0,noite
87000002969715,40,6,atividade física,11,Atividade Física,87,Prudente,interior,0,0,outros,,Aulas Abertas: Movimento Consciente,com as educadoras de atividades físico esportivas do Sesc Thermas,de-ate,sempre,agora,sempre,7,10h,undefined,2023-09-21 00:00:00,2023-09-21 00:00:00,2023-11-30 00:00:00,,,0,manhã
91000002109736,90,6,atividade física,11,Atividade Física,91,Campo Limpo,capital,1,0,crianças,,Aulas abertas de iniciação ao skate,,de-ate,sempre,agora,sempre,7,13h30,undefined,2023-09-21 00:00:00,2023-09-21 00:00:00,2023-09-30 00:00:00,,,0,tarde
95000002873484,10,6,atividade física,11,Atividade Física,95,Osasco,capital,0,0,outros,,Práticas Corporais - Alongamento e Mobilidade Articular II (set/out/nov),"Quintas, 9h",de-ate,sempre,agora,sempre,7,09h,undefined,2023-09-21 00:00:00,2023-09-21 00:00:00,2023-11-30 00:00:00,,,0,manhã
96000320076075,20,6,atividade física,11,Atividade Física,96,Sorocaba,interior,1,0,outros,Semana Move,Clínica de futevôlei,"Com Tiago Tremonti, técnico especialista em futevôlei e equipe",uma,thisW,agora,qui,3,19h30,undefined,2023-09-21 00:00:00,2023-09-21 00:00:00,2023-09-22 00:00:00,,,0,noite
70000005755633,200,6,atividade física,14,Outros,70,Santo Amaro,capital,0,0,outros,,Recreação Esportiva Livre,Multimodalidades,de-ate,sempre,agora,sempre,7,10h,undefined,2023-09-21 00:00:00,2023-09-21 00:00:00,2023-12-29 00:00:00,,,0,manhã
72000000562086,30,6,atividade física,14,Outros,72,Mogi Das Cruzes,capital,0,0,outros,,Recreação Esportiva Livre - Futsal Adulto - Misto,,de-ate,sempre,agora,sempre,7,20h30,undefined,2023-09-21 00:00:00,2023-09-21 00:00:00,2023-09-28 00:00:00,,,0,noite
76000004370400,100,6,atividade física,14,Outros,76,Ribeirão Preto,interior,1,0,outros,,Recreação Esportiva Livre Basquete,,de-ate,sempre,agora,sempre,7,18h30,undefined,2023-09-21 00:00:00,2023-09-21 00:00:00,2023-12-28 00:00:00,,,0,noite
85000003074179,30,6,atividade física,14,Outros,85,Birigui,interior,0,0,outros,,Nado Livre,,de-ate,sempre,agora,sempre,7,13h,undefined,2023-09-21 00:00:00,2023-09-21 00:00:00,2023-10-01 00:00:00,,,0,tarde
78000006700330,40,8,turismo,12,Turismo,78,Santos,interior,0,0,outros,,Excursão: Encantos Naturais: um mergulho em Bonito (MS),,primeira,thisW,agora,qui,3,07h,undefined,2023-09-21 00:00:00,2023-09-21 00:00:00,2023-09-25 00:00:00,,,0,manhã
56000005236529,40,9,'+ lazer,14,Outros,56,Itaquera,capital,1,0,crianças,Espaço de Brincar,EBA! - Espaço de Brincar Agendado,Com educadores do Sesc,de-ate,sempre,agora,sempre,7,10h,undefined,2023-09-21 00:00:00,2023-09-21 00:00:00,2023-09-21 00:00:00,,,0,manhã
65000003490426,20,9,'+ lazer,14,Outros,65,Av. Paulista,capital,0,0,crianças,Ateliê Livre Balacobaco,Flor encantada,com Equipe de educadores infantojuvenil,de-ate,sempre,agora,sempre,7,14h30,undefined,2023-09-21 00:00:00,2023-09-21 00:00:00,2023-09-28 00:00:00,,,0,tarde
65000003435085,40,9,'+ lazer,14,Outros,65,Av. Paulista,capital,0,0,crianças,Espaço de Brincar,Espaço de Brincar,Com ambientação lúdica do Parque de Bambu,de-ate,sempre,agora,sempre,7,10h15,undefined,2023-09-21 00:00:00,2023-09-21 00:00:00,2023-12-14 00:00:00,,,0,manhã
66000016920909,50,9,'+ lazer,14,Outros,66,Vila Mariana,capital,0,0,crianças,Conferência Espaços Naturalizados para as Infâncias,Quintais Brasileiros,vivência com o coletivo Quintais Brincantes,de-ate,sempre,agora,sempre,7,11h,undefined,2023-09-21 00:00:00,2023-09-21 00:00:00,2023-09-23 00:00:00,,,0,manhã
73000004913035,100,9,'+ lazer,14,Outros,73,Guarulhos,capital,0,0,jovens,Juventudes,Ponto Geek,com Educadores do Programa Juventudes,de-ate,sempre,agora,sempre,7,15h,undefined,2023-09-21 00:00:00,2023-09-21 00:00:00,2023-12-14 00:00:00,,,0,tarde
73000005107407,80,9,'+ lazer,14,Outros,73,Guarulhos,capital,1,0,crianças,Espaço de Brincar,Brincantes!,com educadoras do Espaço de Brincar,de-ate,sempre,agora,sempre,7,10h,undefined,2023-09-21 00:00:00,2023-09-21 00:00:00,2023-09-30 00:00:00,,,0,manhã
76000004300676,20,9,'+ lazer,14,Outros,76,Ribeirão Preto,interior,1,0,outros,,Espaço Maker,Com educadores do Espaço de Tecnologias e Artes,de-ate,sempre,agora,sempre,7,13h,undefined,2023-09-21 00:00:00,2023-09-21 00:00:00,2023-12-30 00:00:00,,,0,tarde
76000004301349,50,9,'+ lazer,14,Outros,76,Ribeirão Preto,interior,1,0,outros,,Hora Gamer,Com educadores do Espaço de Tecnologias e Artes,de-ate,sempre,agora,sempre,7,13h,undefined,2023-09-21 00:00:00,2023-09-21 00:00:00,2023-12-30 00:00:00,,,0,tarde
91000002085417,30,9,'+ lazer,14,Outros,91,Campo Limpo,capital,1,0,crianças,,Espaço de Brincar,,de-ate,sempre,agora,sempre,7,13h,undefined,2023-09-21 00:00:00,2023-09-21 00:00:00,2023-12-29 00:00:00,,,0,tarde
52000005414998,219,1,shows e espetáculos,1,Música,52,24 De Maio,capital,0,0,outros,,ANNÁ convida Geovana,show do álbum Brasileira,uma,thisW,agora,sex,4,20h,undefined,2023-09-22 00:00:00,2023-09-22 00:00:00,2023-09-22 00:00:00,,,0,noite
58000006473812,1000,1,shows e espetáculos,1,Música,58,Pinheiros,capital,0,0,outros,,Höröyá convida Clarianas,Lançamento do vinil Gri Gri Bá,uma,thisW,agora,sex,4,21h,undefined,2023-09-22 00:00:00,2023-09-22 00:00:00,2023-09-22 00:00:00,,,0,noite
66000017285305,600,1,shows e espetáculos,1,Música,66,Vila Mariana,capital,0,0,outros,,Cronixta,"Lançamento do álbum ""Wi-Fi da Floresta"". Part. Bixarte, Felipe Cordeiro e Manoel Cordeiro",uma,thisW,agora,sex,4,21h,undefined,2023-09-22 00:00:00,2023-09-22 00:00:00,2023-09-22 00:00:00,,,0,noite
67000002822558,90,1,shows e espetáculos,1,Música,67,São Caetano,capital,0,0,outros,Cena Aberta,Uiara Leiggo,Tributo a Cassia Eller,uma,thisW,agora,sex,4,20h,undefined,2023-09-22 00:00:00,2023-09-22 00:00:00,2023-09-22 00:00:00,,,0,noite
68000008685581,394,1,shows e espetáculos,1,Música,68,Belenzinho,capital,0,0,outros,,Bullet Bane,ENCERRAMENTO DA TURNÊ BLLT,uma,thisW,agora,sex,4,20h30,undefined,2023-09-22 00:00:00,2023-09-22 00:00:00,2023-09-22 00:00:00,,,0,noite
68000008712874,394,1,shows e espetáculos,1,Música,68,Belenzinho,capital,0,0,outros,,Wado,,uma,thisW,agora,sex,4,21h,undefined,2023-09-22 00:00:00,2023-09-22 00:00:00,2023-09-22 00:00:00,,,0,noite
70000005598701,100,1,shows e espetáculos,1,Música,70,Santo Amaro,capital,1,0,outros,Música ao cair da tarde,Manouche Jazz Quartet,,uma,thisW,agora,sex,4,19h,undefined,2023-09-22 00:00:00,2023-09-22 00:00:00,2023-10-27 00:00:00,,,0,noite
73000004877113,350,1,shows e espetáculos,1,Música,73,Guarulhos,capital,0,0,outros,,Mahmundi,Amor Fati,uma,thisW,agora,sex,4,20h,undefined,2023-09-22 00:00:00,2023-09-22 00:00:00,2023-09-22 00:00:00,,,0,noite
76000004314316,1000,1,shows e espetáculos,1,Música,76,Ribeirão Preto,interior,0,0,outros,,Rael & Banda,show Capim-Cidreira,uma,thisW,agora,sex,4,20h,undefined,2023-09-22 00:00:00,2023-09-22 00:00:00,2023-09-22 00:00:00,,,0,noite
77000310137690,200,1,shows e espetáculos,1,Música,77,S. J. Campos,interior,0,0,outros,,Bruxamarela,Rita Lee Tributo,uma,thisW,agora,sex,4,19h30,undefined,2023-09-22 00:00:00,2023-09-22 00:00:00,2023-09-22 00:00:00,,,0,noite
81000004214549,300,1,shows e espetáculos,1,Música,81,Taubaté,interior,0,0,outros,,50 anos do Grupo Tarancón,Com grupo Tarancón,uma,thisW,agora,sex,4,20h,undefined,2023-09-22 00:00:00,2023-09-22 00:00:00,2023-09-22 00:00:00,,,0,noite
84000005414763,200,1,shows e espetáculos,1,Música,84,Rio Preto,interior,0,0,idosos,Vem pro Baile!,Adilson Rodrigues e Banda Show,Bailando com Adilson Rodrigues,uma,thisW,agora,sex,4,16h,undefined,2023-09-22 00:00:00,2023-09-22 00:00:00,2023-09-22 00:00:00,,,0,tarde
85000003035185,150,1,shows e espetáculos,1,Música,85,Birigui,interior,1,0,outros,,Maíra Baldaia,Com álbum Obí,uma,thisW,agora,sex,4,20h,undefined,2023-09-22 00:00:00,2023-09-22 00:00:00,2023-09-22 00:00:00,,,0,noite
86000004128317,150,1,shows e espetáculos,1,Música,86,Araraquara,interior,1,0,outros,Autorais,Zoí-música e poesia,Com ReoJulia  Doppio,uma,thisW,agora,sex,4,20h,undefined,2023-09-22 00:00:00,2023-09-22 00:00:00,2023-09-22 00:00:00,,,0,noite
88000005233866,302,1,shows e espetáculos,1,Música,88,Santo André,capital,0,0,outros,,DZK,,uma,thisW,agora,sex,4,20h,undefined,2023-09-22 00:00:00,2023-09-22 00:00:00,2023-09-22 00:00:00,,,0,noite
92000001520758,170,1,shows e espetáculos,1,Música,92,Registro,interior,0,0,outros,,Show Faiska Trio,,uma,thisW,agora,sex,4,20h,undefined,2023-09-22 00:00:00,2023-09-22 00:00:00,2023-09-22 00:00:00,,,0,noite
93000005734717,700,1,shows e espetáculos,1,Música,93,Jundiaí,interior,0,0,outros,,Gilsons,,uma,thisW,agora,sex,4,20h,undefined,2023-09-22 00:00:00,2023-09-22 00:00:00,2023-09-22 00:00:00,,,0,noite
93000006006455,700,1,shows e espetáculos,1,Música,93,Jundiaí,interior,1,0,outros,,Angóia,,uma,thisW,agora,sex,4,19h,undefined,2023-09-22 00:00:00,2023-09-22 00:00:00,2023-09-22 00:00:00,,,0,noite
96000316408235,275,1,shows e espetáculos,1,Música,96,Sorocaba,interior,0,0,outros,,ÀVUÀ,,uma,thisW,agora,sex,4,20h,undefined,2023-09-22 00:00:00,2023-09-22 00:00:00,2023-09-22 00:00:00,,,0,noite
86000004063079,600,1,shows e espetáculos,11,Atividade Física,86,Araraquara,interior,0,0,crianças,Semana Move,Circuito Sesc de Futebol,"Com a ex-jogadora Mônica de Paula, Lara Schuler do Futebol Freestyle e Rogerinho do Futebol de Amputados",uma,thisW,agora,sex,4,09h,undefined,2023-09-22 00:00:00,2023-09-22 00:00:00,2023-09-22 00:00:00,,,0,manhã
86000004062940,600,1,shows e espetáculos,11,Atividade Física,86,Araraquara,interior,0,0,crianças,Semana Move,Circuito Sesc de Futebol,"Com a ex-jogadora Mônica de Paula, Lara Schuler do Futebol Freestyle e Rogerinho do Futebol de Amputados",uma,thisW,agora,sex,4,14h,undefined,2023-09-22 00:00:00,2023-09-22 00:00:00,2023-09-22 00:00:00,,,0,tarde
80000005166678,30,1,shows e espetáculos,14,Outros,80,Bauru,interior,0,0,outros,,Sarau do Salve,Programa Juventudes,uma,thisW,agora,sex,4,14h,undefined,2023-09-22 00:00:00,2023-09-22 00:00:00,2023-11-10 00:00:00,,,0,tarde
57000006564450,30,1,shows e espetáculos,2,Teatro,57,Ipiranga,capital,0,0,outros,Teatro Mínimo,Okama,Direção Miwa Yanagizawa,uma,thisW,agora,sex,4,21h30,undefined,2023-09-22 00:00:00,2023-09-22 00:00:00,2023-10-08 00:00:00,,,0,noite
58000006707553,98,1,shows e espetáculos,2,Teatro,58,Pinheiros,capital,0,0,outros,,"E VOCÊS, QUEM SÃO?",Samuel de Assis,uma,thisW,agora,sex,4,20h,undefined,2023-09-22 00:00:00,2023-09-21 00:00:00,2023-10-28 00:00:00,,,0,noite
62000007895240,280,1,shows e espetáculos,2,Teatro,62,Consolação,capital,0,0,outros,,A hora do lobo - um debate com o filme Dogville de Lars von Trier,de Christiane Jatahy,uma,thisW,agora,sex,4,20h,undefined,2023-09-22 00:00:00,2023-09-22 00:00:00,2023-10-15 00:00:00,,,0,noite
63000013035250,40,1,shows e espetáculos,2,Teatro,63,Pompeia,capital,0,0,outros,,Nica,Com Elisa Band e Gilda Nomacce,uma,thisW,agora,sex,4,20h30,undefined,2023-09-22 00:00:00,2023-09-21 00:00:00,2023-10-06 00:00:00,1,Audiodescrição  Tradução em Libras,0,noite
63000012860818,302,1,shows e espetáculos,2,Teatro,63,Pompeia,capital,0,1,outros,,Cadê o Sobrevento? Vinte Anos Depois,Com Grupo Sobrevento,uma,thisW,agora,sex,4,20h,undefined,2023-09-22 00:00:00,2023-09-22 00:00:00,2023-10-01 00:00:00,1,Tradução em Libras,0,noite
66000016904826,122,1,shows e espetáculos,2,Teatro,66,Vila Mariana,capital,0,0,outros,,Inútil canto e inútil pranto pelos anjos caídos,Com Ícaro Rodrigues. Dir.: Roberta Estrela D'Alva,uma,thisW,agora,sex,4,20h,undefined,2023-09-22 00:00:00,2023-09-22 00:00:00,2023-10-07 00:00:00,1,Audiodescrição  Tradução em Libras,0,noite
68000008969431,120,1,shows e espetáculos,2,Teatro,68,Belenzinho,capital,0,0,outros,,G.A.L.A.,"direção de Gerald Thomas, com Fernanda Gugli",uma,thisW,agora,sex,4,21h30,undefined,2023-09-22 00:00:00,2023-09-22 00:00:00,2023-10-08 00:00:00,,,0,noite
68000008319281,120,1,shows e espetáculos,2,Teatro,68,Belenzinho,capital,0,0,outros,,Quando o discurso autoriza a barbárie,Companhia de Teatro Heliópolis,uma,thisW,agora,sex,4,20h,undefined,2023-09-22 00:00:00,2023-09-22 00:00:00,2023-10-01 00:00:00,,,0,noite
70000005426245,270,1,shows e espetáculos,2,Teatro,70,Santo Amaro,capital,0,0,outros,,A Falecida,,uma,thisW,agora,sex,4,21h,undefined,2023-09-22 00:00:00,2023-09-22 00:00:00,2023-10-01 00:00:00,,,0,noite
78000006539317,100,1,shows e espetáculos,2,Teatro,78,Santos,interior,0,0,outros,,Ledores no Breu,Cia do Tijolo,uma,thisW,agora,sex,4,20h,undefined,2023-09-22 00:00:00,2023-09-22 00:00:00,2023-09-22 00:00:00,,,0,noite
82000004869619,269,1,shows e espetáculos,2,Teatro,82,São Carlos,interior,0,1,outros,,Entre Mundos,Com Gabriel Bodstein e Gabriela Cerqueira. Direção de Elisa Rossin.,uma,thisW,agora,sex,4,09h30,undefined,2023-09-22 00:00:00,2023-09-22 00:00:00,2023-09-23 00:00:00,,,0,manhã
82000004869619,269,1,shows e espetáculos,2,Teatro,82,São Carlos,interior,0,1,outros,,Entre Mundos,Com Gabriel Bodstein e Gabriela Cerqueira. Direção de Elisa Rossin.,uma,thisW,agora,sex,4,14h30,undefined,2023-09-22 00:00:00,2023-09-22 00:00:00,2023-09-23 00:00:00,,,0,tarde
53000006380479,337,1,shows e espetáculos,3,Circo,53,Santana,capital,0,0,outros,,A Divina Farsa,Com LaMínima,uma,thisW,agora,sex,4,20h,undefined,2023-09-22 00:00:00,2023-09-22 00:00:00,2023-09-24 00:00:00,,,0,noite
65000003518687,60,1,shows e espetáculos,4,Dança,65,Av. Paulista,capital,0,0,outros,,O Agora não confabula com a espera,Iara izidoro,uma,thisW,agora,sex,4,20h,undefined,2023-09-22 00:00:00,2023-09-22 00:00:00,2023-09-23 00:00:00,,,0,noite
71000004403170,30,1,shows e espetáculos,4,Dança,71,Bertioga,interior,0,0,outros, Festival da Integração,Ensaio para os próximos passos,Com Cia o povo em pé,uma,thisW,agora,sex,4,14h30,undefined,2023-09-22 00:00:00,2023-09-21 00:00:00,2023-09-23 00:00:00,,,0,tarde
75000008076253,100,1,shows e espetáculos,4,Dança,75,Campinas,interior,0,0,outros,BIENAL SESC DE DANÇA - 2023,[BIENAL SESC DE DANÇA] Barricada,Com Marcelo Evelin,uma,thisW,agora,sex,4,19h,undefined,2023-09-22 00:00:00,2023-09-21 00:00:00,2023-09-22 00:00:00,,,0,noite
75000008026163,100,1,shows e espetáculos,4,Dança,75,Campinas,interior,0,0,outros,BIENAL SESC DE DANÇA - 2023,[BIENAL SESC DE DANÇA] Cacunda,Com Adnã Ionara,uma,thisW,agora,sex,4,19h,undefined,2023-09-22 00:00:00,2023-09-21 00:00:00,2023-09-22 00:00:00,,,0,noite
75000008031406,100,1,shows e espetáculos,4,Dança,75,Campinas,interior,0,0,outros,BIENAL SESC DE DANÇA - 2023,[BIENAL SESC DE DANÇA] Gente de Lá,Com Wellington Gadelha,uma,thisW,agora,sex,4,20h,undefined,2023-09-22 00:00:00,2023-09-22 00:00:00,2023-09-23 00:00:00,,,0,noite
75000008056131,100,1,shows e espetáculos,4,Dança,75,Campinas,interior,0,0,outros,BIENAL SESC DE DANÇA - 2023,[BIENAL SESC DE DANÇA] Nunca mais abismos,,uma,thisW,agora,sex,4,16h,undefined,2023-09-22 00:00:00,2023-09-22 00:00:00,2023-09-24 00:00:00,1,Audiodescrição  Tradução em Libras,0,tarde
75000008076323,80,1,shows e espetáculos,4,Dança,75,Campinas,interior,0,0,outros,BIENAL SESC DE DANÇA - 2023,[BIENAL SESC DE DANÇA] Schönheit ist Nebensache - A beleza revela-se acessória,Com Pol Pi (Brasil/França),uma,thisW,agora,sex,4,17h,undefined,2023-09-22 00:00:00,2023-09-21 00:00:00,2023-09-22 00:00:00,1,Audiodescrição,0,tarde
75000008056208,100,1,shows e espetáculos,4,Dança,75,Campinas,interior,0,0,outros,BIENAL SESC DE DANÇA - 2023,[BIENAL SESC DE DANÇA] Si-pó,Com Odacy Oliveira,uma,thisW,agora,sex,4,17h30,undefined,2023-09-22 00:00:00,2023-09-22 00:00:00,2023-09-23 00:00:00,,,0,tarde
75000008032389,100,1,shows e espetáculos,4,Dança,75,Campinas,interior,0,0,outros,BIENAL SESC DE DANÇA - 2023,[BIENAL SESC DE DANÇA] SustentAção - Perfomance Duracional em Dança,Com Núcleo Fuga,uma,thisW,agora,sex,4,17h,undefined,2023-09-22 00:00:00,2023-09-21 00:00:00,2023-09-22 00:00:00,,,0,tarde
75000008118468,10,1,shows e espetáculos,4,Dança,75,Campinas,interior,0,0,outros,BIENAL SESC DE DANÇA - 2023,Guias de Turismo - Bienal Sesc de Dança,,uma,thisW,agora,sex,4,07h30,undefined,2023-09-22 00:00:00,2023-09-21 00:00:00,2023-09-24 00:00:00,,,0,manhã
53000006181582,60,1,shows e espetáculos,7,Literatura,53,Santana,capital,1,0,outros,,Contos de Brincar,com gRUPO êBA!,uma,thisW,agora,sex,4,14h,undefined,2023-09-22 00:00:00,2023-09-21 00:00:00,2023-09-28 00:00:00,1,Tradução em Libras,0,tarde
63000013624532,400,1,shows e espetáculos,7,Literatura,63,Pompeia,capital,0,0,outros,Massembas de Ialodês: Leci Brandão,"A filha da dona Lecy: imaginário político, sagrado, matrilinearidade","Lucia Xavier, Nilza Iraci, Ìyá Adriana de Bessen. Mediação: Fabiana Cozza. Cantoras convidadas: Marizelia e Cassiana Pérola Negra",uma,thisW,agora,sex,4,20h30,undefined,2023-09-22 00:00:00,2023-09-22 00:00:00,2023-09-22 00:00:00,,,0,noite
75000008050815,100,1,shows e espetáculos,7,Literatura,75,Campinas,interior,0,0,outros,,Novo [Na estante],com Rita Carelli,uma,thisW,agora,sex,4,09h,undefined,2023-09-22 00:00:00,2023-09-21 00:00:00,2023-10-31 00:00:00,,,0,manhã
75000007953323,15,1,shows e espetáculos,7,Literatura,75,Campinas,interior,1,0,outros,,[NA ESTANTE] Rita Carelli,com Rita Carelli,uma,thisW,agora,sex,4,09h,undefined,2023-09-22 00:00:00,2023-09-21 00:00:00,2023-10-31 00:00:00,,,0,manhã
83000004138148,200,1,shows e espetáculos,7,Literatura,83,Piracicaba,interior,1,0,outros,,Histórias da Gaveta - Com Cia. Teatro InComum,SESC Empresas,uma,thisW,agora,sex,4,14h,undefined,2023-09-22 00:00:00,2023-09-22 00:00:00,2023-09-22 00:00:00,,,0,tarde
87000002934798,100,1,shows e espetáculos,7,Literatura,87,Prudente,interior,0,0,outros,,Sarau Literário (In)Prudente,Com artistas independentes de Presidente Prudente e Região. Produção de Mah Vieira.,uma,thisW,agora,sex,4,20h,undefined,2023-09-22 00:00:00,2023-09-22 00:00:00,2023-09-22 00:00:00,1,Tradução em Libras,0,noite
87000002934631,50,1,shows e espetáculos,7,Literatura,87,Prudente,interior,1,0,outros,,Slam -  Resistência Periférica,"Com Kimani, poeta, compositora e cantora",uma,thisW,agora,sex,4,19h,undefined,2023-09-22 00:00:00,2023-09-22 00:00:00,2023-09-22 00:00:00,,,0,noite
56000005025224,20,10,serviços,14,Outros,56,Itaquera,capital,0,0,outros,,Refeições,,de-ate,thisW,agora,sex,4,09h30,undefined,2023-09-22 00:00:00,2023-09-22 00:00:00,2023-12-22 00:00:00,,,0,
76000004227724,12,10,serviços,14,Outros,76,Ribeirão Preto,interior,1,0,outros,,Piscina,,de-ate,thisW,agora,sex,4,13h30,undefined,2023-09-22 00:00:00,2023-09-21 00:00:00,2023-12-30 00:00:00,,,0,
88000005469106,44,10,serviços,14,Outros,88,Santo André,capital,0,0,crianças,,Refeições,,de-ate,thisW,agora,sex,4,13h30,undefined,2023-09-22 00:00:00,2023-09-22 00:00:00,2023-12-01 00:00:00,,,0,
62000007790548,10,2,cursos e oficinas,1,Música,62,Consolação,capital,0,0,crianças,Centro de Música,Música para bebês,Com Sheila Ferreira,de-ate,sempre,agora,sempre,7,14h,undefined,2023-09-22 00:00:00,2023-09-22 00:00:00,2023-12-01 00:00:00,,,0,tarde
62000007790501,15,2,cursos e oficinas,1,Música,62,Consolação,capital,0,0,jovens,Centro de Música,Prática de conjunto para crianças,Com Sheila Ferreira e Pedro Beviláqua,primeira,thisW,agora,sex,4,16h,undefined,2023-09-22 00:00:00,2023-09-22 00:00:00,2023-12-01 00:00:00,,,0,tarde
62000007790356,30,2,cursos e oficinas,1,Música,62,Consolação,capital,0,0,outros,Centro de Música,Prática coletiva de cordas: o que é que o Bixiga tem?, Com Pedro Beviláqua e Rodrigo Leite,primeira,thisW,agora,sex,4,18h30,undefined,2023-09-22 00:00:00,2023-09-22 00:00:00,2023-12-01 00:00:00,,,0,noite
62000007790405,19,2,cursos e oficinas,1,Música,62,Consolação,capital,0,0,outros,Centro de Música,Prática instrumental: o que é que o Bixiga tem?,Com Bob Souza,primeira,thisW,agora,sex,4,18h30,undefined,2023-09-22 00:00:00,2023-09-22 00:00:00,2023-12-01 00:00:00,,,0,noite
62000007790454,25,2,cursos e oficinas,1,Música,62,Consolação,capital,0,0,outros,Centro de Música,Prática vocal: o que é que o Bixiga tem?,Com Solange Assumpção,primeira,thisW,agora,sex,4,18h30,undefined,2023-09-22 00:00:00,2023-09-22 00:00:00,2023-12-01 00:00:00,,,0,noite
62000007795630,20,2,cursos e oficinas,1,Música,62,Consolação,capital,0,0,outros,Centro de Música,Sonoridade das poéticas negras,Com Marina Barbosa,primeira,thisW,agora,sex,4,15h,undefined,2023-09-22 00:00:00,2023-09-22 00:00:00,2023-11-10 00:00:00,,,0,tarde
66000017467608,15,2,cursos e oficinas,1,Música,66,Vila Mariana,capital,0,0,outros,Centro de Música,Audições - A música que nos move. O que move a música? [CM 2° SEMESTRE 2023],com Maurício Narutis,primeira,thisW,agora,sex,4,15h30,undefined,2023-09-22 00:00:00,2023-09-22 00:00:00,2023-10-06 00:00:00,,,0,tarde
66000017467515,20,2,cursos e oficinas,1,Música,66,Vila Mariana,capital,0,0,outros,Centro de Música,Prática de Conjunto em Metais [CM 2° SEMESTRE 2023],com Maurício Narutis,primeira,thisW,agora,sex,4,19h,undefined,2023-09-22 00:00:00,2023-09-22 00:00:00,2023-11-24 00:00:00,,,0,noite
66000017469414,20,2,cursos e oficinas,1,Música,66,Vila Mariana,capital,0,0,outros,Centro de Música,Prática de Conjunto em Metais [CM 2° SEMESTRE 2023] - SELEÇÃO,com Maurício Narutis,primeira,thisW,agora,sex,4,19h,undefined,2023-09-22 00:00:00,2023-09-22 00:00:00,2023-11-24 00:00:00,,,0,noite
76000004419640,20,2,cursos e oficinas,1,Música,76,Ribeirão Preto,interior,1,0,outros,,Gravação de Discos Lo-Fi e Hi-Fi,"Com Bruno Borges, do Vinyl Lab",uma,thisW,agora,sex,4,18h30,undefined,2023-09-22 00:00:00,2023-09-21 00:00:00,2023-09-22 00:00:00,,,0,noite
84000005457675,30,2,cursos e oficinas,1,Música,84,Rio Preto,interior,1,0,idosos,A Arte de Envelhecer,Aula de Canto,"Com  Antonio Miguel, professor de canto.",de-ate,sempre,agora,sempre,7,14h,undefined,2023-09-22 00:00:00,2023-09-22 00:00:00,2023-09-29 00:00:00,,,0,tarde
70000005800189,22,2,cursos e oficinas,10,Saúde,70,Santo Amaro,capital,0,0,outros,Espaço de Brincar,Giz Natural com Legumes Cozidos,Atividade desenvolvida pela equipe do SESC(infantojuvenil e alimentação),uma,thisW,agora,sex,4,16h,undefined,2023-09-22 00:00:00,2023-09-22 00:00:00,2023-09-28 00:00:00,,,0,tarde
72000000522857,20,2,cursos e oficinas,10,Saúde,72,Mogi Das Cruzes,capital,0,0,idosos,,Cozinha da Mãe Joana - Autonomia na alimentação,Com Andréia Botelho - Projeto Matricaria,uma,thisW,agora,sex,4,15h,undefined,2023-09-22 00:00:00,2023-09-22 00:00:00,2023-09-22 00:00:00,,,0,tarde
73000004862619,80,2,cursos e oficinas,10,Saúde,73,Guarulhos,capital,0,0,outros,Semana Move,Night Fast Triathlon,Abertura Semana Move,uma,thisW,agora,sex,4,18h,undefined,2023-09-22 00:00:00,2023-09-22 00:00:00,2023-09-22 00:00:00,,,0,noite
76000004469796,120,2,cursos e oficinas,10,Saúde,76,Ribeirão Preto,interior,0,0,outros,,SIPAT - Comunicação não violenta,Com Juliana Calderón,de-ate,sempre,agora,sempre,7,11h,undefined,2023-09-22 00:00:00,2023-09-22 00:00:00,2023-09-22 00:00:00,,,0,manhã
83000004092999,25,2,cursos e oficinas,14,Outros,83,Piracicaba,interior,0,0,outros,Comunidades Ativas 2023,Aulas - Comunidades Ativas,,primeira,thisW,agora,sex,4,17h30,undefined,2023-09-22 00:00:00,2023-09-22 00:00:00,2023-10-05 00:00:00,,,0,tarde
93000005787195,21,2,cursos e oficinas,14,Outros,93,Jundiaí,interior,0,0,outros,Comunidades Ativas,Comunidades Ativas - BPF e Culinária,Com Jane Glebia,primeira,thisW,agora,sex,4,14h,undefined,2023-09-22 00:00:00,2023-09-22 00:00:00,2023-10-11 00:00:00,,,0,tarde
78000006396777,20,2,cursos e oficinas,2,Teatro,78,Santos,interior,0,0,idosos,,Corpo e Memória,Com o educador Mauricio Marin,de-ate,sempre,agora,sempre,7,17h,undefined,2023-09-22 00:00:00,2023-09-22 00:00:00,2023-09-29 00:00:00,,,0,tarde
95000002801121,30,2,cursos e oficinas,3,Circo,95,Osasco,capital,0,0,outros,Circo Nosso de Todo Dia,Riso em Cena,Com Hugo Possolo e Raul Barreto/Parlapatões,uma,thisW,agora,sex,4,14h,undefined,2023-09-22 00:00:00,2023-09-22 00:00:00,2023-09-22 00:00:00,,,0,tarde
71000004403130,150,2,cursos e oficinas,4,Dança,71,Bertioga,interior,0,0,outros, Festival da Integração,A magia do mestre sala e da porta bandeira,Com Mestre Gabi e Vivi,uma,thisW,agora,sex,4,14h30,undefined,2023-09-22 00:00:00,2023-09-22 00:00:00,2023-09-22 00:00:00,,,0,tarde
75000008082985,100,2,cursos e oficinas,4,Dança,75,Campinas,interior,0,0,outros,BIENAL SESC DE DANÇA - 2023,[BIENAL SESC DE DANÇA] Cartas para Danças,,de-ate,sempre,agora,sempre,7,10h,undefined,2023-09-22 00:00:00,2023-09-21 00:00:00,2023-09-23 00:00:00,,,0,manhã
75000008076292,60,2,cursos e oficinas,4,Dança,75,Campinas,interior,0,0,outros,BIENAL SESC DE DANÇA - 2023,[BIENAL SESC DE DANÇA] Residência: Marcelo Evelin,,uma,thisW,agora,sex,4,15h,undefined,2023-09-22 00:00:00,2023-09-21 00:00:00,2023-09-22 00:00:00,,,0,tarde
84000005471914,100,2,cursos e oficinas,4,Dança,84,Rio Preto,interior,0,0,idosos,,Ritmos da Dança de Salão,Com Professores da Star Dance,de-ate,sempre,agora,sempre,7,16h,undefined,2023-09-22 00:00:00,2023-09-22 00:00:00,2023-09-29 00:00:00,,,0,tarde
94000006187636,30,2,cursos e oficinas,4,Dança,94,Bom Retiro,capital,1,0,idosos,,Dançando Encontros,com Cante Ser Dançante,de-ate,sempre,agora,sempre,7,15h,undefined,2023-09-22 00:00:00,2023-09-22 00:00:00,2023-10-06 00:00:00,,,0,tarde
52000005433269,10,2,cursos e oficinas,6,Artes Visuais,52,24 De Maio,capital,0,0,outros,,Orientação de projetos em marcenaria,com Thiago Endrigo,primeira,thisW,agora,sex,4,10h,undefined,2023-09-22 00:00:00,2023-09-22 00:00:00,2023-12-01 00:00:00,,,0,manhã
52000005419691,15,2,cursos e oficinas,6,Artes Visuais,52,24 De Maio,capital,0,0,outros,Ateliê de Impressões e Expressões,Geometria e cor - Estampa manual em pochoir,com Estúdio Pochoir,primeira,thisW,agora,sex,4,14h,undefined,2023-09-22 00:00:00,2023-09-22 00:00:00,2023-09-22 00:00:00,,,0,tarde
53000005970817,15,2,cursos e oficinas,6,Artes Visuais,53,Santana,capital,0,0,outros,,Pixel art na vida real,Com Viviam Schmaichel,primeira,thisW,agora,sex,4,16h30,undefined,2023-09-22 00:00:00,2023-09-22 00:00:00,2023-09-29 00:00:00,,,0,tarde
57000007356216,15,2,cursos e oficinas,6,Artes Visuais,57,Ipiranga,capital,0,0,outros,,Garoa Lab - Criação coletiva de vestíveis a partir de guarda-chuvas., Márcio Masselli,primeira,thisW,agora,sex,4,14h,undefined,2023-09-22 00:00:00,2023-09-22 00:00:00,2023-10-06 00:00:00,,,0,tarde
62000007111901,15,2,cursos e oficinas,6,Artes Visuais,62,Consolação,capital,0,0,idosos,,ABC Digital 60+ I Fotografia com Celular,Com Jéssica Rampim,primeira,thisW,agora,sex,4,15h,undefined,2023-09-22 00:00:00,2023-09-22 00:00:00,2023-10-20 00:00:00,1,Audioguia,0,tarde
63000013163726,12,2,cursos e oficinas,6,Artes Visuais,63,Pompeia,capital,0,0,outros,CURSOS REGULARES PRESENCIAIS 2º SEM/2023,"Argilas, engobes e esmaltes para iniciantes",com Paulo Meireles,primeira,thisW,agora,sex,4,10h30,undefined,2023-09-22 00:00:00,2023-09-22 00:00:00,2023-12-01 00:00:00,,,0,manhã
63000013192305,15,2,cursos e oficinas,6,Artes Visuais,63,Pompeia,capital,0,0,outros,CURSOS REGULARES PRESENCIAIS 2º SEM/2023,Bordado - Pintura de agulha - Avançado,com Juliana Florentino,primeira,thisW,agora,sex,4,14h30,undefined,2023-09-22 00:00:00,2023-09-22 00:00:00,2023-12-01 00:00:00,,,0,tarde
63000013192394,15,2,cursos e oficinas,6,Artes Visuais,63,Pompeia,capital,0,0,outros,CURSOS REGULARES PRESENCIAIS 2º SEM/2023,Crochê - intermediário,com Cristine Torchia,primeira,thisW,agora,sex,4,14h30,undefined,2023-09-22 00:00:00,2023-09-22 00:00:00,2023-12-01 00:00:00,,,0,tarde
63000013380761,20,2,cursos e oficinas,6,Artes Visuais,63,Pompeia,capital,0,0,outros,CURSOS REGULARES PRESENCIAIS 2º SEM/2023,Desenho e pintura de paisagem,com Danielle Noronha,primeira,thisW,agora,sex,4,10h30,undefined,2023-09-22 00:00:00,2023-09-22 00:00:00,2023-12-08 00:00:00,,,0,manhã
63000013373089,12,2,cursos e oficinas,6,Artes Visuais,63,Pompeia,capital,0,0,outros,CURSOS REGULARES PRESENCIAIS 2º SEM/2023,Fotografia Alternativa: impressões em goma bicromata a partir de terras brasilei,com Fernando Fortes e Patrícia Bigarelli,primeira,thisW,agora,sex,4,19h,undefined,2023-09-22 00:00:00,2023-09-22 00:00:00,2023-11-17 00:00:00,,,0,noite
63000013164921,15,2,cursos e oficinas,6,Artes Visuais,63,Pompeia,capital,0,0,outros,CURSOS REGULARES PRESENCIAIS 2º SEM/2023,Introdução à cerâmica,com Jean Jacque Vidal,primeira,thisW,agora,sex,4,14h30,undefined,2023-09-22 00:00:00,2023-09-22 00:00:00,2023-12-01 00:00:00,,,0,tarde
63000013372992,25,2,cursos e oficinas,6,Artes Visuais,63,Pompeia,capital,0,0,outros,CURSOS REGULARES PRESENCIAIS 2º SEM/2023,Linguagem Fotográfica e História da Fotografia: COR - Avançado,com André Spinola e Castro,primeira,thisW,agora,sex,4,10h30,undefined,2023-09-22 00:00:00,2023-09-22 00:00:00,2023-12-01 00:00:00,,,0,manhã
63000013208103,12,2,cursos e oficinas,6,Artes Visuais,63,Pompeia,capital,0,0,outros,CURSOS REGULARES PRESENCIAIS 2º SEM/2023,Marcenaria Lúdica - Fabricação de Brinquedos,Com Luis Guimarães,primeira,thisW,agora,sex,4,10h30,undefined,2023-09-22 00:00:00,2023-09-22 00:00:00,2023-12-01 00:00:00,,,0,manhã
63000013388042,20,2,cursos e oficinas,6,Artes Visuais,63,Pompeia,capital,0,0,outros,CURSOS REGULARES PRESENCIAIS 2º SEM/2023,Portfólio para Artistas - Intermediário,com Gina Dinucci,primeira,thisW,agora,sex,4,14h30,undefined,2023-09-22 00:00:00,2023-09-22 00:00:00,2023-10-27 00:00:00,,,0,tarde
64000005031031,30,2,cursos e oficinas,6,Artes Visuais,64,Carmo,capital,0,0,crianças,,Curumim no ETA,com Mateus Pavan e Danilo Medeiros,primeira,thisW,agora,sex,4,09h30,undefined,2023-09-22 00:00:00,2023-09-22 00:00:00,2023-12-01 00:00:00,,,0,manhã
67000002838968,20,2,cursos e oficinas,6,Artes Visuais,67,São Caetano,capital,0,0,crianças,Espaço de Brincar,Ateliê da terra para bebês,"Com Isaac Arrais Gonçalves e Maria Gabriela, Educadores do Espaço de Brincar",uma,thisW,agora,sex,4,15h,undefined,2023-09-22 00:00:00,2023-09-22 00:00:00,2023-09-29 00:00:00,,,0,tarde
68000008661145,12,2,cursos e oficinas,6,Artes Visuais,68,Belenzinho,capital,0,0,outros,,Costura em máquina doméstica para iniciantes,Com Andrezza Melo,primeira,thisW,agora,sex,4,14h,undefined,2023-09-22 00:00:00,2023-09-22 00:00:00,2023-12-01 00:00:00,,,0,tarde
68000008706793,20,2,cursos e oficinas,6,Artes Visuais,68,Belenzinho,capital,0,0,outros,,Oficina de Perfumes: Notas Orientais,Com Añas Obaid,primeira,thisW,agora,sex,4,14h,undefined,2023-09-22 00:00:00,2023-09-22 00:00:00,2023-10-20 00:00:00,,,0,tarde
78000006653176,12,2,cursos e oficinas,6,Artes Visuais,78,Santos,interior,0,0,idosos,,Plantão de dúvidas sobre smatphone: TSI,"Com André Luiz Rosário, educador do espaço de tecnologias e artes",uma,thisW,agora,sex,4,15h,undefined,2023-09-22 00:00:00,2023-09-22 00:00:00,2023-09-29 00:00:00,,,0,tarde
78000006504968,10,2,cursos e oficinas,6,Artes Visuais,78,Santos,interior,0,0,outros,,Laboratório aberto e compartilhado,,de-ate,sempre,agora,sempre,7,17h,undefined,2023-09-22 00:00:00,2023-09-22 00:00:00,2023-12-15 00:00:00,,,0,tarde
80000005029492,16,2,cursos e oficinas,6,Artes Visuais,80,Bauru,interior,1,0,outros,,ETA: Laboratório Aberto,"Com Bruno Müller, educador de tecnologias e artes do Sesc.",uma,thisW,agora,sex,4,14h,undefined,2023-09-22 00:00:00,2023-09-22 00:00:00,2023-09-29 00:00:00,,,0,tarde
83000003939446,20,2,cursos e oficinas,6,Artes Visuais,83,Piracicaba,interior,0,0,outros,,Mochila esportiva,"Com Lucinha Najm Bortoletto, psicopedagoga",de-ate,sempre,agora,sempre,7,14h,undefined,2023-09-22 00:00:00,2023-09-22 00:00:00,2023-09-29 00:00:00,,,0,tarde
84000005468515,15,2,cursos e oficinas,6,Artes Visuais,84,Rio Preto,interior,0,0,outros,,Espaço Aberto,Com educadores do Espaço de Tecnologias e Artes,uma,thisW,agora,sex,4,15h,undefined,2023-09-22 00:00:00,2023-09-22 00:00:00,2023-09-22 00:00:00,,,0,tarde
88000005130413,20,2,cursos e oficinas,6,Artes Visuais,88,Santo André,capital,1,0,jovens,Cursos e Oficinas 2023,Lab Jovem de Criatividade: Fotografia,"com Fábio Justino, educador em tecnologias e artes.",uma,thisW,agora,sex,4,14h30,undefined,2023-09-22 00:00:00,2023-09-22 00:00:00,2023-09-29 00:00:00,,,0,tarde
89000001249659,30,2,cursos e oficinas,6,Artes Visuais,89,CPF,capital,0,0,outros,Cursos e Palestras,Arte e tecnologia: poéticas e práticas,Com Jonas Esteves,primeira,thisW,agora,sex,4,14h,undefined,2023-09-22 00:00:00,2023-09-22 00:00:00,2023-10-06 00:00:00,,,0,tarde
89000001339629,30,2,cursos e oficinas,6,Artes Visuais,89,CPF,capital,0,0,outros,Cursos e Palestras,Fotografia e Inteligência Artificial,Com Simonetta Persichetti,primeira,thisW,agora,sex,4,15h,undefined,2023-09-22 00:00:00,2023-09-22 00:00:00,2023-09-29 00:00:00,,,0,tarde
92000001520941,15,2,cursos e oficinas,6,Artes Visuais,92,Registro,interior,1,0,idosos,,60naRede: Explorando recursos de notas e agenda no smartphone,"com Allan Kendy, Educador do Espaço de Tecnologias e Artes",uma,thisW,agora,sex,4,15h30,undefined,2023-09-22 00:00:00,2023-09-22 00:00:00,2023-09-29 00:00:00,,,0,tarde
93000005850248,15,2,cursos e oficinas,6,Artes Visuais,93,Jundiaí,interior,1,0,outros,blz - Ocupação Mônica Nador + JAMAC,Escrita Criativa em contos,com Plínio Camillo,uma,thisW,agora,sex,4,18h30,undefined,2023-09-22 00:00:00,2023-09-22 00:00:00,2023-09-22 00:00:00,,,0,noite
94000006128089,15,2,cursos e oficinas,6,Artes Visuais,94,Bom Retiro,capital,0,0,outros,Cursos Regulares 2º Semestre 2023,Lab em Casa - Revelação de Filmes Fotográficos com Ingredientes Alternativos,com Mauricio Sapata,primeira,thisW,agora,sex,4,09h,undefined,2023-09-22 00:00:00,2023-09-22 00:00:00,2023-10-27 00:00:00,,,0,manhã
95000002889521,10,2,cursos e oficinas,6,Artes Visuais,95,Osasco,capital,0,0,outros,,Oficina de Confecção Artesanal de Carteiras e Pochetes,com Atairú Sapatos Artesanais,uma,thisW,agora,sex,4,15h,undefined,2023-09-22 00:00:00,2023-09-22 00:00:00,2023-09-29 00:00:00,,,0,tarde
62000007746459,30,2,cursos e oficinas,8,Educação,62,Consolação,capital,0,0,jovens,,Tribo Teatral  13 a 17 anos,Com educadores do Sesc,primeira,thisW,agora,sex,4,14h30,undefined,2023-09-22 00:00:00,2023-09-22 00:00:00,2023-12-08 00:00:00,,,0,tarde
65000003432186,30,2,cursos e oficinas,8,Educação,65,Av. Paulista,capital,0,0,idosos,Dançar o Tempo,As Danças da Capoeira,Com Pé de Barauna,primeira,thisW,agora,sex,4,14h,undefined,2023-09-22 00:00:00,2023-09-22 00:00:00,2023-10-01 00:00:00,,,0,tarde
71000004365353,20,2,cursos e oficinas,8,Educação,71,Bertioga,interior,0,0,jovens,Juventudes: Arte e Território 2023,Grafite,Com Zulu Tiquinho.,primeira,thisW,agora,sex,4,19h,undefined,2023-09-22 00:00:00,2023-09-22 00:00:00,2023-11-17 00:00:00,,,0,noite
76000004515969,110,2,cursos e oficinas,8,Educação,76,Ribeirão Preto,interior,0,0,jovens,Curumim,Oficina de bonecos de feltro personalizados,Com Maria Nabão,uma,thisW,agora,sex,4,14h,undefined,2023-09-22 00:00:00,2023-09-21 00:00:00,2023-09-22 00:00:00,,,0,tarde
79000003096497,20,2,cursos e oficinas,8,Educação,79,Catanduva,interior,0,0,outros,,Crochê a Lá Vontê - Centro Pop,Com Eulete Alvino,uma,thisW,agora,sex,4,08h,undefined,2023-09-22 00:00:00,2023-09-22 00:00:00,2023-09-29 00:00:00,,,0,manhã
79000003205728,12,2,cursos e oficinas,8,Educação,79,Catanduva,interior,1,0,outros,,Aplicativos Móveis para Letramento Digital,"Com David Carlo, Educador de Tecnologias e Artes",de-ate,sempre,agora,sempre,7,14h,undefined,2023-09-22 00:00:00,2023-09-22 00:00:00,2023-11-24 00:00:00,,,0,tarde
81000004332383,20,2,cursos e oficinas,8,Educação,81,Taubaté,interior,0,0,idosos,,Oficina de Estimulação Cognitiva,"com Camila Daga Rodrigues - pós-graduação em Ensino Lúdico, Doenças Neurodegenerativas (Demências) e Neuropsicopedagogia, e Mariana Fuzaro - gerontóloga",de-ate,sempre,agora,sempre,7,14h,undefined,2023-09-22 00:00:00,2023-09-22 00:00:00,2023-09-22 00:00:00,,,0,tarde
82000005002571,15,2,cursos e oficinas,8,Educação,82,São Carlos,interior,0,0,outros,,Introdução ao Micro:bit na plataforma Microsoft Makecod,Com Educador do Espaço de Tecnologias e Artes,uma,thisW,agora,sex,4,18h30,undefined,2023-09-22 00:00:00,2023-09-22 00:00:00,2023-09-29 00:00:00,,,0,noite
83000004056436,30,2,cursos e oficinas,8,Educação,83,Piracicaba,interior,1,0,outros,Encontro sobre Educação,Oficina de Elaboração de Projetos Culturais,,uma,thisW,agora,sex,4,19h,undefined,2023-09-22 00:00:00,2023-09-22 00:00:00,2023-09-29 00:00:00,,,0,noite
89000001260878,40,2,cursos e oficinas,8,Educação,89,CPF,capital,0,0,outros,,Dança - Perspectivas de conexão,Alternativas de sobrevivência nas experiências criativas do corpo que dança.Com Rose Prado,primeira,thisW,agora,sex,4,19h,undefined,2023-09-22 00:00:00,2023-09-22 00:00:00,2023-10-06 00:00:00,,,0,noite
91000002182099,15,2,cursos e oficinas,8,Educação,91,Campo Limpo,capital,0,0,jovens,Juventudes,Grafitagens no Juventudes,com Ogbá,de-ate,sempre,agora,sempre,7,15h,undefined,2023-09-22 00:00:00,2023-09-22 00:00:00,2023-09-29 00:00:00,,,0,tarde
96000321809790,25,2,cursos e oficinas,8,Educação,96,Sorocaba,interior,0,0,jovens,#TahLigado,Juventudes: #tahligado,,primeira,thisW,agora,sex,4,15h15,undefined,2023-09-22 00:00:00,2023-09-22 00:00:00,2023-12-01 00:00:00,,,0,tarde
55000004572147,40,2,cursos e oficinas,9,Meio Ambiente,55,Interlagos,capital,0,0,outros,,Manejo de Riscos em Atividades Recreativas e Educacionais ao Ar Livre,Com Flávio Kunreuther,de-ate,sempre,agora,sempre,7,14h,undefined,2023-09-22 00:00:00,2023-09-22 00:00:00,2023-09-22 00:00:00,,,0,tarde
55000004572178,40,2,cursos e oficinas,9,Meio Ambiente,55,Interlagos,capital,1,0,outros,,Conhecendo o Jardim das Brincadeiras,Com Agentes de Educação Ambiental,uma,thisW,agora,sex,4,10h30,undefined,2023-09-22 00:00:00,2023-09-22 00:00:00,2023-09-22 00:00:00,,,0,manhã
65000003465500,20,2,cursos e oficinas,9,Meio Ambiente,65,Av. Paulista,capital,1,0,outros,,PANC da Casa,Com Guilherme Reis Ranieri,de-ate,sempre,agora,sempre,7,14h30,undefined,2023-09-22 00:00:00,2023-09-22 00:00:00,2023-09-23 00:00:00,,,0,tarde
76000004483332,20,2,cursos e oficinas,9,Meio Ambiente,76,Ribeirão Preto,interior,1,0,outros,,A primavera dentro e fora da gente, Com Luísa Cecília e Luciana Pereira do Projeto Sementeiras,uma,thisW,agora,sex,4,14h,undefined,2023-09-22 00:00:00,2023-09-22 00:00:00,2023-09-22 00:00:00,,,0,tarde
89000001313569,25,2,cursos e oficinas,9,Meio Ambiente,89,CPF,capital,0,0,outros,Cursos e Palestras,Coreografias do DAO/ Coreografias da natureza,Com Daniel Fagus Kairoz e Sheila Rafaini,primeira,thisW,agora,sex,4,10h,undefined,2023-09-22 00:00:00,2023-09-22 00:00:00,2023-10-06 00:00:00,,,0,manhã
93000005875048,20,2,cursos e oficinas,9,Meio Ambiente,93,Jundiaí,interior,1,0,crianças,,Casinha de barro,Com Da Terra- Educação e Permacultura,uma,thisW,agora,sex,4,14h30,undefined,2023-09-22 00:00:00,2023-09-22 00:00:00,2023-09-22 00:00:00,,,0,tarde
95000002828487,20,2,cursos e oficinas,9,Meio Ambiente,95,Osasco,capital,1,0,outros,Hortas - Ciclo Produtivo,Horta Ciclos Produtivos - OFICINAS -,com MUDA,primeira,thisW,agora,sex,4,14h,undefined,2023-09-22 00:00:00,2023-09-22 00:00:00,2023-09-22 00:00:00,,,0,tarde
89000001364974,70,3,debates e paletras,10,Saúde,89,CPF,capital,0,0,outros,Cursos e Palestras,"AquilombaSUS: clínica, política e resistências antirracistas","Com Emiliano de Camargo David, Rachel Gouveia Passos e Tadeu de Paula Souza",uma,thisW,agora,sex,4,19h,undefined,2023-09-22 00:00:00,2023-09-22 00:00:00,2023-09-22 00:00:00,,,0,noite
57000007241206,40,3,debates e paletras,14,Outros,57,Ipiranga,capital,0,0,outros, Festival da Integração,Festival da Integração,,uma,thisW,agora,sex,4,10h,undefined,2023-09-22 00:00:00,2023-09-21 00:00:00,2023-09-24 00:00:00,,,0,manhã
71000004440012,35,3,debates e paletras,14,Outros,71,Bertioga,interior,0,0,idosos, Festival da Integração,Camarim coletivo,,uma,thisW,agora,sex,4,07h,undefined,2023-09-22 00:00:00,2023-09-21 00:00:00,2023-09-24 00:00:00,,,0,manhã
71000004439936,15,3,debates e paletras,14,Outros,71,Bertioga,interior,0,0,idosos, Festival da Integração,Secretaria Festival da Integração,,uma,thisW,agora,sex,4,07h,undefined,2023-09-22 00:00:00,2023-09-21 00:00:00,2023-09-24 00:00:00,,,0,manhã
71000004440568,700,3,debates e paletras,8,Educação,71,Bertioga,interior,0,0,idosos, Festival da Integração,Coordenação de Guias,,uma,thisW,agora,sex,4,10h,undefined,2023-09-22 00:00:00,2023-09-21 00:00:00,2023-09-24 00:00:00,,,0,manhã
71000004403108,150,3,debates e paletras,8,Educação,71,Bertioga,interior,0,0,outros, Festival da Integração,Bate papo Idadismo,Com Beltrina Cortê e Mestre Gabi,uma,thisW,agora,sex,4,16h,undefined,2023-09-22 00:00:00,2023-09-22 00:00:00,2023-09-22 00:00:00,,,0,tarde
73000004988597,40,3,debates e paletras,8,Educação,73,Guarulhos,capital,0,0,idosos,,Festival da Integração,Centro de Férias Bertioga (SP),uma,thisW,agora,sex,4,09h,undefined,2023-09-22 00:00:00,2023-09-21 00:00:00,2023-09-24 00:00:00,,,0,manhã
78000006704235,50,3,debates e paletras,8,Educação,78,Santos,interior,1,0,outros,,Encontro de Jongueiros Paulista 2023: roda de conversa,Com o roteirista Paulo Dias,uma,thisW,agora,sex,4,19h30,undefined,2023-09-22 00:00:00,2023-09-22 00:00:00,2023-09-22 00:00:00,,,0,noite
83000003927393,150,3,debates e paletras,8,Educação,83,Piracicaba,interior,1,0,outros,,Como ser um educador antirracista,Com Bárbara Carine,uma,thisW,agora,sex,4,19h30,undefined,2023-09-22 00:00:00,2023-09-22 00:00:00,2023-09-22 00:00:00,,,0,noite
89000001251848,50,3,debates e paletras,8,Educação,89,CPF,capital,0,0,outros,Cursos e Palestras,Millôr Fernandes: o Brasil lido pelo humor,"Tiago Ferro, Paulo Roberto Pires, Sônia Bibe Luyten e Xico Sá",uma,thisW,agora,sex,4,15h,undefined,2023-09-22 00:00:00,2023-09-22 00:00:00,2023-09-29 00:00:00,,,0,tarde
72000000594682,30,3,debates e paletras,9,Meio Ambiente,72,Mogi Das Cruzes,capital,0,0,outros,Florestar: Áreas Verdes Educadoras - Ações regulares,Dia do Tietê,Com Caio Wilmers Manço e Luiz Augusto Ciaccio,uma,thisW,agora,sex,4,19h,undefined,2023-09-22 00:00:00,2023-09-22 00:00:00,2023-09-22 00:00:00,1,Tradução em Libras,0,noite
89000001300220,70,3,debates e paletras,9,Meio Ambiente,89,CPF,capital,0,0,outros,Gestão Cultural,Museus indígenas feitos por indígenas,Com Suzenalson Kanindé,uma,thisW,agora,sex,4,10h,undefined,2023-09-22 00:00:00,2023-09-22 00:00:00,2023-09-22 00:00:00,,,0,manhã
61000000854283,60,4,exposições,2,Teatro,61,Florêncio,capital,0,0,outros,,Pequenas grandes histórias fantásticas,Com coletivo Caixalada.,de-ate,sempre,agora,sempre,7,13h30,undefined,2023-09-22 00:00:00,2023-09-22 00:00:00,2023-09-22 00:00:00,,,0,tarde
87000002987159,50,4,exposições,9,Meio Ambiente,87,Prudente,interior,0,0,outros,Florestar: Áreas Verdes Educadoras - Ações regulares,Visita ao Bosque,Com agente de educação ambiental do Sesc,de-ate,sempre,agora,sempre,7,09h,undefined,2023-09-22 00:00:00,2023-09-22 00:00:00,2023-09-29 00:00:00,,,0,manhã
59000000722045,279,5,filmes,5,Cinema,59,Cinesesc,capital,0,0,outros,,ESTRANHA FORMA DE VIDA + ENTREVISTA ALMODÓVAR,"Pedro Almodóvar, Espanha/França, 2023, 86', ficção",uma,thisW,agora,sex,4,15h30,undefined,2023-09-22 00:00:00,2023-09-21 00:00:00,2023-09-27 00:00:00,1,Audiodescrição  Tradução em Libras  Closed Caption,0,tarde
82000005009053,30,5,filmes,5,Cinema,82,São Carlos,interior,0,0,outros,,EPTV na Escola,,uma,thisW,agora,sex,4,14h,undefined,2023-09-22 00:00:00,2023-09-21 00:00:00,2023-09-22 00:00:00,,,0,tarde
82000004904269,269,5,filmes,5,Cinema,82,São Carlos,interior,0,1,outros,,E agora aonde vamos?,"Fra, 2012. Cor. Dir.: Nadine Labaki. Drama. 102 min. 14 anos.",uma,thisW,agora,sex,4,19h30,undefined,2023-09-22 00:00:00,2023-09-22 00:00:00,2023-09-22 00:00:00,,,0,noite
84000005368288,236,5,filmes,5,Cinema,84,Rio Preto,interior,0,1,outros,,Central do Brasil com trilha ao vivo,,uma,thisW,agora,sex,4,20h,undefined,2023-09-22 00:00:00,2023-09-22 00:00:00,2023-09-22 00:00:00,,,0,noite
56000005159879,280,6,atividade física,11,Atividade Física,56,Itaquera,capital,0,0,jovens,,Olimpíadas Escolares - DRE Itaquera (Relações Institucionais),Basquetebol,de-ate,sempre,agora,sempre,7,09h,undefined,2023-09-22 00:00:00,2023-09-22 00:00:00,2023-09-22 00:00:00,,,0,manhã
56000005160083,280,6,atividade física,11,Atividade Física,56,Itaquera,capital,0,0,jovens,,Olimpíadas Escolares - DRE Itaquera (Relações Institucionais),Futebol de Salão,de-ate,sempre,agora,sempre,7,09h,undefined,2023-09-22 00:00:00,2023-09-22 00:00:00,2023-10-20 00:00:00,,,0,manhã
57000007500850,40,6,atividade física,11,Atividade Física,57,Ipiranga,capital,0,0,jovens,,Aula Aberta de Futsal Jovem,Com educadores e educadoras do Sesc Ipiranga,de-ate,sempre,agora,sempre,7,18h,undefined,2023-09-22 00:00:00,2023-09-22 00:00:00,2023-12-29 00:00:00,,,0,noite
57000007154898,200,6,atividade física,11,Atividade Física,57,Ipiranga,capital,0,0,jovens,,Treino - Atlética ETEC Getúlio Vargas,,de-ate,sempre,agora,sempre,7,11h30,undefined,2023-09-22 00:00:00,2023-09-22 00:00:00,2023-11-24 00:00:00,,,0,manhã
57000007500942,40,6,atividade física,11,Atividade Física,57,Ipiranga,capital,0,0,outros,,Aula Aberta de Futsal Feminino,Com educadores e educadoras do Sesc Ipiranga,de-ate,sempre,agora,sempre,7,19h30,undefined,2023-09-22 00:00:00,2023-09-22 00:00:00,2023-12-29 00:00:00,,,0,noite
65000003040496,100,6,atividade física,11,Atividade Física,65,Av. Paulista,capital,1,0,outros,,Conectando - Equinócio de Primavera,com Mariana Paunova,uma,thisW,agora,sex,4,19h,undefined,2023-09-22 00:00:00,2023-09-22 00:00:00,2023-09-22 00:00:00,,,0,noite
68000008743687,45,6,atividade física,11,Atividade Física,68,Belenzinho,capital,1,0,outros,Semana Move,"Bate Papo: Yoga, corpo resistência e território","Com Tainá Antônio, Karima Serene e Leandro Oliveira",uma,thisW,agora,sex,4,19h30,undefined,2023-09-22 00:00:00,2023-09-22 00:00:00,2023-09-22 00:00:00,,,0,noite
70000005156397,16,6,atividade física,11,Atividade Física,70,Santo Amaro,capital,0,0,outros,,Esporte Adulto - Beach Tennis,terça 7h15  quinta 7h15 - A partir de 16 anos,de-ate,sempre,agora,sempre,7,20h,undefined,2023-09-22 00:00:00,2023-09-22 00:00:00,2023-12-15 00:00:00,,,0,noite
72000000571343,30,6,atividade física,11,Atividade Física,72,Mogi Das Cruzes,capital,0,0,outros,,Esporte Jovem - Futsal Feminino - 13 a 16 anos,Com Educadores do  Físico Esportivo do Sesc,de-ate,sempre,agora,sempre,7,18h30,undefined,2023-09-22 00:00:00,2023-09-22 00:00:00,2023-11-29 00:00:00,,,0,noite
73000004882974,50,6,atividade física,11,Atividade Física,73,Guarulhos,capital,0,0,outros,Semana Move,Aula aberta de Práticas corporais: Tai Chi Chuan,Com Jefferson Iitako Duarte,de-ate,sempre,agora,sempre,7,10h30,undefined,2023-09-22 00:00:00,2023-09-22 00:00:00,2023-09-23 00:00:00,,,0,manhã
73000004883440,50,6,atividade física,11,Atividade Física,73,Guarulhos,capital,0,0,outros,Semana Move,Corredor Multifuncional,Com educadores do Sesc,de-ate,sempre,agora,sempre,7,18h30,undefined,2023-09-22 00:00:00,2023-09-22 00:00:00,2023-09-23 00:00:00,,,0,noite
76000004517726,35,6,atividade física,11,Atividade Física,76,Ribeirão Preto,interior,0,0,outros,,Jogos de Tabuleiro do Mundo Inteiro,Com Fernanda Casalli,de-ate,sempre,agora,sempre,7,13h30,undefined,2023-09-22 00:00:00,2023-09-21 00:00:00,2023-10-14 00:00:00,,,0,tarde
76000004348795,20,6,atividade física,11,Atividade Física,76,Ribeirão Preto,interior,0,0,outros,Inspiração e Movimento,Inspiração e Movimento  Tai Chi Chuan,com Gustavo Mello,de-ate,sempre,agora,sempre,7,20h,undefined,2023-09-22 00:00:00,2023-09-22 00:00:00,2023-09-29 00:00:00,,,0,noite
82000005143289,20,6,atividade física,11,Atividade Física,82,São Carlos,interior,0,0,outros,Juntos com você (Relacionamento com empresas),Ginástica de Pausa - Afinko,,uma,thisW,agora,sex,4,10h30,undefined,2023-09-22 00:00:00,2023-09-22 00:00:00,2023-09-22 00:00:00,,,0,manhã
82000005143289,20,6,atividade física,11,Atividade Física,82,São Carlos,interior,0,0,outros,Juntos com você (Relacionamento com empresas),Ginástica de Pausa - Afinko,,uma,thisW,agora,sex,4,11h,undefined,2023-09-22 00:00:00,2023-09-22 00:00:00,2023-09-22 00:00:00,,,0,manhã
82000005143289,20,6,atividade física,11,Atividade Física,82,São Carlos,interior,0,0,outros,Juntos com você (Relacionamento com empresas),Ginástica de Pausa - Afinko,,uma,thisW,agora,sex,4,14h,undefined,2023-09-22 00:00:00,2023-09-22 00:00:00,2023-09-22 00:00:00,,,0,tarde
85000003212286,50,6,atividade física,11,Atividade Física,85,Birigui,interior,0,0,outros,,Condicionamento Físico Aquático,Com educadores do Sesc,de-ate,sempre,agora,sempre,7,16h30,undefined,2023-09-22 00:00:00,2023-09-22 00:00:00,2023-12-29 00:00:00,,,0,tarde
91000002129817,20,6,atividade física,11,Atividade Física,91,Campo Limpo,capital,1,0,outros,,Aulas abertas de basquete 3x3 feminino,Com Professora Eduarda Cristina Silva Barbosa,de-ate,sempre,agora,sempre,7,19h,undefined,2023-09-22 00:00:00,2023-09-22 00:00:00,2023-10-27 00:00:00,,,0,noite
96000320076075,20,6,atividade física,11,Atividade Física,96,Sorocaba,interior,1,0,outros,Semana Move,Clínica de futevôlei,"Com Tiago Tremonti, técnico especialista em futevôlei e equipe",uma,thisW,agora,sex,4,19h30,undefined,2023-09-22 00:00:00,2023-09-21 00:00:00,2023-09-22 00:00:00,,,0,noite
53000006177608,40,6,atividade física,14,Outros,53,Santana,capital,0,0,outros,,Recreação de Vôlei Jovem,Com educadores do Sesc,de-ate,sempre,agora,sempre,7,12h30,undefined,2023-09-22 00:00:00,2023-09-22 00:00:00,2023-12-15 00:00:00,,,0,tarde
71000004291178,60,6,atividade física,14,Outros,71,Bertioga,interior,0,0,outros,,Recreação Tenis,Terca 18h  Quarta 08h  Quinta 18h  Sexta 08h  Sabado 08h - A partir de 16 anos,de-ate,sempre,agora,sempre,7,08h,undefined,2023-09-22 00:00:00,2023-09-21 00:00:00,2023-12-30 00:00:00,,,0,manhã
58000006052911,40,8,turismo,12,Turismo,58,Pinheiros,capital,0,0,outros,,Serras Capixabas,Aracruz (ES),primeira,thisW,agora,sex,4,20h,undefined,2023-09-22 00:00:00,2023-09-22 00:00:00,2023-09-30 00:00:00,,,0,noite
73000004919826,40,8,turismo,12,Turismo,73,Guarulhos,capital,0,0,outros,,"Vale das Artes - Taubaté, Cunha e São Luiz do Paraitinga",,primeira,thisW,agora,sex,4,08h,undefined,2023-09-22 00:00:00,2023-09-22 00:00:00,2023-09-24 00:00:00,,,0,manhã
52000005565166,45,9,'+ lazer,14,Outros,52,24 De Maio,capital,0,0,outros,Espaço de Brincar,Cata-vento,com educadores do Espaço de Brincar,de-ate,sempre,agora,sempre,7,14h30,undefined,2023-09-22 00:00:00,2023-09-22 00:00:00,2023-09-22 00:00:00,,,0,tarde
72000000568092,15,9,'+ lazer,14,Outros,72,Mogi Das Cruzes,capital,0,0,outros,Espaço de Brincar,Brinquedos que a gente faz! - Brinquedos de lata,"Com Rui Mauro e Caroline de Rienzo, educadores do Sesc Mogi das Cruzes",de-ate,sempre,agora,sempre,7,16h30,undefined,2023-09-22 00:00:00,2023-09-22 00:00:00,2023-09-22 00:00:00,,,0,tarde
76000004290700,30,9,'+ lazer,14,Outros,76,Ribeirão Preto,interior,1,0,crianças,Espaço de Brincar,Para fazer e brincar,atividades Espaço de Brincar para crianças de 3 a 6 anos e seus familiares,de-ate,sempre,agora,sempre,7,17h,undefined,2023-09-22 00:00:00,2023-09-22 00:00:00,2023-12-15 00:00:00,,,0,tarde
80000005087313,15,9,'+ lazer,14,Outros,80,Bauru,interior,1,0,outros,,Jogos de Tabuleiro,Com educadores de Tecnologias e Artes do Sesc.,de-ate,sempre,agora,sempre,7,18h,undefined,2023-09-22 00:00:00,2023-09-22 00:00:00,2023-09-29 00:00:00,,,0,noite
92000001505117,20,9,'+ lazer,14,Outros,92,Registro,interior,0,0,crianças,Sextas Brincantes,Mediação de leitura para bebês,"Com Barbara Lacerda, educadora do programa Espaço de Brincar",de-ate,sempre,agora,sempre,7,17h,undefined,2023-09-22 00:00:00,2023-09-22 00:00:00,2023-09-29 00:00:00,,,0,tarde
52000005555812,219,1,shows e espetáculos,1,Música,52,24 De Maio,capital,0,0,outros,,Fabriccio,Show do álbum Selva   Participação especial de Zudizilla,uma,thisW,agora,sáb,5,20h,undefined,2023-09-23 00:00:00,2023-09-23 00:00:00,2023-09-23 00:00:00,,,0,noite
58000006585033,1000,1,shows e espetáculos,1,Música,58,Pinheiros,capital,0,0,outros,,Iara Rennó - Orí Okàn,Participações de Moreno Veloso e Zé Manoel,uma,thisW,agora,sáb,5,21h,undefined,2023-09-23 00:00:00,2023-09-23 00:00:00,2023-09-23 00:00:00,,,0,noite
61000000854058,150,1,shows e espetáculos,1,Música,61,Florêncio,capital,0,0,outros,Poéticas Musicais,Simoninha,"Com Wilson Simoninha, cantor e compositor",uma,thisW,agora,sáb,5,16h,undefined,2023-09-23 00:00:00,2023-09-23 00:00:00,2023-09-23 00:00:00,,,0,tarde
66000016837418,1200,1,shows e espetáculos,1,Música,66,Vila Mariana,capital,0,0,outros,,Maglore,"Lançamento do vinil ""V""",uma,thisW,agora,sáb,5,21h,undefined,2023-09-23 00:00:00,2023-09-23 00:00:00,2023-09-24 00:00:00,,,0,noite
68000008707260,800,1,shows e espetáculos,1,Música,68,Belenzinho,capital,0,0,outros,,Afrodizia e Quique Neira,REGGALIZAÇÃO,uma,thisW,agora,sáb,5,20h30,undefined,2023-09-23 00:00:00,2023-09-23 00:00:00,2023-09-23 00:00:00,,,0,noite
68000008685846,394,1,shows e espetáculos,1,Música,68,Belenzinho,capital,0,0,outros,,Maíra Baldaia,OBÍ,uma,thisW,agora,sáb,5,21h,undefined,2023-09-23 00:00:00,2023-09-23 00:00:00,2023-09-23 00:00:00,,,0,noite
70000005503499,100,1,shows e espetáculos,1,Música,70,Santo Amaro,capital,1,0,outros,,"Dançando os Orixás, Cantando pro Santo",com Cia Cambona,uma,thisW,agora,sáb,5,17h,undefined,2023-09-23 00:00:00,2023-09-23 00:00:00,2023-09-23 00:00:00,,,0,tarde
73000004978046,350,1,shows e espetáculos,1,Música,73,Guarulhos,capital,0,0,outros,,Day Limns,Bem Vindo ao Clube,uma,thisW,agora,sáb,5,20h,undefined,2023-09-23 00:00:00,2023-09-23 00:00:00,2023-09-23 00:00:00,,,0,noite
76000004507959,1500,1,shows e espetáculos,1,Música,76,Ribeirão Preto,interior,0,0,outros,,Fat Family,,uma,thisW,agora,sáb,5,18h,undefined,2023-09-23 00:00:00,2023-09-23 00:00:00,2023-09-23 00:00:00,,,0,noite
78000006535180,765,1,shows e espetáculos,1,Música,78,Santos,interior,0,0,outros,,Rico Dalasam,Escuro Brilhante,uma,thisW,agora,sáb,5,20h,undefined,2023-09-23 00:00:00,2023-09-23 00:00:00,2023-09-23 00:00:00,,,0,noite
84000005381229,300,1,shows e espetáculos,1,Música,84,Rio Preto,interior,0,0,outros,,Thaíde,40 Anos de Hip Hop,uma,thisW,agora,sáb,5,20h,undefined,2023-09-23 00:00:00,2023-09-23 00:00:00,2023-09-23 00:00:00,,,0,noite
84000005568731,236,1,shows e espetáculos,1,Música,84,Rio Preto,interior,1,0,outros,,Apresentação Projeto Guri,,uma,thisW,agora,sáb,5,14h,undefined,2023-09-23 00:00:00,2023-09-23 00:00:00,2023-09-23 00:00:00,,,0,tarde
86000004035810,200,1,shows e espetáculos,1,Música,86,Araraquara,interior,1,0,outros,,Memórias de Carvalho,Com Ana Maria Carvalho e Bel Carvalho,uma,thisW,agora,sáb,5,16h,undefined,2023-09-23 00:00:00,2023-09-23 00:00:00,2023-09-23 00:00:00,,,0,tarde
87000002987262,500,1,shows e espetáculos,1,Música,87,Prudente,interior,0,0,outros,,Klaudia Raab canta Gal Costa,,uma,thisW,agora,sáb,5,16h,undefined,2023-09-23 00:00:00,2023-09-23 00:00:00,2023-09-23 00:00:00,,,0,tarde
88000005141581,302,1,shows e espetáculos,1,Música,88,Santo André,capital,0,0,outros,,Carro Bomba,Migalhas,uma,thisW,agora,sáb,5,19h,undefined,2023-09-23 00:00:00,2023-09-23 00:00:00,2023-09-23 00:00:00,,,0,noite
57000007440879,300,1,shows e espetáculos,11,Atividade Física,57,Ipiranga,capital,0,0,outros,Semana Move,Apresentação esportiva: Mahmoud Abdoul Raulf,Com Mahmoud Abdoul Raulf,uma,thisW,agora,sáb,5,10h30,undefined,2023-09-23 00:00:00,2023-09-23 00:00:00,2023-09-23 00:00:00,,,0,manhã
66000017454260,70,1,shows e espetáculos,11,Atividade Física,66,Vila Mariana,capital,0,0,crianças,Semana Move,Fabiano e Anna Giulia Veloso,Apresentação e bate papo,uma,thisW,agora,sáb,5,15h,undefined,2023-09-23 00:00:00,2023-09-23 00:00:00,2023-09-23 00:00:00,1,Tradução em Libras,0,tarde
66000017454260,70,1,shows e espetáculos,11,Atividade Física,66,Vila Mariana,capital,0,0,crianças,Semana Move,Fabiano e Anna Giulia Veloso,Apresentação e bate papo,uma,thisW,agora,sáb,5,16h,undefined,2023-09-23 00:00:00,2023-09-23 00:00:00,2023-09-23 00:00:00,1,Tradução em Libras,0,tarde
68000008743605,150,1,shows e espetáculos,11,Atividade Física,68,Belenzinho,capital,1,0,outros,Semana Move,Apresentação de Skate Freestyle e Breaking Dance,com Brownzinho Mendes e o Projeto Nas Quebras,uma,thisW,agora,sáb,5,14h,undefined,2023-09-23 00:00:00,2023-09-23 00:00:00,2023-09-23 00:00:00,,,0,tarde
73000004818691,150,1,shows e espetáculos,11,Atividade Física,73,Guarulhos,capital,0,0,crianças,Semana Move,Jogo Exibição de Basquete 3x3,Com atletas da ANB 3x3,uma,thisW,agora,sáb,5,12h,undefined,2023-09-23 00:00:00,2023-09-23 00:00:00,2023-09-23 00:00:00,,,0,tarde
73000004818706,120,1,shows e espetáculos,11,Atividade Física,73,Guarulhos,capital,0,0,outros,Semana Move,Basquete 3x3 com Felipe Franklin e Evelyn Larissa,,uma,thisW,agora,sáb,5,15h30,undefined,2023-09-23 00:00:00,2023-09-23 00:00:00,2023-09-23 00:00:00,,,0,tarde
76000004438603,100,1,shows e espetáculos,11,Atividade Física,76,Ribeirão Preto,interior,1,0,outros,Semana Move,"Correr, Rolar e Saltar - Desafios de Ginástica",Com Super Fun Mini Esportes,uma,thisW,agora,sáb,5,10h,undefined,2023-09-23 00:00:00,2023-09-23 00:00:00,2023-09-24 00:00:00,,,0,manhã
77000313096931,120,1,shows e espetáculos,11,Atividade Física,77,S. J. Campos,interior,0,0,crianças,Semana Move,Judô paralimpico e inclusivo,"Com Luan ""Polaco"" Pimentel, Teresinha Silva e Sandro Marcelo",uma,thisW,agora,sáb,5,15h30,undefined,2023-09-23 00:00:00,2023-09-23 00:00:00,2023-09-23 00:00:00,,,0,tarde
79000003165978,200,1,shows e espetáculos,11,Atividade Física,79,Catanduva,interior,1,0,outros,Semana Move,Clínica de Ginástica Rítmica,"Com Geovanna Santos, ginasta da seleção brasileira de Ginástica Rítima",uma,thisW,agora,sáb,5,14h,undefined,2023-09-23 00:00:00,2023-09-23 00:00:00,2023-09-23 00:00:00,,,0,tarde
85000003215516,100,1,shows e espetáculos,11,Atividade Física,85,Birigui,interior,0,0,outros,Semana Move,Apresentação de levantamento de peso olímpico,"Com Luiza Dias, atleta de levantamento de peso olímpico e coach de cross training",uma,thisW,agora,sáb,5,16h30,undefined,2023-09-23 00:00:00,2023-09-23 00:00:00,2023-09-23 00:00:00,,,0,tarde
96000316962688,52,1,shows e espetáculos,11,Atividade Física,96,Sorocaba,interior,1,0,outros,Semana Move,Jogando com atletas e Festival de Futevôlei,"Com Vinicius Souza e Renata Lima, atletas profissionais e multicampeões da modalidade",uma,thisW,agora,sáb,5,14h,undefined,2023-09-23 00:00:00,2023-09-23 00:00:00,2023-09-23 00:00:00,,,0,tarde
57000007274848,200,1,shows e espetáculos,2,Teatro,57,Ipiranga,capital,0,0,outros,,Selvagem,De Mike Bartlett,uma,thisW,agora,sáb,5,20h,undefined,2023-09-23 00:00:00,2023-09-23 00:00:00,2023-10-22 00:00:00,1,Tradução em Libras,0,noite
57000006564450,30,1,shows e espetáculos,2,Teatro,57,Ipiranga,capital,0,0,outros,Teatro Mínimo,Okama,Direção Miwa Yanagizawa,uma,thisW,agora,sáb,5,18h30,undefined,2023-09-23 00:00:00,2023-09-22 00:00:00,2023-10-08 00:00:00,,,0,noite
58000006707553,98,1,shows e espetáculos,2,Teatro,58,Pinheiros,capital,0,0,outros,,"E VOCÊS, QUEM SÃO?",Samuel de Assis,uma,thisW,agora,sáb,5,20h,undefined,2023-09-23 00:00:00,2023-09-21 00:00:00,2023-10-28 00:00:00,,,0,noite
62000007895240,280,1,shows e espetáculos,2,Teatro,62,Consolação,capital,0,0,outros,,A hora do lobo - um debate com o filme Dogville de Lars von Trier,de Christiane Jatahy,uma,thisW,agora,sáb,5,20h,undefined,2023-09-23 00:00:00,2023-09-22 00:00:00,2023-10-15 00:00:00,,,0,noite
63000012860818,302,1,shows e espetáculos,2,Teatro,63,Pompeia,capital,0,1,outros,,Cadê o Sobrevento? Vinte Anos Depois,Com Grupo Sobrevento,uma,thisW,agora,sáb,5,20h,undefined,2023-09-23 00:00:00,2023-09-22 00:00:00,2023-10-01 00:00:00,1,Tradução em Libras,0,noite
66000016904826,122,1,shows e espetáculos,2,Teatro,66,Vila Mariana,capital,0,0,outros,,Inútil canto e inútil pranto pelos anjos caídos,Com Ícaro Rodrigues. Dir.: Roberta Estrela D'Alva,uma,thisW,agora,sáb,5,18h30,undefined,2023-09-23 00:00:00,2023-09-22 00:00:00,2023-10-07 00:00:00,1,Audiodescrição  Tradução em Libras,0,noite
67000002822651,90,1,shows e espetáculos,2,Teatro,67,São Caetano,capital,0,1,outros,Espetáculos para Diferentes Gerações,Vincent - por um toque de amarelo,Cia. da Casa Amarela,uma,thisW,agora,sáb,5,16h30,undefined,2023-09-23 00:00:00,2023-09-23 00:00:00,2023-09-23 00:00:00,,,0,tarde
68000008969431,120,1,shows e espetáculos,2,Teatro,68,Belenzinho,capital,0,0,outros,,G.A.L.A.,"direção de Gerald Thomas, com Fernanda Gugli",uma,thisW,agora,sáb,5,21h30,undefined,2023-09-23 00:00:00,2023-09-22 00:00:00,2023-10-08 00:00:00,,,0,noite
68000008319281,120,1,shows e espetáculos,2,Teatro,68,Belenzinho,capital,0,0,outros,,Quando o discurso autoriza a barbárie,Companhia de Teatro Heliópolis,uma,thisW,agora,sáb,5,20h,undefined,2023-09-23 00:00:00,2023-09-22 00:00:00,2023-10-01 00:00:00,,,0,noite
68000007594376,247,1,shows e espetáculos,2,Teatro,68,Belenzinho,capital,0,1,outros,CO_ME_ÇA,A Grande Questão,com Cia de Feitos,uma,thisW,agora,sáb,5,12h,undefined,2023-09-23 00:00:00,2023-09-23 00:00:00,2023-10-01 00:00:00,,,0,tarde
70000005426245,270,1,shows e espetáculos,2,Teatro,70,Santo Amaro,capital,0,0,outros,,A Falecida,,uma,thisW,agora,sáb,5,17h,undefined,2023-09-23 00:00:00,2023-09-22 00:00:00,2023-10-01 00:00:00,,,0,tarde
70000005426245,270,1,shows e espetáculos,2,Teatro,70,Santo Amaro,capital,0,0,outros,,A Falecida,,uma,thisW,agora,sáb,5,20h,undefined,2023-09-23 00:00:00,2023-09-22 00:00:00,2023-10-01 00:00:00,,,0,noite
72000000588145,200,1,shows e espetáculos,2,Teatro,72,Mogi Das Cruzes,capital,1,0,outros,,Expedição Pacífico,Com a Cia Truks,uma,thisW,agora,sáb,5,16h,undefined,2023-09-23 00:00:00,2023-09-23 00:00:00,2023-09-23 00:00:00,1,Tradução em Libras,0,tarde
73000004800579,300,1,shows e espetáculos,2,Teatro,73,Guarulhos,capital,1,0,crianças,,Nina e a cidade que perdeu o vento,com Grupo Pandora de Teatro,uma,thisW,agora,sáb,5,16h,undefined,2023-09-23 00:00:00,2023-09-23 00:00:00,2023-09-23 00:00:00,,,0,tarde
77000310723639,126,1,shows e espetáculos,2,Teatro,77,S. J. Campos,interior,0,1,outros,Mostra Centro Teatral Etc e Tal,Fulano & Sicrano,Com Centro Teatral Etc e Tal,uma,thisW,agora,sáb,5,20h,undefined,2023-09-23 00:00:00,2023-09-23 00:00:00,2023-09-23 00:00:00,,,0,noite
81000004187527,55,1,shows e espetáculos,2,Teatro,81,Taubaté,interior,0,1,outros,,Eu Não Sou Harvey,Com Cia dos Inquietos,uma,thisW,agora,sáb,5,20h,undefined,2023-09-23 00:00:00,2023-09-23 00:00:00,2023-09-23 00:00:00,,,0,noite
82000004869619,269,1,shows e espetáculos,2,Teatro,82,São Carlos,interior,0,1,outros,,Entre Mundos,Com Gabriel Bodstein e Gabriela Cerqueira. Direção de Elisa Rossin.,uma,thisW,agora,sáb,5,16h,undefined,2023-09-23 00:00:00,2023-09-22 00:00:00,2023-09-23 00:00:00,,,0,tarde
83000003995793,150,1,shows e espetáculos,2,Teatro,83,Piracicaba,interior,0,0,crianças,Cena Criança,As histórias de Benê,Trupe Arlequinos & Colombinas,uma,thisW,agora,sáb,5,16h,undefined,2023-09-23 00:00:00,2023-09-23 00:00:00,2023-09-23 00:00:00,1,Tradução em Libras,0,tarde
91000002153144,150,1,shows e espetáculos,2,Teatro,91,Campo Limpo,capital,0,0,outros,"Zona Sul, Zona Show",Estudo sobre a padaria,Brava Companhia de Teatro,uma,thisW,agora,sáb,5,18h,undefined,2023-09-23 00:00:00,2023-09-23 00:00:00,2023-09-23 00:00:00,,,0,noite
92000001508603,178,1,shows e espetáculos,2,Teatro,92,Registro,interior,0,0,outros,,Nzinga,Com Diásporas Produções,uma,thisW,agora,sáb,5,20h,undefined,2023-09-23 00:00:00,2023-09-23 00:00:00,2023-09-23 00:00:00,,,0,noite
93000005830325,220,1,shows e espetáculos,2,Teatro,93,Jundiaí,interior,0,0,outros,Persona - Arte LGBTQIAPN+,Vienen por Mí,com Fabia Mirassos,uma,thisW,agora,sáb,5,19h,undefined,2023-09-23 00:00:00,2023-09-23 00:00:00,2023-09-23 00:00:00,,,0,noite
52000005465566,100,1,shows e espetáculos,3,Circo,52,24 De Maio,capital,0,0,outros,Semana Move,Intervenção Futebol de Palhaças,Semana MOVE,uma,thisW,agora,sáb,5,13h30,undefined,2023-09-23 00:00:00,2023-09-23 00:00:00,2023-09-23 00:00:00,,,0,tarde
53000006380479,337,1,shows e espetáculos,3,Circo,53,Santana,capital,0,0,outros,,A Divina Farsa,Com LaMínima,uma,thisW,agora,sáb,5,20h,undefined,2023-09-23 00:00:00,2023-09-22 00:00:00,2023-09-24 00:00:00,,,0,noite
53000006109248,200,1,shows e espetáculos,3,Circo,53,Santana,capital,0,0,outros,,O Incrível Número Final,Bando Golíardis,uma,thisW,agora,sáb,5,14h,undefined,2023-09-23 00:00:00,2023-09-23 00:00:00,2023-09-24 00:00:00,,,0,tarde
83000004147405,500,1,shows e espetáculos,3,Circo,83,Piracicaba,interior,1,0,outros,Cena Criança,Newton Yamassaki,Sesc Empresa,uma,thisW,agora,sáb,5,14h,undefined,2023-09-23 00:00:00,2023-09-23 00:00:00,2023-09-23 00:00:00,,,0,tarde
84000005397298,200,1,shows e espetáculos,3,Circo,84,Rio Preto,interior,0,0,outros,Semana Move,Cestou!,Intervenção artística ambulante,uma,thisW,agora,sáb,5,10h,undefined,2023-09-23 00:00:00,2023-09-23 00:00:00,2023-09-24 00:00:00,,,0,manhã
88000005299914,300,1,shows e espetáculos,3,Circo,88,Santo André,capital,0,0,outros,,Backstage,Com o Grupo Arena Circus,uma,thisW,agora,sáb,5,16h,undefined,2023-09-23 00:00:00,2023-09-23 00:00:00,2023-09-23 00:00:00,,,0,tarde
93000005834238,250,1,shows e espetáculos,3,Circo,93,Jundiaí,interior,0,0,outros,,Charanga da Tramp,Com a Cia Tramp,uma,thisW,agora,sáb,5,17h30,undefined,2023-09-23 00:00:00,2023-09-23 00:00:00,2023-09-23 00:00:00,,,0,tarde
95000002789856,400,1,shows e espetáculos,3,Circo,95,Osasco,capital,1,0,outros,Circo Nosso de Todo Dia,Os Mequetrefe,Com os Parlapatões,uma,thisW,agora,sáb,5,16h,undefined,2023-09-23 00:00:00,2023-09-23 00:00:00,2023-09-23 00:00:00,,,0,tarde
65000003518687,60,1,shows e espetáculos,4,Dança,65,Av. Paulista,capital,0,0,outros,,O Agora não confabula com a espera,Iara izidoro,uma,thisW,agora,sáb,5,20h,undefined,2023-09-23 00:00:00,2023-09-22 00:00:00,2023-09-23 00:00:00,,,0,noite
71000004403170,30,1,shows e espetáculos,4,Dança,71,Bertioga,interior,0,0,outros, Festival da Integração,Ensaio para os próximos passos,Com Cia o povo em pé,uma,thisW,agora,sáb,5,14h30,undefined,2023-09-23 00:00:00,2023-09-21 00:00:00,2023-09-23 00:00:00,,,0,tarde
71000004425106,150,1,shows e espetáculos,4,Dança,71,Bertioga,interior,0,0,outros, Festival da Integração,"Glamurosa: Arte Drag, Performance e Resistência",Com Coletivo Acuenda,uma,thisW,agora,sáb,5,14h30,undefined,2023-09-23 00:00:00,2023-09-23 00:00:00,2023-09-23 00:00:00,,,0,tarde
75000008055732,100,1,shows e espetáculos,4,Dança,75,Campinas,interior,0,0,outros,BIENAL SESC DE DANÇA - 2023,[BIENAL SESC DE DANÇA] Clamors,Com Mithkal Alzghair (Síria/França),uma,thisW,agora,sáb,5,21h30,undefined,2023-09-23 00:00:00,2023-09-23 00:00:00,2023-09-24 00:00:00,1,Audiodescrição,0,noite
75000008055771,100,1,shows e espetáculos,4,Dança,75,Campinas,interior,0,0,outros,BIENAL SESC DE DANÇA - 2023,[BIENAL SESC DE DANÇA] Devotees,Com João Paulo Lima,uma,thisW,agora,sáb,5,19h,undefined,2023-09-23 00:00:00,2023-09-23 00:00:00,2023-09-24 00:00:00,1,Audiodescrição  Tradução em Libras,0,noite
75000008026541,100,1,shows e espetáculos,4,Dança,75,Campinas,interior,0,0,outros,BIENAL SESC DE DANÇA - 2023,[BIENAL SESC DE DANÇA] Engasgadas,Com Zona Agbara,uma,thisW,agora,sáb,5,18h30,undefined,2023-09-23 00:00:00,2023-09-23 00:00:00,2023-09-24 00:00:00,,,0,noite
75000008031406,100,1,shows e espetáculos,4,Dança,75,Campinas,interior,0,0,outros,BIENAL SESC DE DANÇA - 2023,[BIENAL SESC DE DANÇA] Gente de Lá,Com Wellington Gadelha,uma,thisW,agora,sáb,5,20h,undefined,2023-09-23 00:00:00,2023-09-22 00:00:00,2023-09-23 00:00:00,,,0,noite
75000008056086,100,1,shows e espetáculos,4,Dança,75,Campinas,interior,0,0,outros,BIENAL SESC DE DANÇA - 2023,[BIENAL SESC DE DANÇA] Hammam,Com Javiera Peón-Veiga (Chile),uma,thisW,agora,sáb,5,20h30,undefined,2023-09-23 00:00:00,2023-09-23 00:00:00,2023-09-24 00:00:00,,,0,noite
75000008056131,100,1,shows e espetáculos,4,Dança,75,Campinas,interior,0,0,outros,BIENAL SESC DE DANÇA - 2023,[BIENAL SESC DE DANÇA] Nunca mais abismos,,uma,thisW,agora,sáb,5,16h,undefined,2023-09-23 00:00:00,2023-09-22 00:00:00,2023-09-24 00:00:00,1,Audiodescrição  Tradução em Libras,0,tarde
75000008056208,100,1,shows e espetáculos,4,Dança,75,Campinas,interior,0,0,outros,BIENAL SESC DE DANÇA - 2023,[BIENAL SESC DE DANÇA] Si-pó,Com Odacy Oliveira,uma,thisW,agora,sáb,5,17h30,undefined,2023-09-23 00:00:00,2023-09-22 00:00:00,2023-09-23 00:00:00,,,0,tarde
75000008032419,100,1,shows e espetáculos,4,Dança,75,Campinas,interior,0,0,outros,BIENAL SESC DE DANÇA - 2023,[BIENAL SESC DE DANÇA] Teimosinho,Com Flávio Rabello,uma,thisW,agora,sáb,5,11h,undefined,2023-09-23 00:00:00,2023-09-23 00:00:00,2023-09-24 00:00:00,,,0,manhã
75000008076207,400,1,shows e espetáculos,4,Dança,75,Campinas,interior,0,0,outros,BIENAL SESC DE DANÇA - 2023,[BIENAL SESC DE DANÇA] The Ecstatic,Com Jeremy Nedd e Impilo Mapantsula (Suiça),uma,thisW,agora,sáb,5,20h,undefined,2023-09-23 00:00:00,2023-09-23 00:00:00,2023-09-24 00:00:00,,,0,noite
75000008118468,10,1,shows e espetáculos,4,Dança,75,Campinas,interior,0,0,outros,BIENAL SESC DE DANÇA - 2023,Guias de Turismo - Bienal Sesc de Dança,,uma,thisW,agora,sáb,5,07h30,undefined,2023-09-23 00:00:00,2023-09-21 00:00:00,2023-09-24 00:00:00,,,0,manhã
94000006109154,291,1,shows e espetáculos,4,Dança,94,Bom Retiro,capital,0,0,crianças,,Somoo,Com Art Project Bora (COR),uma,thisW,agora,sáb,5,20h,undefined,2023-09-23 00:00:00,2023-09-23 00:00:00,2023-09-23 00:00:00,,,0,noite
96000317993690,270,1,shows e espetáculos,4,Dança,96,Sorocaba,interior,0,0,outros,,Três Solos,"Com Henrique Lima, Jorge Garcia e Diogo Granato",uma,thisW,agora,sáb,5,20h,undefined,2023-09-23 00:00:00,2023-09-23 00:00:00,2023-09-23 00:00:00,,,0,noite
52000005321904,80,1,shows e espetáculos,7,Literatura,52,24 De Maio,capital,1,0,crianças,Amefricanidade & Literatura: vivências ancestrais em narrativas contemporâneas,Coletivo Cafuzas celebra as mulheres e suas histórias,,uma,thisW,agora,sáb,5,16h,undefined,2023-09-23 00:00:00,2023-09-23 00:00:00,2023-09-23 00:00:00,,,0,tarde
55000004642152,80,1,shows e espetáculos,7,Literatura,55,Interlagos,capital,1,0,outros,Contações de Histórias,Pequenas Histórias de Cantar,Com Cristiano Gouveia,uma,thisW,agora,sáb,5,14h,undefined,2023-09-23 00:00:00,2023-09-23 00:00:00,2023-09-30 00:00:00,,,0,tarde
63000013679198,200,1,shows e espetáculos,7,Literatura,63,Pompeia,capital,0,0,outros,,Intervenção Pequeno Auto Andarilho - Ação Relacionamento Shopping Cantareira,com a Cia Prana Teatro,uma,thisW,agora,sáb,5,15h30,undefined,2023-09-23 00:00:00,2023-09-23 00:00:00,2023-09-23 00:00:00,,,0,tarde
70000005579283,200,1,shows e espetáculos,7,Literatura,70,Santo Amaro,capital,1,0,outros,,João Esperto Leva o Presente Certo,"Com o grupo êBA! formado por Amanda Lioli, Brunna Talita, Li Albano.",uma,thisW,agora,sáb,5,14h,undefined,2023-09-23 00:00:00,2023-09-23 00:00:00,2023-09-23 00:00:00,1,Tradução em Libras,0,tarde
75000008050815,100,1,shows e espetáculos,7,Literatura,75,Campinas,interior,0,0,outros,,Novo [Na estante],com Rita Carelli,uma,thisW,agora,sáb,5,09h,undefined,2023-09-23 00:00:00,2023-09-21 00:00:00,2023-10-31 00:00:00,,,0,manhã
75000007953323,15,1,shows e espetáculos,7,Literatura,75,Campinas,interior,1,0,outros,,[NA ESTANTE] Rita Carelli,com Rita Carelli,uma,thisW,agora,sáb,5,09h,undefined,2023-09-23 00:00:00,2023-09-21 00:00:00,2023-10-31 00:00:00,,,0,manhã
77000311417273,60,1,shows e espetáculos,7,Literatura,77,S. J. Campos,interior,1,0,crianças,HistoriElas,Empatia com Eva Furnari,Grupo Cafezinho,uma,thisW,agora,sáb,5,15h,undefined,2023-09-23 00:00:00,2023-09-23 00:00:00,2023-10-07 00:00:00,,,0,tarde
78000006595289,150,1,shows e espetáculos,7,Literatura,78,Santos,interior,1,0,outros,,O vento que brinca - Histórias trazidas pela Natureza,com Maria Kubrusly,uma,thisW,agora,sáb,5,17h,undefined,2023-09-23 00:00:00,2023-09-23 00:00:00,2023-09-23 00:00:00,,,0,tarde
96000318921816,200,1,shows e espetáculos,7,Literatura,96,Sorocaba,interior,1,0,outros,Artes para crianças,Siga a seta,Com Cia. do Liquidificador,uma,thisW,agora,sáb,5,16h,undefined,2023-09-23 00:00:00,2023-09-23 00:00:00,2023-09-23 00:00:00,,,0,tarde
56000005008150,100,1,shows e espetáculos,8,Educação,56,Itaquera,capital,1,0,outros,,Sarau das Mulheres,,uma,thisW,agora,sáb,5,14h30,undefined,2023-09-23 00:00:00,2023-09-23 00:00:00,2023-09-23 00:00:00,,,0,tarde
63000013329014,150,1,shows e espetáculos,8,Educação,63,Pompeia,capital,1,0,outros,Boteco da Diversidade,Boteco da Diversidade: Cura e Ancestralidade dos povos negros e originários,,uma,thisW,agora,sáb,5,20h,undefined,2023-09-23 00:00:00,2023-09-23 00:00:00,2023-09-23 00:00:00,1,Tradução em Libras,0,noite
78000006704389,80,1,shows e espetáculos,8,Educação,78,Santos,interior,1,0,outros,,Roda de Jongo: Encontro de Jongueiros Paulista 2023,,uma,thisW,agora,sáb,5,17h,undefined,2023-09-23 00:00:00,2023-09-23 00:00:00,2023-09-23 00:00:00,,,0,tarde
65000003122112,98,10,serviços,14,Outros,65,Av. Paulista,capital,0,0,outros,,Clínica Ambulatorial,,de-ate,thisW,agora,sáb,5,10h,undefined,2023-09-23 00:00:00,2023-09-21 00:00:00,2023-12-23 00:00:00,,,0,
82000004454968,24,10,serviços,14,Outros,82,São Carlos,interior,0,0,outros,,Piscina,Sábado 09h30  Domingo 09h30 - Livre,de-ate,thisW,agora,sáb,5,09h30,undefined,2023-09-23 00:00:00,2023-09-23 00:00:00,2023-12-30 00:00:00,,,0,
88000004592141,48,10,serviços,14,Outros,88,Santo André,capital,0,0,outros,,Clínica Ambulatorial,,de-ate,thisW,agora,sáb,5,10h,undefined,2023-09-23 00:00:00,2023-09-21 00:00:00,2023-12-23 00:00:00,,,0,
63000012491727,12,10,serviços,7,Literatura,63,Pompeia,capital,0,0,outros,,Empréstimo,,de-ate,thisW,agora,sáb,5,10h,undefined,2023-09-23 00:00:00,2023-09-21 00:00:00,2023-12-30 00:00:00,,,0,
78000005954165,20,10,serviços,7,Literatura,78,Santos,interior,0,0,outros,,Empréstimo,,de-ate,thisW,agora,sáb,5,10h,undefined,2023-09-23 00:00:00,2023-09-21 00:00:00,2023-12-30 00:00:00,,,0,
55000004670961,30,2,cursos e oficinas,1,Música,55,Interlagos,capital,0,0,outros,,Outros Sons d'África - experiência sonora e táctil com instrumentos tradicionais,Com Otis Selimane e ErmiPanzo,de-ate,sempre,agora,sempre,7,14h,undefined,2023-09-23 00:00:00,2023-09-23 00:00:00,2023-09-24 00:00:00,,,0,tarde
62000007800355,15,2,cursos e oficinas,1,Música,62,Consolação,capital,0,0,crianças,Centro de Música,Flauta Doce para crianças,Com Ana Piva,primeira,thisW,agora,sáb,5,11h,undefined,2023-09-23 00:00:00,2023-09-23 00:00:00,2023-11-18 00:00:00,,,0,manhã
62000007790697,20,2,cursos e oficinas,1,Música,62,Consolação,capital,0,0,outros,Centro de Música,Ukulele - Continuidade,com Felipe Tacconi,primeira,thisW,agora,sáb,5,11h,undefined,2023-09-23 00:00:00,2023-09-23 00:00:00,2023-12-02 00:00:00,,,0,manhã
73000004723074,12,2,cursos e oficinas,1,Música,73,Guarulhos,capital,0,0,outros,Centro de Música,Violão para iniciantes - Turma 2,com Anderson Cavalcante,primeira,thisW,agora,sáb,5,09h30,undefined,2023-09-23 00:00:00,2023-09-23 00:00:00,2023-11-11 00:00:00,,,0,manhã
73000004365792,20,2,cursos e oficinas,1,Música,73,Guarulhos,capital,1,0,outros,Centro de Música,Percussão Afrobrasileira,com Afoxé Omo Oya,de-ate,sempre,agora,sempre,7,15h,undefined,2023-09-23 00:00:00,2023-09-23 00:00:00,2023-09-23 00:00:00,,,0,tarde
91000002170027,20,2,cursos e oficinas,1,Música,91,Campo Limpo,capital,0,0,outros,,Clube da Viola,Aprendizado musical de viola caipira com André Moraes,primeira,thisW,agora,sáb,5,10h30,undefined,2023-09-23 00:00:00,2023-09-23 00:00:00,2023-11-25 00:00:00,,,0,manhã
55000004737448,40,2,cursos e oficinas,10,Saúde,55,Interlagos,capital,1,0,outros,,Comida de bebê: Consistência dos alimentos na introdução alimentar,"Oficina direcionada aos colaboradores das equipes de apoio da SOBEI durante o XVII Congresso de Educação Infantil SOBEI, Ser Primordial - Afetividade, Competência e Autonomia",uma,thisW,agora,sáb,5,10h30,undefined,2023-09-23 00:00:00,2023-09-23 00:00:00,2023-09-23 00:00:00,,,0,manhã
62000008106311,40,2,cursos e oficinas,10,Saúde,62,Consolação,capital,1,0,outros,,Dança Afro Brasileira,Com Priscila Borges,uma,thisW,agora,sáb,5,14h30,undefined,2023-09-23 00:00:00,2023-09-23 00:00:00,2023-09-30 00:00:00,,,0,tarde
71000004333962,24,2,cursos e oficinas,10,Saúde,71,Bertioga,interior,1,0,outros,,Auriculoterapia,,uma,thisW,agora,sáb,5,16h,undefined,2023-09-23 00:00:00,2023-09-23 00:00:00,2023-10-28 00:00:00,,,0,tarde
76000004414665,20,2,cursos e oficinas,10,Saúde,76,Ribeirão Preto,interior,0,0,outros,Auto Cuidado,A argila como conexão e autocuidado,Com Anayra Lamas,uma,thisW,agora,sáb,5,10h30,undefined,2023-09-23 00:00:00,2023-09-23 00:00:00,2023-09-23 00:00:00,,,0,manhã
83000003842623,30,2,cursos e oficinas,10,Saúde,83,Piracicaba,interior,1,0,outros,,"Movimento, Dança e Fáscia",Prática corporal com Carolina Moya,de-ate,sempre,agora,sempre,7,14h,undefined,2023-09-23 00:00:00,2023-09-23 00:00:00,2023-09-24 00:00:00,,,0,tarde
77000313235677,50,2,cursos e oficinas,11,Atividade Física,77,S. J. Campos,interior,1,0,outros,Semana Move,Ginástica para Todos: facilitando o aprendizado,Com Lidia Amália Cardamoni,uma,thisW,agora,sáb,5,10h30,undefined,2023-09-23 00:00:00,2023-09-23 00:00:00,2023-09-23 00:00:00,,,0,manhã
94000006087435,30,2,cursos e oficinas,11,Atividade Física,94,Bom Retiro,capital,0,0,crianças,Semana Move,Montagem e Customização de Fingerboards (Skate de Dedo),Com Inove Fingerboards,uma,thisW,agora,sáb,5,14h,undefined,2023-09-23 00:00:00,2023-09-23 00:00:00,2023-09-30 00:00:00,,,0,tarde
76000004306923,20,2,cursos e oficinas,2,Teatro,76,Ribeirão Preto,interior,0,0,crianças,,Limão galego: quem não sair do pique tá pego!,com Monalisa Machado,de-ate,sempre,agora,sempre,7,10h30,undefined,2023-09-23 00:00:00,2023-09-23 00:00:00,2023-09-30 00:00:00,,,0,manhã
79000003102531,45,2,cursos e oficinas,2,Teatro,79,Catanduva,interior,0,0,outros,,Residência Artística em Teatro,Com o Coletivo Dell'arte,de-ate,sempre,agora,sempre,7,15h30,undefined,2023-09-23 00:00:00,2023-09-23 00:00:00,2023-09-30 00:00:00,,,0,tarde
70000005426308,25,2,cursos e oficinas,4,Dança,70,Santo Amaro,capital,0,0,outros,,Habitat de Dança: Contato Improvisação em Espaços Alternativos,"Com Dresler Aguilera, Mariana Taques, Ricardo Aparecido e Ricardo Neves.",primeira,thisW,agora,sáb,5,14h,undefined,2023-09-23 00:00:00,2023-09-23 00:00:00,2023-09-23 00:00:00,,,0,tarde
70000005455963,20,2,cursos e oficinas,4,Dança,70,Santo Amaro,capital,0,0,outros,,Habitat de Dança: Escuta Criativa em Dança,Com Flávio Hernandes e Ciro Godoy,primeira,thisW,agora,sáb,5,14h,undefined,2023-09-23 00:00:00,2023-09-23 00:00:00,2023-09-23 00:00:00,,,0,tarde
75000008056173,30,2,cursos e oficinas,4,Dança,75,Campinas,interior,0,0,outros,BIENAL SESC DE DANÇA - 2023,[BIENAL SESC DE DANÇA] Sobe e desce: Grandes percursos para pequenas pessoas,Com Adelly Costantini (RJ),uma,thisW,agora,sáb,5,11h,undefined,2023-09-23 00:00:00,2023-09-23 00:00:00,2023-09-23 00:00:00,,,0,manhã
83000003842762,40,2,cursos e oficinas,4,Dança,83,Piracicaba,interior,1,0,outros,,"Vem, pode dançar! Mergulho no Corpo com educadores",Com Fernanda Ferreira,de-ate,sempre,agora,sempre,7,10h,undefined,2023-09-23 00:00:00,2023-09-23 00:00:00,2023-09-30 00:00:00,,,0,manhã
96000317031903,40,2,cursos e oficinas,4,Dança,96,Sorocaba,interior,0,0,outros,Cursos Livres,Curso Intergeracional de Dança,Com Coletivo Selenitas,primeira,thisW,agora,sáb,5,14h,undefined,2023-09-23 00:00:00,2023-09-23 00:00:00,2023-10-28 00:00:00,,,0,tarde
96000318038855,15,2,cursos e oficinas,4,Dança,96,Sorocaba,interior,1,0,outros,,Dança Contemporânea,"Com Jorge Garcia, Henrique Lima e André e Diogo Granato",uma,thisW,agora,sáb,5,10h30,undefined,2023-09-23 00:00:00,2023-09-23 00:00:00,2023-09-23 00:00:00,,,0,manhã
80000004857511,12,2,cursos e oficinas,5,Cinema,80,Bauru,interior,0,0,outros,,Produzindo um documentário curta-metragem - Módulo 3: Planejamento e Gravação,"Com Álvaro André Zeini Cruz, Liene Saddi e Rene Lopez.",primeira,thisW,agora,sáb,5,14h,undefined,2023-09-23 00:00:00,2023-09-23 00:00:00,2023-09-30 00:00:00,,,0,tarde
52000005606524,12,2,cursos e oficinas,6,Artes Visuais,52,24 De Maio,capital,1,0,outros,,Noções Básicas de Mecanismo de Busca,com Luiz Ricas,uma,thisW,agora,sáb,5,14h,undefined,2023-09-23 00:00:00,2023-09-23 00:00:00,2023-09-23 00:00:00,,,0,tarde
52000005562108,12,2,cursos e oficinas,6,Artes Visuais,52,24 De Maio,capital,1,0,outros,Ateliê de Impressões e Expressões,Grupo de Estudos de Técnicas Artísticas - Aquarela,com Sylvia Sato,uma,thisW,agora,sáb,5,10h,undefined,2023-09-23 00:00:00,2023-09-23 00:00:00,2023-09-23 00:00:00,,,0,manhã
52000005568576,10,2,cursos e oficinas,6,Artes Visuais,52,24 De Maio,capital,1,0,outros,Ateliê de Impressões e Expressões,Prensa livre: ateliê de criação e impressão de gravuras,orientação de Julia Bastos,de-ate,sempre,agora,sempre,7,11h,undefined,2023-09-23 00:00:00,2023-09-23 00:00:00,2023-09-30 00:00:00,,,0,manhã
56000005044189,20,2,cursos e oficinas,6,Artes Visuais,56,Itaquera,capital,0,0,outros,,Curso de Marcenaria - Projeto de Mobiliário Coletivo,"Com Jud, o marceneiro",primeira,thisW,agora,sáb,5,13h,undefined,2023-09-23 00:00:00,2023-09-23 00:00:00,2023-10-21 00:00:00,,,0,tarde
57000007169646,15,2,cursos e oficinas,6,Artes Visuais,57,Ipiranga,capital,1,0,outros,,Bichos e monstros desenhistas,com Ligia Minami e Guilherme Land,primeira,thisW,agora,sáb,5,15h,undefined,2023-09-23 00:00:00,2023-09-23 00:00:00,2023-09-23 00:00:00,,,0,tarde
58000006756627,25,2,cursos e oficinas,6,Artes Visuais,58,Pinheiros,capital,0,0,crianças,,Bonecos Inusitados,Com Rodrigo Motta,de-ate,sempre,agora,sempre,7,14h,undefined,2023-09-23 00:00:00,2023-09-23 00:00:00,2023-09-24 00:00:00,,,0,tarde
58000006721152,15,2,cursos e oficinas,6,Artes Visuais,58,Pinheiros,capital,0,0,outros,Retratistas da Morro,Clube de Bordado Retratistas do Morro,"com Flora Valentini, supervisora da equipe educativa da exposição Retratistas do Morro",de-ate,sempre,agora,sempre,7,10h30,undefined,2023-09-23 00:00:00,2023-09-23 00:00:00,2023-09-23 00:00:00,,,0,manhã
58000006768063,15,2,cursos e oficinas,6,Artes Visuais,58,Pinheiros,capital,0,0,outros,Retratistas da Morro,Diálogos da memória afetiva entre a fotografia e a música: Kendrick Lamar/ FBC,"com Heloiza Cristina, educadora da exposição Retratistas do Morro",uma,thisW,agora,sáb,5,15h,undefined,2023-09-23 00:00:00,2023-09-23 00:00:00,2023-09-24 00:00:00,,,0,tarde
62000007753718,20,2,cursos e oficinas,6,Artes Visuais,62,Consolação,capital,1,0,outros,Gilberto Mendes - 100 anos - itinerância,Sons da Gravura,Com Diego Estevam e Edson Ikê,de-ate,sempre,agora,sempre,7,15h,undefined,2023-09-23 00:00:00,2023-09-23 00:00:00,2023-09-23 00:00:00,,,0,tarde
63000013207489,20,2,cursos e oficinas,6,Artes Visuais,63,Pompeia,capital,0,0,outros,CURSOS REGULARES PRESENCIAIS 2º SEM/2023,"Ateliê de Estampas: Entre Imagens, Narrativas e Oralidades",Com Adriana Amaral,primeira,thisW,agora,sáb,5,10h30,undefined,2023-09-23 00:00:00,2023-09-23 00:00:00,2023-12-02 00:00:00,,,0,manhã
63000013178295,10,2,cursos e oficinas,6,Artes Visuais,63,Pompeia,capital,0,0,outros,CURSOS REGULARES PRESENCIAIS 2º SEM/2023,Costura e modelagem plana - intermediário,com Nós da Costura,primeira,thisW,agora,sáb,5,10h30,undefined,2023-09-23 00:00:00,2023-09-23 00:00:00,2023-12-02 00:00:00,,,0,manhã
63000013177660,12,2,cursos e oficinas,6,Artes Visuais,63,Pompeia,capital,0,0,outros,CURSOS REGULARES PRESENCIAIS 2º SEM/2023,Joias experimentais em cerâmica- Intermediário,com Dandara Sevilha,primeira,thisW,agora,sáb,5,10h30,undefined,2023-09-23 00:00:00,2023-09-23 00:00:00,2023-12-02 00:00:00,,,0,manhã
63000013387549,15,2,cursos e oficinas,6,Artes Visuais,63,Pompeia,capital,0,0,outros,CURSOS REGULARES PRESENCIAIS 2º SEM/2023,Mulheres que Desenham,com Adalgisa Campos,primeira,thisW,agora,sáb,5,10h30,undefined,2023-09-23 00:00:00,2023-09-23 00:00:00,2023-12-02 00:00:00,,,0,manhã
63000013458894,12,2,cursos e oficinas,6,Artes Visuais,63,Pompeia,capital,1,0,outros,Oficinas para Iniciantes,Laboratório fotográfico para iniciantes,Com Washington Sueto,de-ate,sempre,agora,sempre,7,14h,undefined,2023-09-23 00:00:00,2023-09-23 00:00:00,2023-12-02 00:00:00,,,0,tarde
63000013727542,12,2,cursos e oficinas,6,Artes Visuais,63,Pompeia,capital,1,0,outros,Oficinas para Iniciantes,Oficina de cerâmica para iniciantes,com Vank (Marcus Vinicius),uma,thisW,agora,sáb,5,14h,undefined,2023-09-23 00:00:00,2023-09-23 00:00:00,2023-11-04 00:00:00,,,0,tarde
63000013693005,10,2,cursos e oficinas,6,Artes Visuais,63,Pompeia,capital,1,0,outros,Oficinas para Iniciantes,Oficina de Costura para Iniciantes: Estojo simples de zíper com bordado,com Thais Ribeiro,uma,thisW,agora,sáb,5,14h,undefined,2023-09-23 00:00:00,2023-09-23 00:00:00,2023-12-02 00:00:00,,,0,tarde
63000013458240,12,2,cursos e oficinas,6,Artes Visuais,63,Pompeia,capital,1,0,outros,Oficinas para Iniciantes,Oficina de gravura para iniciantes,Com Marcos Blau,uma,thisW,agora,sáb,5,14h,undefined,2023-09-23 00:00:00,2023-09-23 00:00:00,2023-12-02 00:00:00,,,0,tarde
63000013459486,10,2,cursos e oficinas,6,Artes Visuais,63,Pompeia,capital,1,0,outros,Oficinas para Iniciantes,Oficina de Impressão 3D para iniciantes,com Alice Jardim,de-ate,sempre,agora,sempre,7,14h,undefined,2023-09-23 00:00:00,2023-09-23 00:00:00,2023-12-02 00:00:00,,,0,tarde
63000013692299,12,2,cursos e oficinas,6,Artes Visuais,63,Pompeia,capital,1,0,outros,Oficinas para Iniciantes,Oficina de macramê para iniciantes,com Letícia Matos,uma,thisW,agora,sáb,5,14h,undefined,2023-09-23 00:00:00,2023-09-23 00:00:00,2023-11-04 00:00:00,,,0,tarde
63000013458535,12,2,cursos e oficinas,6,Artes Visuais,63,Pompeia,capital,1,0,outros,Oficinas para Iniciantes,Oficina de marcenaria para iniciantes,Com Angelo Pinheiro,uma,thisW,agora,sáb,5,14h,undefined,2023-09-23 00:00:00,2023-09-23 00:00:00,2023-12-02 00:00:00,,,0,tarde
65000003421337,10,2,cursos e oficinas,6,Artes Visuais,65,Av. Paulista,capital,1,0,crianças,,Ateliê Aberto: Experimentos em Eletrônica,Com a equipe de educadores do ETA,de-ate,sempre,agora,sempre,7,10h30,undefined,2023-09-23 00:00:00,2023-09-23 00:00:00,2023-10-01 00:00:00,,,0,manhã
65000003389001,10,2,cursos e oficinas,6,Artes Visuais,65,Av. Paulista,capital,1,0,crianças,,Humano ou Máquina? Teste Turing 2023,"Com Roberto ""Pena"" Spinell e Vitor Moreira",de-ate,sempre,agora,sempre,7,14h30,undefined,2023-09-23 00:00:00,2023-09-23 00:00:00,2023-09-30 00:00:00,,,0,tarde
66000017114810,20,2,cursos e oficinas,6,Artes Visuais,66,Vila Mariana,capital,0,0,outros,,Desenhando,com Gina Dinucci e Thiago Ruiz,uma,thisW,agora,sáb,5,11h,undefined,2023-09-23 00:00:00,2023-09-23 00:00:00,2023-09-23 00:00:00,,,0,manhã
67000002815472,20,2,cursos e oficinas,6,Artes Visuais,67,São Caetano,capital,0,0,crianças,Espaço de Brincar,Ateliê de experimentações da terra,Com Isaac Arrais,uma,thisW,agora,sáb,5,11h,undefined,2023-09-23 00:00:00,2023-09-23 00:00:00,2023-09-23 00:00:00,,,0,manhã
67000002809204,20,2,cursos e oficinas,6,Artes Visuais,67,São Caetano,capital,0,0,crianças,TraquitanETA,TraquitanETA: Oficina de Estamparia com Adinkras,Com William Briga (IÊ Oficinas),uma,thisW,agora,sáb,5,14h,undefined,2023-09-23 00:00:00,2023-09-23 00:00:00,2023-09-23 00:00:00,,,0,tarde
68000008649393,10,2,cursos e oficinas,6,Artes Visuais,68,Belenzinho,capital,1,0,outros,Virada Sustentável,Encontros para brincar com a natureza,Com Coletivo Taboa,de-ate,sempre,agora,sempre,7,14h,undefined,2023-09-23 00:00:00,2023-09-23 00:00:00,2023-10-01 00:00:00,,,0,tarde
70000005579158,30,2,cursos e oficinas,6,Artes Visuais,70,Santo Amaro,capital,0,0,outros,,Pecinhas para contar história,,uma,thisW,agora,sáb,5,15h,undefined,2023-09-23 00:00:00,2023-09-23 00:00:00,2023-09-23 00:00:00,,,0,tarde
72000000579521,15,2,cursos e oficinas,6,Artes Visuais,72,Mogi Das Cruzes,capital,0,0,crianças,Exposição Xilograffiti,Lambe-lambe: memória e imagens do corpo,Com Manifesto Crespo,uma,thisW,agora,sáb,5,14h,undefined,2023-09-23 00:00:00,2023-09-23 00:00:00,2023-09-24 00:00:00,,,0,tarde
72000000683119,15,2,cursos e oficinas,6,Artes Visuais,72,Mogi Das Cruzes,capital,1,0,outros,Exposição Xilograffiti,Brochurinhas: caderneta artesanal,"Com Patrícia Rosa, educadora da Exposição Xilograffiti",uma,thisW,agora,sáb,5,11h30,undefined,2023-09-23 00:00:00,2023-09-23 00:00:00,2023-09-24 00:00:00,,,0,manhã
73000004943097,20,2,cursos e oficinas,6,Artes Visuais,73,Guarulhos,capital,0,0,outros,,Desenho em Grande Formato: Arte Botânica,Com Florent,de-ate,sempre,agora,sempre,7,14h,undefined,2023-09-23 00:00:00,2023-09-23 00:00:00,2023-09-30 00:00:00,,,0,tarde
73000004540469,15,2,cursos e oficinas,6,Artes Visuais,73,Guarulhos,capital,0,0,outros,,Laboratório de Arte-Educação (2ª Edição),Com Mariana da Matta. Participação de Pâmella Carmo.,primeira,thisW,agora,sáb,5,10h,undefined,2023-09-23 00:00:00,2023-09-23 00:00:00,2023-11-18 00:00:00,,,0,manhã
73000004925035,15,2,cursos e oficinas,6,Artes Visuais,73,Guarulhos,capital,0,0,outros,,Pintura Botânica: celebrar a primavera,Com Florent,primeira,thisW,agora,sáb,5,10h,undefined,2023-09-23 00:00:00,2023-09-23 00:00:00,2023-09-30 00:00:00,,,0,manhã
76000004233958,15,2,cursos e oficinas,6,Artes Visuais,76,Ribeirão Preto,interior,1,0,outros,,Poéticas Periféricas: a arte como meio de valorização da estética negra,Com Nathallya Faria,uma,thisW,agora,sáb,5,14h30,undefined,2023-09-23 00:00:00,2023-09-23 00:00:00,2023-10-07 00:00:00,,,0,tarde
77000311316060,15,2,cursos e oficinas,6,Artes Visuais,77,S. J. Campos,interior,1,0,outros,,Espaço Ateliê: tinta mágica,"Com Gabriela Neyra e Renato Munhoz, educadores do Sesc",uma,thisW,agora,sáb,5,14h30,undefined,2023-09-23 00:00:00,2023-09-23 00:00:00,2023-09-23 00:00:00,,,0,tarde
78000006504622,15,2,cursos e oficinas,6,Artes Visuais,78,Santos,interior,0,0,outros,,Cerâmica para iniciantes - módulo 2,com Maíra Andrade,primeira,thisW,agora,sáb,5,10h30,undefined,2023-09-23 00:00:00,2023-09-23 00:00:00,2023-10-28 00:00:00,,,0,manhã
78000006653188,30,2,cursos e oficinas,6,Artes Visuais,78,Santos,interior,1,0,outros,,Experimentando pintura de tecido com pigmentos naturais,"Com André Luiz, educador do espaço de tecnologias e artes",uma,thisW,agora,sáb,5,13h30,undefined,2023-09-23 00:00:00,2023-09-23 00:00:00,2023-09-23 00:00:00,,,0,tarde
81000003954150,40,2,cursos e oficinas,6,Artes Visuais,81,Taubaté,interior,0,0,outros,,Ateliê Aberto de Artes - Espaço para Livre Criação,"com Álvaro Duarte, educador em Atividades Infantojuvenis do Sesc Taubaté",de-ate,sempre,agora,sempre,7,15h,undefined,2023-09-23 00:00:00,2023-09-23 00:00:00,2023-12-16 00:00:00,,,0,tarde
82000004889368,15,2,cursos e oficinas,6,Artes Visuais,82,São Carlos,interior,0,0,outros,,Processos criativos a partir da fotomontagem/colagem,Com Moara Tupinambá,primeira,thisW,agora,sáb,5,14h,undefined,2023-09-23 00:00:00,2023-09-23 00:00:00,2023-09-23 00:00:00,,,0,tarde
83000003943564,20,2,cursos e oficinas,6,Artes Visuais,83,Piracicaba,interior,0,0,outros,,Vestuário da casa,"Com Daniela Prates, professora de costura criativa.",primeira,thisW,agora,sáb,5,10h,undefined,2023-09-23 00:00:00,2023-09-23 00:00:00,2023-09-30 00:00:00,,,0,manhã
83000004002346,20,2,cursos e oficinas,6,Artes Visuais,83,Piracicaba,interior,1,0,outros,CRIA_experiências de invenção,Bonecas rústicas,Com Gabriela Carolo,de-ate,sempre,agora,sempre,7,15h,undefined,2023-09-23 00:00:00,2023-09-23 00:00:00,2023-10-15 00:00:00,,,0,tarde
84000005352211,15,2,cursos e oficinas,6,Artes Visuais,84,Rio Preto,interior,0,0,outros,,Costura Básica: primeiros pontos,"Com Nivete Menani, costureira e professoa de corte e costura",primeira,thisW,agora,sáb,5,15h,undefined,2023-09-23 00:00:00,2023-09-23 00:00:00,2023-11-11 00:00:00,,,0,tarde
84000005468544,10,2,cursos e oficinas,6,Artes Visuais,84,Rio Preto,interior,1,0,crianças,,Jogos Eletrônicos No ETA,Com educadores do Espaço de Tecnologias e Artes,uma,thisW,agora,sáb,5,10h,undefined,2023-09-23 00:00:00,2023-09-23 00:00:00,2023-09-24 00:00:00,,,0,manhã
85000003210085,20,2,cursos e oficinas,6,Artes Visuais,85,Birigui,interior,0,0,outros,,Porta Chaves,Com karina Idalgo,uma,thisW,agora,sáb,5,14h,undefined,2023-09-23 00:00:00,2023-09-23 00:00:00,2023-09-23 00:00:00,,,0,tarde
86000004097488,60,2,cursos e oficinas,6,Artes Visuais,86,Araraquara,interior,1,0,outros,,Pintura de Bonecões,"Com Paulo Farah André, arte-educador, ator, diretor e cenógrafo",uma,thisW,agora,sáb,5,14h,undefined,2023-09-23 00:00:00,2023-09-23 00:00:00,2023-09-24 00:00:00,,,0,tarde
91000002182176,20,2,cursos e oficinas,6,Artes Visuais,91,Campo Limpo,capital,0,0,jovens,Juventudes,Grafitagens,com Ogbá,uma,thisW,agora,sáb,5,15h,undefined,2023-09-23 00:00:00,2023-09-23 00:00:00,2023-09-24 00:00:00,,,0,tarde
94000006272967,30,2,cursos e oficinas,6,Artes Visuais,94,Bom Retiro,capital,0,0,outros,,Livro Pop-Up Ilustrado,Com equipe educativa do Espaço de Tecnologias e Artes,de-ate,sempre,agora,sempre,7,13h30,undefined,2023-09-23 00:00:00,2023-09-23 00:00:00,2023-10-28 00:00:00,,,0,tarde
96000317041059,12,2,cursos e oficinas,6,Artes Visuais,96,Sorocaba,interior,1,0,crianças,,Tear retangular de papelão,"Com Célia Harumi, educadora de tecnologias e artes",uma,thisW,agora,sáb,5,14h,undefined,2023-09-23 00:00:00,2023-09-23 00:00:00,2023-09-23 00:00:00,,,0,tarde
96000317405486,25,2,cursos e oficinas,7,Literatura,96,Sorocaba,interior,0,0,outros,,Enciclopédia de saberes locais,com Renata Cruz e Laura Gorski,de-ate,sempre,agora,sempre,7,14h,undefined,2023-09-23 00:00:00,2023-09-23 00:00:00,2023-10-22 00:00:00,,,0,tarde
53000006246749,25,2,cursos e oficinas,8,Educação,53,Santana,capital,0,0,jovens,Juventudes,Juventudes,,primeira,thisW,agora,sáb,5,13h,undefined,2023-09-23 00:00:00,2023-09-23 00:00:00,2023-11-11 00:00:00,,,0,tarde
55000004530510,40,2,cursos e oficinas,8,Educação,55,Interlagos,capital,0,0,outros,,Marketing Digital para Pequenos Negócios,Com Bora Lá! Agência de Comunicação Popular,primeira,thisW,agora,sáb,5,10h30,undefined,2023-09-23 00:00:00,2023-09-23 00:00:00,2023-10-07 00:00:00,,,0,manhã
57000007484963,15,2,cursos e oficinas,8,Educação,57,Ipiranga,capital,1,0,crianças,Curumim,CURUMININICES - Klaban,com educadores do Curumim,de-ate,sempre,agora,sempre,7,12h,undefined,2023-09-23 00:00:00,2023-09-23 00:00:00,2023-09-24 00:00:00,,,0,tarde
58000006911763,20,2,cursos e oficinas,8,Educação,58,Pinheiros,capital,0,0,outros,,Bordadoletas,com Coletivo Meio Fio,uma,thisW,agora,sáb,5,15h,undefined,2023-09-23 00:00:00,2023-09-23 00:00:00,2023-09-24 00:00:00,,,0,tarde
66000017340245,20,2,cursos e oficinas,8,Educação,66,Vila Mariana,capital,0,0,jovens,,Curso de Teatro para Jovens,com  Gustavo Guimarães Gonçalves e Thauana Garcia,primeira,thisW,agora,sáb,5,14h,undefined,2023-09-23 00:00:00,2023-09-23 00:00:00,2023-12-02 00:00:00,,,0,tarde
70000005733396,15,2,cursos e oficinas,8,Educação,70,Santo Amaro,capital,0,0,outros,,Linha na Agulha - modulo 1,,primeira,thisW,agora,sáb,5,10h15,undefined,2023-09-23 00:00:00,2023-09-23 00:00:00,2023-09-30 00:00:00,,,0,manhã
73000004843041,30,2,cursos e oficinas,8,Educação,73,Guarulhos,capital,0,0,outros,,Oficina de Contação de História,como ferramenta para Educação em Direitos Humanos - com GTEDH,de-ate,sempre,agora,sempre,7,13h,undefined,2023-09-23 00:00:00,2023-09-23 00:00:00,2023-09-23 00:00:00,,,0,tarde
76000004404888,30,2,cursos e oficinas,8,Educação,76,Ribeirão Preto,interior,0,0,crianças,,Um Quintal para criar e brincar,,de-ate,sempre,agora,sempre,7,14h,undefined,2023-09-23 00:00:00,2023-09-23 00:00:00,2023-12-10 00:00:00,,,0,tarde
76000003959246,10,2,cursos e oficinas,8,Educação,76,Ribeirão Preto,interior,0,0,outros,,Decoração afetiva - Redoma de Flores,"Com Natalia Nadaleto, de A Casa da Tita",uma,thisW,agora,sáb,5,10h,undefined,2023-09-23 00:00:00,2023-09-23 00:00:00,2023-09-23 00:00:00,,,0,manhã
77000313112007,15,2,cursos e oficinas,8,Educação,77,S. J. Campos,interior,0,0,outros,,"Autorretrato: fotografia, audiovisual, memória, identidade e território",Com Cadu de Castro e Júnior Castro,primeira,thisW,agora,sáb,5,09h,undefined,2023-09-23 00:00:00,2023-09-23 00:00:00,2023-09-24 00:00:00,,,0,manhã
79000003173155,12,2,cursos e oficinas,8,Educação,79,Catanduva,interior,1,0,outros,Lab Valoriza,Lab Valoriza,"com David Yauri, educador em Tecnologias e Artes",primeira,thisW,agora,sáb,5,14h,undefined,2023-09-23 00:00:00,2023-09-23 00:00:00,2023-09-23 00:00:00,,,0,tarde
84000005250411,20,2,cursos e oficinas,8,Educação,84,Rio Preto,interior,1,0,outros,Arteria,Pintura Mágica,Com Educadores Infantojuvenis,uma,thisW,agora,sáb,5,14h,undefined,2023-09-23 00:00:00,2023-09-23 00:00:00,2023-09-23 00:00:00,,,0,tarde
88000005130474,20,2,cursos e oficinas,8,Educação,88,Santo André,capital,0,0,outros,Cursos e Oficinas 2023,ABC Território Criativo - Design e produção digital para artesãos,Com ContraFluxo,primeira,thisW,agora,sáb,5,10h30,undefined,2023-09-23 00:00:00,2023-09-23 00:00:00,2023-11-11 00:00:00,,,0,manhã
89000001089791,60,2,cursos e oficinas,8,Educação,89,CPF,capital,0,0,outros,Gestão Cultural,Curso Sesc de Gestão Cultural 2023 - Arte e contemporaneidade,Com Claudinei Roberto _ suzenalson Kanindé,primeira,thisW,agora,sáb,5,10h,undefined,2023-09-23 00:00:00,2023-09-23 00:00:00,2023-09-23 00:00:00,,,0,manhã
55000004614665,30,2,cursos e oficinas,9,Meio Ambiente,55,Interlagos,capital,0,0,outros,Virada Sustentável,Shibori com tingimento natural,Com Patrícia Muniz,uma,thisW,agora,sáb,5,13h,undefined,2023-09-23 00:00:00,2023-09-23 00:00:00,2023-09-23 00:00:00,,,0,tarde
68000008459839,16,2,cursos e oficinas,9,Meio Ambiente,68,Belenzinho,capital,0,0,outros,,Curso Prático de Moda e Upcycling,com Tattiane Marques,primeira,thisW,agora,sáb,5,14h,undefined,2023-09-23 00:00:00,2023-09-23 00:00:00,2023-10-14 00:00:00,,,0,tarde
71000004149518,20,2,cursos e oficinas,9,Meio Ambiente,71,Bertioga,interior,1,0,outros,Núcleo de Estudos da Natureza,Abelhas sem Ferrão e Meliponicultura: conhecer para preservar,,primeira,thisW,agora,sáb,5,14h,undefined,2023-09-23 00:00:00,2023-09-23 00:00:00,2023-09-30 00:00:00,,,0,tarde
72000000549067,40,2,cursos e oficinas,9,Meio Ambiente,72,Mogi Das Cruzes,capital,1,0,outros,,Tijolos de Adobe,Com Sítio Olho D'Água,uma,thisW,agora,sáb,5,10h,undefined,2023-09-23 00:00:00,2023-09-23 00:00:00,2023-09-23 00:00:00,,,0,manhã
73000004907762,20,2,cursos e oficinas,9,Meio Ambiente,73,Guarulhos,capital,1,0,crianças,Florestar: Áreas Verdes Educadoras - Ações regulares,Caixa de experimentação: Descobrindo plantas,Com Moacyr Turuzawa,uma,thisW,agora,sáb,5,14h,undefined,2023-09-23 00:00:00,2023-09-23 00:00:00,2023-09-24 00:00:00,,,0,tarde
76000004483257,20,2,cursos e oficinas,9,Meio Ambiente,76,Ribeirão Preto,interior,1,0,outros,,A primavera dentro e fora da gente, Com Luísa Cecília e Luciana Pereira do Projeto Sementeiras,de-ate,sempre,agora,sempre,7,14h,undefined,2023-09-23 00:00:00,2023-09-23 00:00:00,2023-09-24 00:00:00,,,0,tarde
80000005120260,15,2,cursos e oficinas,9,Meio Ambiente,80,Bauru,interior,0,0,outros,,Orquídeas para iniciantes,"Com Reinaldo Reche, arquiteto e orquidófilo.",primeira,thisW,agora,sáb,5,10h30,undefined,2023-09-23 00:00:00,2023-09-23 00:00:00,2023-10-07 00:00:00,,,0,manhã
81000004298535,15,2,cursos e oficinas,9,Meio Ambiente,81,Taubaté,interior,0,0,outros,,Sabonete de ervas e óleos essenciais,"com Suzana da Costa Longo, Aromaterapeuta e produtora de cosméticos naturais e fitoterápicos",uma,thisW,agora,sáb,5,10h30,undefined,2023-09-23 00:00:00,2023-09-23 00:00:00,2023-09-23 00:00:00,,,0,manhã
85000003166129,25,2,cursos e oficinas,9,Meio Ambiente,85,Birigui,interior,0,0,outros,,Jogo Ecológico da Cadeia Alimentar,"Com Marcelo Oliveira, agente de educação ambiental",uma,thisW,agora,sáb,5,15h,undefined,2023-09-23 00:00:00,2023-09-23 00:00:00,2023-09-23 00:00:00,,,0,tarde
91000002158224,25,2,cursos e oficinas,9,Meio Ambiente,91,Campo Limpo,capital,1,0,outros,,Oficina de Terrários (minijardins em vidros),com canto da horta,uma,thisW,agora,sáb,5,10h30,undefined,2023-09-23 00:00:00,2023-09-23 00:00:00,2023-09-23 00:00:00,,,0,manhã
91000002155225,25,2,cursos e oficinas,9,Meio Ambiente,91,Campo Limpo,capital,1,0,outros,,Vem cuidar da Horta Viva!,Com Ananias de Oliveira Barbosa,de-ate,sempre,agora,sempre,7,14h,undefined,2023-09-23 00:00:00,2023-09-23 00:00:00,2023-09-30 00:00:00,,,0,tarde
93000005869674,20,2,cursos e oficinas,9,Meio Ambiente,93,Jundiaí,interior,0,0,outros,,Recuperando minhas plantas,com Cauã Messinetti,uma,thisW,agora,sáb,5,14h30,undefined,2023-09-23 00:00:00,2023-09-23 00:00:00,2023-09-23 00:00:00,,,0,tarde
96000316993852,15,2,cursos e oficinas,9,Meio Ambiente,96,Sorocaba,interior,1,0,crianças,EcoLab Mirim,Brincar e aprender com a natureza,"Com Marcos Bravin dos Santos, agente de educação ambiental do Sesc Sorocaba",uma,thisW,agora,sáb,5,10h30,undefined,2023-09-23 00:00:00,2023-09-23 00:00:00,2023-09-24 00:00:00,,,0,manhã
62000007772263,30,3,debates e paletras,10,Saúde,62,Consolação,capital,1,0,outros,,Benzer e medicar: saberes ancestrais coletivos para o corpo e a alma,"Com mediação da socióloga Angelita Garcia, a benzedeira Iya Cristina D'Osun e enfermeira Paula Vieira",uma,thisW,agora,sáb,5,15h,undefined,2023-09-23 00:00:00,2023-09-23 00:00:00,2023-09-23 00:00:00,1,Tradução em Libras,0,tarde
85000003192620,100,3,debates e paletras,11,Atividade Física,85,Birigui,interior,0,0,outros,Semana Move,Levantamento de peso olímpico: além da modalidade esportiva,"Com Luiza Dias, atleta de levantamento de peso olímpico e coach de cross training",uma,thisW,agora,sáb,5,15h,undefined,2023-09-23 00:00:00,2023-09-23 00:00:00,2023-09-23 00:00:00,,,0,tarde
57000007241206,40,3,debates e paletras,14,Outros,57,Ipiranga,capital,0,0,outros, Festival da Integração,Festival da Integração,,uma,thisW,agora,sáb,5,10h,undefined,2023-09-23 00:00:00,2023-09-21 00:00:00,2023-09-24 00:00:00,,,0,manhã
71000004440012,35,3,debates e paletras,14,Outros,71,Bertioga,interior,0,0,idosos, Festival da Integração,Camarim coletivo,,uma,thisW,agora,sáb,5,07h,undefined,2023-09-23 00:00:00,2023-09-21 00:00:00,2023-09-24 00:00:00,,,0,manhã
71000004439936,15,3,debates e paletras,14,Outros,71,Bertioga,interior,0,0,idosos, Festival da Integração,Secretaria Festival da Integração,,uma,thisW,agora,sáb,5,07h,undefined,2023-09-23 00:00:00,2023-09-21 00:00:00,2023-09-24 00:00:00,,,0,manhã
75000008061425,100,3,debates e paletras,4,Dança,75,Campinas,interior,0,0,outros,BIENAL SESC DE DANÇA - 2023,[BIENAL SESC DE DANÇA] Saberes em Movimento: Memórias do Futuro,,uma,thisW,agora,sáb,5,14h,undefined,2023-09-23 00:00:00,2023-09-23 00:00:00,2023-09-23 00:00:00,1,Tradução em Libras,0,tarde
88000005137307,20,3,debates e paletras,6,Artes Visuais,88,Santo André,capital,1,0,outros,Inventário de inventores,Clube de arte-leitura de quadrinhos,com Ing Lee e Natália Sierpinski,uma,thisW,agora,sáb,5,11h30,undefined,2023-09-23 00:00:00,2023-09-23 00:00:00,2023-09-23 00:00:00,,,0,manhã
68000008318299,80,3,debates e paletras,7,Literatura,68,Belenzinho,capital,1,0,outros,,Leituras de Lá e de Cá: Mediação de Leitura,com a Cia. Oya ô,uma,thisW,agora,sáb,5,13h,undefined,2023-09-23 00:00:00,2023-09-23 00:00:00,2023-10-01 00:00:00,,,0,tarde
72000000602035,80,3,debates e paletras,7,Literatura,72,Mogi Das Cruzes,capital,1,0,outros,,Pé de Histórias: mediação de leitura,com Volta e Meia,uma,thisW,agora,sáb,5,10h,undefined,2023-09-23 00:00:00,2023-09-23 00:00:00,2023-10-01 00:00:00,,,0,manhã
72000000602035,80,3,debates e paletras,7,Literatura,72,Mogi Das Cruzes,capital,1,0,outros,,Pé de Histórias: mediação de leitura,com Volta e Meia,uma,thisW,agora,sáb,5,13h30,undefined,2023-09-23 00:00:00,2023-09-23 00:00:00,2023-10-01 00:00:00,,,0,tarde
76000004412979,20,3,debates e paletras,7,Literatura,76,Ribeirão Preto,interior,1,0,outros,Sopa de Letrinhas,Saberes ancestrais: Narrativas pretas,Com Lorena Ramos,uma,thisW,agora,sáb,5,10h30,undefined,2023-09-23 00:00:00,2023-09-23 00:00:00,2023-09-30 00:00:00,,,0,manhã
96000313277009,20,3,debates e paletras,7,Literatura,96,Sorocaba,interior,1,0,outros,,"Clube Leia Mulheres Sorocaba - As parceiras, de Lya Luft","Com Bruna Bengozi, mediadora do Leia Mulheres Sorocaba",uma,thisW,agora,sáb,5,10h30,undefined,2023-09-23 00:00:00,2023-09-23 00:00:00,2023-09-23 00:00:00,,,0,manhã
71000004440568,700,3,debates e paletras,8,Educação,71,Bertioga,interior,0,0,idosos, Festival da Integração,Coordenação de Guias,,uma,thisW,agora,sáb,5,10h,undefined,2023-09-23 00:00:00,2023-09-21 00:00:00,2023-09-24 00:00:00,,,0,manhã
73000004988597,40,3,debates e paletras,8,Educação,73,Guarulhos,capital,0,0,idosos,,Festival da Integração,Centro de Férias Bertioga (SP),uma,thisW,agora,sáb,5,09h,undefined,2023-09-23 00:00:00,2023-09-21 00:00:00,2023-09-24 00:00:00,,,0,manhã
78000006699459,50,3,debates e paletras,8,Educação,78,Santos,interior,1,0,outros,,Encontro de Jongueiros Paulista 2023,,uma,thisW,agora,sáb,5,10h,undefined,2023-09-23 00:00:00,2023-09-23 00:00:00,2023-09-23 00:00:00,,,0,manhã
93000005816203,20,3,debates e paletras,8,Educação,93,Jundiaí,interior,0,0,outros,Espaço de Brincar,Maternidade(s) em questão,com Caroline Ienne e Mariliz Mazzoni,uma,thisW,agora,sáb,5,10h30,undefined,2023-09-23 00:00:00,2023-09-23 00:00:00,2023-09-30 00:00:00,,,0,manhã
93000005878914,30,3,debates e paletras,8,Educação,93,Jundiaí,interior,0,0,outros,Juventudes,Juventudes e Saúde Mental,com Ardiles Vitor dos Santos,uma,thisW,agora,sáb,5,15h,undefined,2023-09-23 00:00:00,2023-09-23 00:00:00,2023-09-23 00:00:00,,,0,tarde
56000004958477,45,3,debates e paletras,9,Meio Ambiente,56,Itaquera,capital,1,0,outros,,Bichos da Mata como espaço de mediação para as Infâncias,Com Agentes de Educação Ambiental e Equipe EB,uma,thisW,agora,sáb,5,14h,undefined,2023-09-23 00:00:00,2023-09-23 00:00:00,2023-09-23 00:00:00,,,0,tarde
72000000575860,30,3,debates e paletras,9,Meio Ambiente,72,Mogi Das Cruzes,capital,0,0,outros,Mosaico de Saberes,Desafios na organização rural em tempos de mudanças climáticas,Com COOPROJUR e COOPAVAT,uma,thisW,agora,sáb,5,14h,undefined,2023-09-23 00:00:00,2023-09-23 00:00:00,2023-09-23 00:00:00,1,Tradução em Libras,0,tarde
91000002154290,900,4,exposições,1,Música,91,Campo Limpo,capital,1,0,outros,,Shows de Encerramento - FELIZS,Festival Literário da Zona Sul,de-ate,sempre,agora,sempre,7,14h,undefined,2023-09-23 00:00:00,2023-09-23 00:00:00,2023-09-23 00:00:00,,,0,tarde
67000002793506,25,4,exposições,6,Artes Visuais,67,São Caetano,capital,0,0,outros,Na Palma da Mão: exposição ateliê,Visita mediada à exposição Na Palma da Mão,,de-ate,sempre,agora,sempre,7,10h,undefined,2023-09-23 00:00:00,2023-09-21 00:00:00,2023-11-25 00:00:00,,,0,manhã
56000005089267,200,4,exposições,7,Literatura,56,Itaquera,capital,1,0,outros,,Ilustríssima Ilustradora - Elisa Carareto - A Avó Amarela - Sesc Itaquera,,de-ate,sempre,agora,sempre,7,10h,undefined,2023-09-23 00:00:00,2023-09-23 00:00:00,2023-11-18 00:00:00,,,0,manhã
86000004145523,100,4,exposições,7,Literatura,86,Araraquara,interior,1,0,outros,,Cartas para terra,"com  grupo escritas de rua de Araraquara,",de-ate,sempre,agora,sempre,7,14h,undefined,2023-09-23 00:00:00,2023-09-23 00:00:00,2023-09-23 00:00:00,,,0,tarde
55000004643807,25,4,exposições,9,Meio Ambiente,55,Interlagos,capital,1,0,crianças,,A Capivara e o Rio,"Contação de histórias relacionada a exposição ""Rios DesCobertos - dos Jerivás aos Pinheiros"" Para Crianças e Suas Famílias",de-ate,sempre,agora,sempre,7,11h30,undefined,2023-09-23 00:00:00,2023-09-23 00:00:00,2023-12-09 00:00:00,,,0,manhã
59000000722045,279,5,filmes,5,Cinema,59,Cinesesc,capital,0,0,outros,,ESTRANHA FORMA DE VIDA + ENTREVISTA ALMODÓVAR,"Pedro Almodóvar, Espanha/França, 2023, 86', ficção",uma,thisW,agora,sáb,5,15h30,undefined,2023-09-23 00:00:00,2023-09-21 00:00:00,2023-09-27 00:00:00,1,Audiodescrição  Tradução em Libras  Closed Caption,0,tarde
94000006222449,291,5,filmes,5,Cinema,94,Bom Retiro,capital,1,0,outros,Cine Meninada,Cine Meninada - Sessão de Curtas,"Direção de Cassandra Reis, Luísa Copetti, David Reeks e Luíza Campos",uma,thisW,agora,sáb,5,12h,undefined,2023-09-23 00:00:00,2023-09-23 00:00:00,2023-09-23 00:00:00,,,0,tarde
52000005476532,25,6,atividade física,11,Atividade Física,52,24 De Maio,capital,0,0,crianças,Semana Move,"Capuêra Angola Pequena, Filha da Natureza.",Semana MOVE,uma,thisW,agora,sáb,5,11h,undefined,2023-09-23 00:00:00,2023-09-23 00:00:00,2023-10-01 00:00:00,,,0,manhã
52000005607868,15,6,atividade física,11,Atividade Física,52,24 De Maio,capital,0,0,crianças,Semana Move,Jogos e Brincadeiras na Escalada,Com Educadores do Sesc 24 de Maio,uma,thisW,agora,sáb,5,11h30,undefined,2023-09-23 00:00:00,2023-09-23 00:00:00,2023-10-01 00:00:00,,,0,manhã
52000005607868,15,6,atividade física,11,Atividade Física,52,24 De Maio,capital,0,0,crianças,Semana Move,Jogos e Brincadeiras na Escalada,Com Educadores do Sesc 24 de Maio,uma,thisW,agora,sáb,5,15h30,undefined,2023-09-23 00:00:00,2023-09-23 00:00:00,2023-10-01 00:00:00,,,0,tarde
52000005463045,300,6,atividade física,11,Atividade Física,52,24 De Maio,capital,0,0,crianças,Semana Move,Kin-Ball,Semana MOVE,uma,thisW,agora,sáb,5,16h,undefined,2023-09-23 00:00:00,2023-09-23 00:00:00,2023-10-08 00:00:00,,,0,tarde
52000005558015,30,6,atividade física,11,Atividade Física,52,24 De Maio,capital,0,0,outros,,Curso Modular de Triatlo,com educadoras(es) do Sesc 24 de Maio,de-ate,sempre,agora,sempre,7,09h30,undefined,2023-09-23 00:00:00,2023-09-23 00:00:00,2023-12-30 00:00:00,,,0,manhã
52000005365095,80,6,atividade física,11,Atividade Física,52,24 De Maio,capital,0,0,outros,Corpo Consciente,Corpo Consciente: Movimento Somático,Com Luciana Hoppe,uma,thisW,agora,sáb,5,11h30,undefined,2023-09-23 00:00:00,2023-09-23 00:00:00,2023-09-30 00:00:00,,,0,manhã
52000005476514,50,6,atividade física,11,Atividade Física,52,24 De Maio,capital,1,0,outros,Semana Move,"Vôlei com Marcelo NEGRÃO, medalhista de ouro nas Olimpíadas de Barcelona",Semana MOVE,uma,thisW,agora,sáb,5,09h30,undefined,2023-09-23 00:00:00,2023-09-23 00:00:00,2023-09-23 00:00:00,,,0,manhã
53000006109398,30,6,atividade física,11,Atividade Física,53,Santana,capital,1,0,outros,Semana Move,Boxe,Com Sérgio Sakumoto,de-ate,sempre,agora,sempre,7,10h30,undefined,2023-09-23 00:00:00,2023-09-23 00:00:00,2023-09-30 00:00:00,,,0,manhã
53000006109362,30,6,atividade física,11,Atividade Física,53,Santana,capital,1,0,outros,Semana Move,Danças Urbanas,MOVE ZEN,de-ate,sempre,agora,sempre,7,16h,undefined,2023-09-23 00:00:00,2023-09-23 00:00:00,2023-09-30 00:00:00,,,0,tarde
56000005071635,200,6,atividade física,11,Atividade Física,56,Itaquera,capital,0,0,crianças,Semana Move,Aulas Abertas de bike e patins,Semana MOVE,de-ate,sempre,agora,sempre,7,10h30,undefined,2023-09-23 00:00:00,2023-09-23 00:00:00,2023-10-01 00:00:00,,,0,manhã
56000005072267,200,6,atividade física,11,Atividade Física,56,Itaquera,capital,0,0,crianças,Semana Move,Aulas Abertas de Skate,Semana MOVE,de-ate,sempre,agora,sempre,7,14h,undefined,2023-09-23 00:00:00,2023-09-23 00:00:00,2023-10-01 00:00:00,,,0,tarde
56000004956181,100,6,atividade física,11,Atividade Física,56,Itaquera,capital,0,0,outros,,Programa de Ginástica Multifuncional - Turma Tarde,Quarta 13h00  Quinta 13h00  Sexta 13h00  Sabado 09h30 - A partir de 12 anos,de-ate,sempre,agora,sempre,7,09h30,undefined,2023-09-23 00:00:00,2023-09-21 00:00:00,2023-12-30 00:00:00,,,0,manhã
56000005075800,200,6,atividade física,11,Atividade Física,56,Itaquera,capital,0,0,outros,Semana Move,Clínica esportiva com Mahmoud Abdul-Rauf,Semana MOVE,de-ate,sempre,agora,sempre,7,14h45,undefined,2023-09-23 00:00:00,2023-09-23 00:00:00,2023-09-23 00:00:00,,,0,tarde
56000005083715,100,6,atividade física,11,Atividade Física,56,Itaquera,capital,0,0,outros,Semana Move,Hidroanimação,SEMANA MOVE 2023,de-ate,sempre,agora,sempre,7,14h,undefined,2023-09-23 00:00:00,2023-09-23 00:00:00,2023-10-01 00:00:00,,,0,tarde
57000007314653,30,6,atividade física,11,Atividade Física,57,Ipiranga,capital,0,0,outros,Corpo em Movimento,Corpo em Movimento  Sotaques do Corpo Brasileiro,com Alisson Lima,de-ate,sempre,agora,sempre,7,14h,undefined,2023-09-23 00:00:00,2023-09-23 00:00:00,2023-09-23 00:00:00,,,0,tarde
57000007440897,100,6,atividade física,11,Atividade Física,57,Ipiranga,capital,0,0,outros,Semana Move,Aulão de Basquetebol,Com o coletivo Rachão de Basquete Feminino,uma,thisW,agora,sáb,5,14h30,undefined,2023-09-23 00:00:00,2023-09-23 00:00:00,2023-09-23 00:00:00,,,0,tarde
58000006840652,45,6,atividade física,11,Atividade Física,58,Pinheiros,capital,1,0,outros,,Práticas Corporais,Com educadores Sesc,uma,thisW,agora,sáb,5,10h30,undefined,2023-09-23 00:00:00,2023-09-23 00:00:00,2023-09-23 00:00:00,,,0,manhã
62000007880304,50,6,atividade física,11,Atividade Física,62,Consolação,capital,0,0,outros,Sábados de Yoga,Iyengar Yoga,Com Vanessa Bonilha,de-ate,sempre,agora,sempre,7,10h15,undefined,2023-09-23 00:00:00,2023-09-23 00:00:00,2023-09-30 00:00:00,,,0,manhã
62000007459049,35,6,atividade física,11,Atividade Física,62,Consolação,capital,0,0,outros,Sesc Delas,Clínica de Handebol para Mulheres,Com educadores(as) do Sesc,de-ate,sempre,agora,sempre,7,10h,undefined,2023-09-23 00:00:00,2023-09-23 00:00:00,2023-09-23 00:00:00,,,0,manhã
62000007382667,30,6,atividade física,11,Atividade Física,62,Consolação,capital,1,0,outros,,Treino para Águas Abertas,Com educadores(as) do Sesc,de-ate,sempre,agora,sempre,7,15h,undefined,2023-09-23 00:00:00,2023-09-23 00:00:00,2023-11-25 00:00:00,,,0,tarde
62000007835215,40,6,atividade física,11,Atividade Física,62,Consolação,capital,1,0,outros,Clínicas de Lutas,Boxe,Com Valdemar Mendes,de-ate,sempre,agora,sempre,7,16h,undefined,2023-09-23 00:00:00,2023-09-23 00:00:00,2023-09-30 00:00:00,,,0,tarde
63000013537810,200,6,atividade física,11,Atividade Física,63,Pompeia,capital,0,0,outros,Semana Move,Arena esporte e tecnologia,com Plenitude Bem Estar e Zaxistools,de-ate,sempre,agora,sempre,7,10h,undefined,2023-09-23 00:00:00,2023-09-23 00:00:00,2023-10-01 00:00:00,,,0,manhã
63000013704000,50,6,atividade física,11,Atividade Física,63,Pompeia,capital,1,0,outros,,Aula aberta de Alongamento,Com educadores do Sesc Pompeia,uma,thisW,agora,sáb,5,11h30,undefined,2023-09-23 00:00:00,2023-09-23 00:00:00,2023-09-30 00:00:00,,,0,manhã
64000004953335,50,6,atividade física,11,Atividade Física,64,Carmo,capital,1,0,outros,Semana Move,Festival Esportivo no Centro Esportivo Mooca,no Centro Esportivo da Mooca,uma,thisW,agora,sáb,5,09h,undefined,2023-09-23 00:00:00,2023-09-23 00:00:00,2023-09-23 00:00:00,,,0,manhã
65000003486972,20,6,atividade física,11,Atividade Física,65,Av. Paulista,capital,0,0,outros,,Pilates Solo - 23/9 - 14h,com educadores(as) de atividades físicas do Sesc Avenida Paulista.,uma,thisW,agora,sáb,5,14h,undefined,2023-09-23 00:00:00,2023-09-23 00:00:00,2023-09-23 00:00:00,,,0,tarde
65000003486840,40,6,atividade física,11,Atividade Física,65,Av. Paulista,capital,1,0,outros,,Mobilize-se,com educadores(as) de atividades físicas do Sesc Avenida Paulista,uma,thisW,agora,sáb,5,10h10,undefined,2023-09-23 00:00:00,2023-09-23 00:00:00,2023-09-30 00:00:00,,,0,manhã
65000003564260,50,6,atividade física,11,Atividade Física,65,Av. Paulista,capital,1,0,outros,Semana Move,Maratona de Aulas em Grupo da GMF,"Com Educadores(as) de Atividades Físicas do SESC Av. Paulista e as DJ's Agyper, Carlu, Carina Wonder, Camis Lover.",de-ate,sempre,agora,sempre,7,10h,undefined,2023-09-23 00:00:00,2023-09-23 00:00:00,2023-09-24 00:00:00,,,0,manhã
66000016748994,100,6,atividade física,11,Atividade Física,66,Vila Mariana,capital,0,0,crianças,Semana Move,Nado Artístico,Vivência e exploração do fluir dos movimentos na água,uma,thisW,agora,sáb,5,13h,undefined,2023-09-23 00:00:00,2023-09-23 00:00:00,2023-10-01 00:00:00,1,Tradução em Libras,0,tarde
66000017457928,100,6,atividade física,11,Atividade Física,66,Vila Mariana,capital,0,0,outros,Semana Move,Dança e Movimento Consciente,Com Fernanda Mota,de-ate,sempre,agora,sempre,7,19h,undefined,2023-09-23 00:00:00,2023-09-23 00:00:00,2023-09-30 00:00:00,,,0,noite
67000002851404,1000,6,atividade física,11,Atividade Física,67,São Caetano,capital,0,0,outros,Semana Move,Move Criança: PAINEL DAS CORES EM MOVIMENTO,com Fabrício Urbaneja,de-ate,sempre,agora,sempre,7,09h,undefined,2023-09-23 00:00:00,2023-09-23 00:00:00,2023-09-30 00:00:00,,,0,manhã
68000008775840,20,6,atividade física,11,Atividade Física,68,Belenzinho,capital,0,0,outros,,Aula aberta de beach tennis,com educadores do sesc Belenzinho,de-ate,sempre,agora,sempre,7,09h30,undefined,2023-09-23 00:00:00,2023-09-23 00:00:00,2023-12-16 00:00:00,,,0,manhã
68000008765275,25,6,atividade física,11,Atividade Física,68,Belenzinho,capital,0,0,outros,Semana Move,Residência Skate - Palco,com Brasil Skate Camp,uma,thisW,agora,sáb,5,13h,undefined,2023-09-23 00:00:00,2023-09-23 00:00:00,2023-09-23 00:00:00,,,0,tarde
68000008733568,60,6,atividade física,11,Atividade Física,68,Belenzinho,capital,1,0,outros,Semana Move,Funk para todes,Com Lilian Martins e Munique Costa,de-ate,sempre,agora,sempre,7,15h30,undefined,2023-09-23 00:00:00,2023-09-23 00:00:00,2023-09-30 00:00:00,,,0,tarde
68000008885798,60,6,atividade física,11,Atividade Física,68,Belenzinho,capital,1,0,outros,Semana Move,Hatha Yoga,Com Tainá Antônio,uma,thisW,agora,sáb,5,15h30,undefined,2023-09-23 00:00:00,2023-09-23 00:00:00,2023-09-23 00:00:00,,,0,tarde
68000008733596,60,6,atividade física,11,Atividade Física,68,Belenzinho,capital,1,0,outros,Semana Move,Sarrayoga,Com Tainá Antônio,uma,thisW,agora,sáb,5,11h,undefined,2023-09-23 00:00:00,2023-09-23 00:00:00,2023-09-23 00:00:00,,,0,manhã
68000008744346,300,6,atividade física,11,Atividade Física,68,Belenzinho,capital,1,0,outros,Semana Move,Vivência de Surfe e SUP,,uma,thisW,agora,sáb,5,10h,undefined,2023-09-23 00:00:00,2023-09-23 00:00:00,2023-10-01 00:00:00,,,0,manhã
70000005579955,50,6,atividade física,11,Atividade Física,70,Santo Amaro,capital,0,0,crianças,Semana Move,Corfebol,,uma,thisW,agora,sáb,5,15h30,undefined,2023-09-23 00:00:00,2023-09-23 00:00:00,2023-09-27 00:00:00,,,0,tarde
72000000576422,80,6,atividade física,11,Atividade Física,72,Mogi Das Cruzes,capital,0,0,jovens,Semana Move,Festival de Natação,Semana Move - MOVE Água,de-ate,sempre,agora,sempre,7,10h,undefined,2023-09-23 00:00:00,2023-09-23 00:00:00,2023-09-23 00:00:00,,,0,manhã
72000000588809,45,6,atividade física,11,Atividade Física,72,Mogi Das Cruzes,capital,0,0,outros,,Os Cinco Movimentos como prática da Bioenergética,Com Núbia Corredor,de-ate,sempre,agora,sempre,7,10h,undefined,2023-09-23 00:00:00,2023-09-23 00:00:00,2023-09-30 00:00:00,,,0,manhã
72000000571461,50,6,atividade física,11,Atividade Física,72,Mogi Das Cruzes,capital,0,0,outros,,Recreação Livre - Basquete Misto,,de-ate,sempre,agora,sempre,7,12h,undefined,2023-09-23 00:00:00,2023-09-23 00:00:00,2023-11-26 00:00:00,,,0,tarde
72000000571521,50,6,atividade física,11,Atividade Física,72,Mogi Das Cruzes,capital,0,0,outros,,Recreação Livre Basquete Misto,,de-ate,sempre,agora,sempre,7,15h30,undefined,2023-09-23 00:00:00,2023-09-23 00:00:00,2023-11-26 00:00:00,,,0,tarde
72000000600602,80,6,atividade física,11,Atividade Física,72,Mogi Das Cruzes,capital,1,0,crianças,Semana Move,Aquáticos - intervenção circense,SEMANA MOVE 2023,uma,thisW,agora,sáb,5,11h,undefined,2023-09-23 00:00:00,2023-09-23 00:00:00,2023-09-23 00:00:00,,,0,manhã
72000000587415,200,6,atividade física,11,Atividade Física,72,Mogi Das Cruzes,capital,1,0,crianças,Semana Move,Mini atletismo - MOVE Esporte,Com New Workout,de-ate,sempre,agora,sempre,7,13h,undefined,2023-09-23 00:00:00,2023-09-23 00:00:00,2023-10-01 00:00:00,,,0,tarde
72000000600718,80,6,atividade física,11,Atividade Física,72,Mogi Das Cruzes,capital,1,0,crianças,Semana Move,Na água com Daniel Dias - maior nadador paralímpico brasileiro,SEMANA MOVE 2023,uma,thisW,agora,sáb,5,10h30,undefined,2023-09-23 00:00:00,2023-09-23 00:00:00,2023-09-23 00:00:00,1,Tradução em Libras,0,manhã
72000000571337,50,6,atividade física,11,Atividade Física,72,Mogi Das Cruzes,capital,1,0,outros,,Recreação Orientada - Basquete,,de-ate,sempre,agora,sempre,7,10h,undefined,2023-09-23 00:00:00,2023-09-23 00:00:00,2023-11-26 00:00:00,,,0,manhã
73000004818665,40,6,atividade física,11,Atividade Física,73,Guarulhos,capital,0,0,outros,Semana Move,Aulão de Basquete 3x3,com ANB3x3,uma,thisW,agora,sáb,5,13h,undefined,2023-09-23 00:00:00,2023-09-23 00:00:00,2023-09-23 00:00:00,,,0,tarde
73000004410431,20,6,atividade física,11,Atividade Física,73,Guarulhos,capital,1,0,outros,,Xadrez para iniciantes,Com os Educadores do Sesc SP,de-ate,sempre,agora,sempre,7,13h,undefined,2023-09-23 00:00:00,2023-09-23 00:00:00,2023-12-16 00:00:00,,,0,tarde
75000008036931,45,6,atividade física,11,Atividade Física,75,Campinas,interior,0,0,outros,,Amistoso PSE - Futsal Feminino - Sesc Campinas VS Sesc São Carlos,,de-ate,sempre,agora,sempre,7,11h,undefined,2023-09-23 00:00:00,2023-09-23 00:00:00,2023-09-23 00:00:00,,,0,manhã
75000007818007,75,6,atividade física,11,Atividade Física,75,Campinas,interior,0,0,outros,Semana Move,Manhã Zen,,uma,thisW,agora,sáb,5,08h,undefined,2023-09-23 00:00:00,2023-09-23 00:00:00,2023-09-23 00:00:00,,,0,manhã
78000006675353,30,6,atividade física,11,Atividade Física,78,Santos,interior,0,0,outros,Semana Move,Aula aberta de Tênis - Move Esportes,,uma,thisW,agora,sáb,5,15h30,undefined,2023-09-23 00:00:00,2023-09-23 00:00:00,2023-09-23 00:00:00,,,0,tarde
78000006607926,70,6,atividade física,11,Atividade Física,78,Santos,interior,0,0,outros,Semana Move,Yoga - Move Zen,,de-ate,sempre,agora,sempre,7,10h30,undefined,2023-09-23 00:00:00,2023-09-23 00:00:00,2023-10-01 00:00:00,,,0,manhã
79000003165768,300,6,atividade física,11,Atividade Física,79,Catanduva,interior,1,0,crianças,Semana Move,Ginástica Rítmica,"Com Jéssica de Lucca, professora e técnica de GR",de-ate,sempre,agora,sempre,7,10h,undefined,2023-09-23 00:00:00,2023-09-23 00:00:00,2023-09-29 00:00:00,,,0,manhã
80000005193459,20,6,atividade física,11,Atividade Física,80,Bauru,interior,0,0,crianças,Negras Narrativas,Movimentação de Capoeira,"Com Mestre Tico, artesão e mestre de Capoeira dos Angoleiros do Sertão.",de-ate,sempre,agora,sempre,7,15h,undefined,2023-09-23 00:00:00,2023-09-23 00:00:00,2023-09-30 00:00:00,,,0,tarde
81000004410445,20,6,atividade física,11,Atividade Física,81,Taubaté,interior,0,0,crianças,,Práticas Aquáticas,Sábado 11h30 - De 6 a 12 anos,de-ate,sempre,agora,sempre,7,11h30,undefined,2023-09-23 00:00:00,2023-09-23 00:00:00,2023-12-30 00:00:00,,,0,manhã
82000004939130,45,6,atividade física,11,Atividade Física,82,São Carlos,interior,0,0,outros,Semana Move,Movimento Consciente,Com educadores do Sesc,uma,thisW,agora,sáb,5,10h,undefined,2023-09-23 00:00:00,2023-09-23 00:00:00,2023-09-30 00:00:00,,,0,manhã
82000004923749,400,6,atividade física,11,Atividade Física,82,São Carlos,interior,0,0,outros,Semana Move,Sobre mulheres e montanhas,,de-ate,sempre,agora,sempre,7,09h30,undefined,2023-09-23 00:00:00,2023-09-23 00:00:00,2023-10-01 00:00:00,,,0,manhã
84000005509729,20,6,atividade física,11,Atividade Física,84,Rio Preto,interior,1,0,crianças,,No Tabuleiro,"Com Vitoria Ramillo, especialista em xadrez.",de-ate,sempre,agora,sempre,7,13h,undefined,2023-09-23 00:00:00,2023-09-23 00:00:00,2023-10-01 00:00:00,,,0,tarde
84000005469263,30,6,atividade física,11,Atividade Física,84,Rio Preto,interior,1,0,outros,,Taichi-Chuan,"Com Jim Kelly, instrutor de práticas corporais orientais.",uma,thisW,agora,sáb,5,10h,undefined,2023-09-23 00:00:00,2023-09-23 00:00:00,2023-09-30 00:00:00,,,0,manhã
85000003214841,40,6,atividade física,11,Atividade Física,85,Birigui,interior,0,0,idosos,,Dançando Bolero +60,Com Fran Nascimento e Alexandre Decares,de-ate,sempre,agora,sempre,7,10h,undefined,2023-09-23 00:00:00,2023-09-23 00:00:00,2023-09-30 00:00:00,,,0,manhã
86000004012447,500,6,atividade física,11,Atividade Física,86,Araraquara,interior,0,0,crianças,Semana Move,Clínica de Judô com Alana Maldonado,,uma,thisW,agora,sáb,5,09h,undefined,2023-09-23 00:00:00,2023-09-23 00:00:00,2023-09-23 00:00:00,,,0,manhã
86000004012447,500,6,atividade física,11,Atividade Física,86,Araraquara,interior,0,0,crianças,Semana Move,Clínica de Judô com Alana Maldonado,,uma,thisW,agora,sáb,5,13h,undefined,2023-09-23 00:00:00,2023-09-23 00:00:00,2023-09-23 00:00:00,,,0,tarde
86000004119378,25,6,atividade física,11,Atividade Física,86,Araraquara,interior,0,0,outros,Movimento consciente,Alongamento,Com educadoras e educadores do Sesc,uma,thisW,agora,sáb,5,10h,undefined,2023-09-23 00:00:00,2023-09-23 00:00:00,2023-09-30 00:00:00,,,0,manhã
87000002995327,70,6,atividade física,11,Atividade Física,87,Prudente,interior,0,0,outros,,Aulas abertas de futsal,Com o professor Geraldo Barbosa,de-ate,sempre,agora,sempre,7,14h,undefined,2023-09-23 00:00:00,2023-09-23 00:00:00,2023-09-30 00:00:00,,,0,tarde
87000002994055,80,6,atividade física,11,Atividade Física,87,Prudente,interior,0,0,outros,,Esportes na areia,Com o educador André Luis Firmino,de-ate,sempre,agora,sempre,7,14h,undefined,2023-09-23 00:00:00,2023-09-23 00:00:00,2023-09-30 00:00:00,,,0,tarde
87000002960141,30,6,atividade física,11,Atividade Física,87,Prudente,interior,0,0,outros,Semana Move,Danças Circulares,Com educadora de atividades físico esportivas do Sesc,uma,thisW,agora,sáb,5,10h,undefined,2023-09-23 00:00:00,2023-09-23 00:00:00,2023-09-23 00:00:00,,,0,manhã
87000002960104,300,6,atividade física,11,Atividade Física,87,Prudente,interior,0,0,outros,Semana Move,Vivência de Mini Atletismo,Com a equipe Tojan Experience,uma,thisW,agora,sáb,5,10h,undefined,2023-09-23 00:00:00,2023-09-23 00:00:00,2023-09-24 00:00:00,,,0,manhã
91000002159755,50,6,atividade física,11,Atividade Física,91,Campo Limpo,capital,0,0,outros,Semana Move,Aula aberta de Tai Chi Chuan,com Valéria Sanchez,uma,thisW,agora,sáb,5,10h30,undefined,2023-09-23 00:00:00,2023-09-23 00:00:00,2023-09-23 00:00:00,,,0,manhã
93000005881534,50,6,atividade física,11,Atividade Física,93,Jundiaí,interior,0,0,outros,,Clube da Caminhada - Jardim Botânico,com educadores do Sesc Jundiaí,uma,thisW,agora,sáb,5,08h,undefined,2023-09-23 00:00:00,2023-09-23 00:00:00,2023-09-23 00:00:00,,,0,manhã
94000006084043,300,6,atividade física,11,Atividade Física,94,Bom Retiro,capital,0,0,crianças,Semana Move,Ocupação Skate S2,Com equipe Switch,de-ate,sempre,agora,sempre,7,11h,undefined,2023-09-23 00:00:00,2023-09-23 00:00:00,2023-09-30 00:00:00,,,0,manhã
94000006076551,20,6,atividade física,11,Atividade Física,94,Bom Retiro,capital,0,0,outros,Bom Retiro Zen: Caminhos Alternativos Para Qualidade de Vida.,Yoga e Mantras,Com Cristiane Zerbini e Daniel Braga Lima,de-ate,sempre,agora,sempre,7,10h30,undefined,2023-09-23 00:00:00,2023-09-23 00:00:00,2023-10-28 00:00:00,,,0,manhã
94000006112780,30,6,atividade física,11,Atividade Física,94,Bom Retiro,capital,0,0,outros,Semana Move,Oficina de Graffiti,Com Jae Alves,uma,thisW,agora,sáb,5,10h30,undefined,2023-09-23 00:00:00,2023-09-23 00:00:00,2023-09-24 00:00:00,,,0,manhã
96000320567601,180,6,atividade física,11,Atividade Física,96,Sorocaba,interior,0,0,outros,Semana Move,LUDUS - Move Ginastica,Com USINARTE Escola de Artes Culturais,de-ate,sempre,agora,sempre,7,10h,undefined,2023-09-23 00:00:00,2023-09-23 00:00:00,2023-10-01 00:00:00,,,0,manhã
96000316961835,1050,6,atividade física,11,Atividade Física,96,Sorocaba,interior,1,0,crianças,Semana Move,Bike Ybá,Com a equipe Bike Ybá,de-ate,sempre,agora,sempre,7,10h30,undefined,2023-09-23 00:00:00,2023-09-23 00:00:00,2023-09-26 00:00:00,,,0,manhã
96000317034888,250,6,atividade física,11,Atividade Física,96,Sorocaba,interior,1,0,crianças,Semana Move,Conhecendo Embarcações,Com a equipe Viva Mais,uma,thisW,agora,sáb,5,10h,undefined,2023-09-23 00:00:00,2023-09-23 00:00:00,2023-09-24 00:00:00,,,0,manhã
96000317101632,150,6,atividade física,11,Atividade Física,96,Sorocaba,interior,1,0,outros,Semana Move,Axé 90 - volume 2,Com educadores de atividades fisicoesportivas do Sesc Sorocaba,uma,thisW,agora,sáb,5,10h30,undefined,2023-09-23 00:00:00,2023-09-23 00:00:00,2023-10-01 00:00:00,,,0,manhã
53000006106065,80,6,atividade física,14,Outros,53,Santana,capital,0,0,crianças,,Praça de Esportes,,de-ate,sempre,agora,sempre,7,15h,undefined,2023-09-23 00:00:00,2023-09-23 00:00:00,2023-12-17 00:00:00,,,0,tarde
62000007865881,80,6,atividade física,14,Outros,62,Consolação,capital,0,0,crianças,,Recreação Esportiva para Famílias,Com educadores(as) do Sesc,de-ate,sempre,agora,sempre,7,13h,undefined,2023-09-23 00:00:00,2023-09-23 00:00:00,2023-12-16 00:00:00,,,0,tarde
62000007865947,50,6,atividade física,14,Outros,62,Consolação,capital,0,0,idosos,,Recreação de Vôlei para Pessoas Idosas,Com educadores(as) do Sesc,de-ate,sempre,agora,sempre,7,13h,undefined,2023-09-23 00:00:00,2023-09-23 00:00:00,2023-12-16 00:00:00,,,0,tarde
62000007402657,50,6,atividade física,14,Outros,62,Consolação,capital,0,0,outros,Sesc Delas,Recreação de Handebol para Mulheres,Com educadores(as) do Sesc,de-ate,sempre,agora,sempre,7,11h30,undefined,2023-09-23 00:00:00,2023-09-23 00:00:00,2023-12-30 00:00:00,,,0,manhã
63000013140287,40,6,atividade física,14,Outros,63,Pompeia,capital,0,0,outros,,Recreação Esportiva Monitorada  - Futebol Soçaite,A partir de 13 anos,de-ate,sempre,agora,sempre,7,14h,undefined,2023-09-23 00:00:00,2023-09-23 00:00:00,2023-12-16 00:00:00,,,0,tarde
68000008611778,50,6,atividade física,14,Outros,68,Belenzinho,capital,1,0,outros,Olé !,Recreação Orientada de Futvôlei,Com educadores do Sesc,de-ate,sempre,agora,sempre,7,13h,undefined,2023-09-23 00:00:00,2023-09-23 00:00:00,2023-11-18 00:00:00,,,0,tarde
71000004442171,30,6,atividade física,14,Outros,71,Bertioga,interior,1,0,idosos, Festival da Integração,Pedal na Quebrada,,de-ate,sempre,agora,sempre,7,08h,undefined,2023-09-23 00:00:00,2023-09-23 00:00:00,2023-09-23 00:00:00,,,0,manhã
73000004818626,80,6,atividade física,14,Outros,73,Guarulhos,capital,1,0,crianças,,Panna KO,,de-ate,sempre,agora,sempre,7,16h,undefined,2023-09-23 00:00:00,2023-09-23 00:00:00,2023-09-24 00:00:00,,,0,tarde
73000004410556,24,6,atividade física,14,Outros,73,Guarulhos,capital,1,0,crianças,,Recreação de Xadrez,Com os Educadores do Sesc SP,de-ate,sempre,agora,sempre,7,14h,undefined,2023-09-23 00:00:00,2023-09-23 00:00:00,2023-12-16 00:00:00,,,0,tarde
73000004207250,30,6,atividade física,14,Outros,73,Guarulhos,capital,1,0,outros,,Futsal Feminino Adulto,Com educadores do Sesc,de-ate,sempre,agora,sempre,7,09h15,undefined,2023-09-23 00:00:00,2023-09-23 00:00:00,2023-12-16 00:00:00,,,0,manhã
78000006582770,50,6,atividade física,14,Outros,78,Santos,interior,0,0,crianças,Para Crianças,Esporte em Família - 3 a 6 anos,Com educadores do Sesc,de-ate,sempre,agora,sempre,7,15h,undefined,2023-09-23 00:00:00,2023-09-23 00:00:00,2023-10-01 00:00:00,,,0,tarde
82000005013015,40,6,atividade física,14,Outros,82,São Carlos,interior,0,0,outros,Semana Move,Futsal feminino,Com educadores do Sesc,de-ate,sempre,agora,sempre,7,14h,undefined,2023-09-23 00:00:00,2023-09-23 00:00:00,2023-09-23 00:00:00,,,0,tarde
82000004921431,400,6,atividade física,14,Outros,82,São Carlos,interior,1,0,outros,Semana Move,Parede de escalada: Boulder,,de-ate,sempre,agora,sempre,7,10h,undefined,2023-09-23 00:00:00,2023-09-23 00:00:00,2023-10-01 00:00:00,,,0,manhã
84000005486505,20,6,atividade física,14,Outros,84,Rio Preto,interior,0,0,outros,,Futsal feminino,Com educadores de atividades físicas e esportivas do Sesc,de-ate,sempre,agora,sempre,7,09h30,undefined,2023-09-23 00:00:00,2023-09-23 00:00:00,2023-12-30 00:00:00,,,0,manhã
85000003214974,20,6,atividade física,14,Outros,85,Birigui,interior,0,0,crianças,Semana Move,Aquateca: materiais que afundam,Com educadores do Sesc,de-ate,sempre,agora,sempre,7,14h,undefined,2023-09-23 00:00:00,2023-09-23 00:00:00,2023-09-23 00:00:00,,,0,tarde
85000003159469,80,6,atividade física,14,Outros,85,Birigui,interior,0,0,outros,,Recreação Orientada de Futebol Soçaite Adulto,Com educadores Sesc,de-ate,sempre,agora,sempre,7,16h,undefined,2023-09-23 00:00:00,2023-09-23 00:00:00,2023-10-01 00:00:00,,,0,tarde
85000003164079,80,6,atividade física,14,Outros,85,Birigui,interior,0,0,outros,,Recreação Orientada de Futebol Soçaite Intergeracional,Com educadores Sesc,de-ate,sempre,agora,sempre,7,14h,undefined,2023-09-23 00:00:00,2023-09-23 00:00:00,2023-09-30 00:00:00,,,0,tarde
91000002132954,100,6,atividade física,14,Outros,91,Campo Limpo,capital,0,0,crianças,Semana Move,Brincando de ser criança,,de-ate,sempre,agora,sempre,7,10h30,undefined,2023-09-23 00:00:00,2023-09-23 00:00:00,2023-10-01 00:00:00,,,0,manhã
91000002205237,200,6,atividade física,14,Outros,91,Campo Limpo,capital,1,0,outros,,Praça Esportiva,Praça Esportiva: Recreação orientada e monitoria em modalidades esportivas e jogos e brincadeiras tradicionais.,de-ate,sempre,agora,sempre,7,09h45,undefined,2023-09-23 00:00:00,2023-09-23 00:00:00,2023-09-24 00:00:00,,,0,manhã
93000005885516,10,6,atividade física,14,Outros,93,Jundiaí,interior,0,0,outros,,Recreação de Tênis,,de-ate,sempre,agora,sempre,7,10h,undefined,2023-09-23 00:00:00,2023-09-23 00:00:00,2023-12-17 00:00:00,,,0,manhã
93000005737893,50,6,atividade física,14,Outros,93,Jundiaí,interior,0,0,outros,,Recreação orientada de Tênis de Mesa,com educadores do Sesc Jundiaí,de-ate,sempre,agora,sempre,7,15h,undefined,2023-09-23 00:00:00,2023-09-23 00:00:00,2023-10-29 00:00:00,,,0,tarde
96000316127201,150,6,atividade física,14,Outros,96,Sorocaba,interior,1,0,outros,,Praião para a família,Com educadores de atividades fisicoesportivas do Sesc Sorocaba,de-ate,sempre,agora,sempre,7,14h,undefined,2023-09-23 00:00:00,2023-09-23 00:00:00,2023-12-31 00:00:00,,,0,tarde
56000005114309,40,8,turismo,12,Turismo,56,Itaquera,capital,0,0,outros,,Conhecendo Campinas e a Bienal Sesc de Dança - Campinas (SP),,uma,thisW,agora,sáb,5,08h,undefined,2023-09-23 00:00:00,2023-09-23 00:00:00,2023-09-23 00:00:00,,,0,manhã
58000006729491,40,8,turismo,12,Turismo,58,Pinheiros,capital,0,0,outros,,Chão Caipira,Paraibuna (SP),uma,thisW,agora,sáb,5,07h,undefined,2023-09-23 00:00:00,2023-09-23 00:00:00,2023-09-23 00:00:00,,,0,manhã
62000007890008,40,8,turismo,12,Turismo,62,Consolação,capital,0,0,outros,,Viajando com os imigrantes!  Visita guiada ao Museu da Imigração,Com contação de histórias pela Cia. Malas Portam,uma,thisW,agora,sáb,5,09h,undefined,2023-09-23 00:00:00,2023-09-23 00:00:00,2023-09-23 00:00:00,,,0,manhã
65000003501202,15,8,turismo,12,Turismo,65,Av. Paulista,capital,0,0,outros,,Caminhada Luiz Gama,Guia Negro,uma,thisW,agora,sáb,5,09h30,undefined,2023-09-23 00:00:00,2023-09-23 00:00:00,2023-10-21 00:00:00,,,0,manhã
76000004467841,40,8,turismo,12,Turismo,76,Ribeirão Preto,interior,0,0,outros,,Torrinha de Festa e Fé - Torrinha SP,Turismo e Relacionamento com Empresas,uma,thisW,agora,sáb,5,07h,undefined,2023-09-23 00:00:00,2023-09-23 00:00:00,2023-09-23 00:00:00,,,0,manhã
52000005538043,45,9,'+ lazer,14,Outros,52,24 De Maio,capital,0,0,crianças,Espaço de Brincar,Ocupação Primavera Brincante,Com Coletivo Brincá,de-ate,sempre,agora,sempre,7,13h30,undefined,2023-09-23 00:00:00,2023-09-23 00:00:00,2023-10-01 00:00:00,,,0,tarde
53000006186926,30,9,'+ lazer,14,Outros,53,Santana,capital,0,0,crianças,,Ateliê para pequenos,,de-ate,sempre,agora,sempre,7,15h,undefined,2023-09-23 00:00:00,2023-09-23 00:00:00,2023-11-20 00:00:00,,,0,tarde
53000006143411,40,9,'+ lazer,14,Outros,53,Santana,capital,1,0,crianças,,O Mundo Imaginário,,de-ate,sempre,agora,sempre,7,15h,undefined,2023-09-23 00:00:00,2023-09-23 00:00:00,2023-09-24 00:00:00,,,0,tarde
55000004657447,25,9,'+ lazer,14,Outros,55,Interlagos,capital,1,0,crianças,,Brincando com os Sentidos,Com o Coletivo Foca,de-ate,sempre,agora,sempre,7,12h30,undefined,2023-09-23 00:00:00,2023-09-23 00:00:00,2023-09-24 00:00:00,,,0,tarde
56000004855666,40,9,'+ lazer,14,Outros,56,Itaquera,capital,0,0,crianças,Curumim,Bandeiras das plantas: Bordado Colaborativo,Com educadores do Sesc,de-ate,sempre,agora,sempre,7,14h,undefined,2023-09-23 00:00:00,2023-09-23 00:00:00,2023-09-24 00:00:00,,,0,tarde
58000006752233,20,9,'+ lazer,14,Outros,58,Pinheiros,capital,0,0,crianças,Espaço de Brincar,Banho de Livros,Com Cia Circo de Trapo,de-ate,sempre,agora,sempre,7,14h,undefined,2023-09-23 00:00:00,2023-09-23 00:00:00,2023-09-30 00:00:00,,,0,tarde
58000006777819,15,9,'+ lazer,14,Outros,58,Pinheiros,capital,0,0,crianças,Espaço de Brincar,Banho de Livros para Bebês,Com Cia Circo de Trapo,de-ate,sempre,agora,sempre,7,11h,undefined,2023-09-23 00:00:00,2023-09-23 00:00:00,2023-10-01 00:00:00,,,0,manhã
58000006772865,80,9,'+ lazer,14,Outros,58,Pinheiros,capital,0,0,outros,Semana Move,Semana Move 2023 - Brincadeiras com Baquetas,Com educadores do Sesc,de-ate,sempre,agora,sempre,7,14h30,undefined,2023-09-23 00:00:00,2023-09-23 00:00:00,2023-09-24 00:00:00,,,0,tarde
58000006768410,60,9,'+ lazer,14,Outros,58,Pinheiros,capital,1,0,outros,,No Balanço do Baile,Com Eduardo Dialético,de-ate,sempre,agora,sempre,7,12h,undefined,2023-09-23 00:00:00,2023-09-23 00:00:00,2023-09-24 00:00:00,,,0,tarde
62000007912766,30,9,'+ lazer,14,Outros,62,Consolação,capital,0,0,crianças,Espaço de Brincar - Permanente,"Cores, natureza e sensações",Com BrincaEdu,de-ate,sempre,agora,sempre,7,15h,undefined,2023-09-23 00:00:00,2023-09-23 00:00:00,2023-09-30 00:00:00,,,0,tarde
62000007633595,50,9,'+ lazer,14,Outros,62,Consolação,capital,1,0,crianças,Espaço de Brincar,Espaço de Brincar,Com educadores(as) em atividades Infantojuvenis do Sesc,de-ate,sempre,agora,sempre,7,10h,undefined,2023-09-23 00:00:00,2023-09-23 00:00:00,2023-12-17 00:00:00,,,0,manhã
63000013328841,100,9,'+ lazer,14,Outros,63,Pompeia,capital,0,0,crianças,Espaço de Brincar,Um novo olhar: histórias sobre a diversidade,Com Contos em Cantos,de-ate,sempre,agora,sempre,7,16h,undefined,2023-09-23 00:00:00,2023-09-23 00:00:00,2023-09-30 00:00:00,,,0,tarde
68000008642403,200,9,'+ lazer,14,Outros,68,Belenzinho,capital,1,0,crianças,Ações para Primeira Infância,CONSTRUTUBULUS,com Crialudis,de-ate,sempre,agora,sempre,7,10h,undefined,2023-09-23 00:00:00,2023-09-23 00:00:00,2023-10-01 00:00:00,,,0,manhã
70000005772887,200,9,'+ lazer,14,Outros,70,Santo Amaro,capital,1,0,crianças,Espaço de Brincar,Espaço de Brincar,,de-ate,sempre,agora,sempre,7,12h,undefined,2023-09-23 00:00:00,2023-09-23 00:00:00,2023-10-28 00:00:00,,,0,tarde
73000004919468,30,9,'+ lazer,14,Outros,73,Guarulhos,capital,1,0,crianças,Espaço de Brincar,Cesto dos Tesouros (exclusiva para bebês de 0 a 2 anos),com educadoras do Espaço de Brincar do Sesc Guarulhos,de-ate,sempre,agora,sempre,7,14h,undefined,2023-09-23 00:00:00,2023-09-23 00:00:00,2023-09-30 00:00:00,,,0,tarde
78000006703601,15,9,'+ lazer,14,Outros,78,Santos,interior,0,0,crianças,Miudezas: uma exploração minuciosa,Observando os insetos (3 a 6 anos),Miudezas: uma exploração minuciosa,de-ate,sempre,agora,sempre,7,11h,undefined,2023-09-23 00:00:00,2023-09-23 00:00:00,2023-09-23 00:00:00,,,0,manhã
79000003188984,40,9,'+ lazer,14,Outros,79,Catanduva,interior,1,0,outros,"Contações, brincadeiras e muito mais!","Cílios da Natureza, um Florescer Caboclo",Esperançar! Cia de Artes,de-ate,sempre,agora,sempre,7,15h,undefined,2023-09-23 00:00:00,2023-09-23 00:00:00,2023-09-23 00:00:00,,,0,tarde
81000004320292,25,9,'+ lazer,14,Outros,81,Taubaté,interior,0,0,crianças,,Brincar e criar com elementos naturais,com Crialudis,de-ate,sempre,agora,sempre,7,10h30,undefined,2023-09-23 00:00:00,2023-09-23 00:00:00,2023-09-24 00:00:00,,,0,manhã
84000005469086,65,9,'+ lazer,14,Outros,84,Rio Preto,interior,1,0,crianças,Arteria,Quintal Lúdico,Com Mandingueiras da Pracinha,de-ate,sempre,agora,sempre,7,10h,undefined,2023-09-23 00:00:00,2023-09-23 00:00:00,2023-09-30 00:00:00,,,0,manhã
88000005118104,20,9,'+ lazer,14,Outros,88,Santo André,capital,0,0,crianças,Espaço de Brincar,Rio Brincante,com as educadoras do programa Espaço de Brincar,de-ate,sempre,agora,sempre,7,14h,undefined,2023-09-23 00:00:00,2023-09-23 00:00:00,2023-09-23 00:00:00,,,0,tarde
91000002086195,30,9,'+ lazer,14,Outros,91,Campo Limpo,capital,1,0,crianças,,Espaço de Brincar,,de-ate,sempre,agora,sempre,7,10h,undefined,2023-09-23 00:00:00,2023-09-23 00:00:00,2023-12-30 00:00:00,,,0,manhã
93000005653096,20,9,'+ lazer,14,Outros,93,Jundiaí,interior,1,0,outros,,Jogue o jogo,,de-ate,sempre,agora,sempre,7,14h30,undefined,2023-09-23 00:00:00,2023-09-23 00:00:00,2023-09-30 00:00:00,,,0,tarde
96000317335301,30,9,'+ lazer,14,Outros,96,Sorocaba,interior,1,0,crianças,Espaço de Brincar,Vivência de massagem e aromaterapia para bebês,"Com Géssica Ribeiro (Padma), professora de yoga, mãe e doula",de-ate,sempre,agora,sempre,7,10h30,undefined,2023-09-23 00:00:00,2023-09-23 00:00:00,2023-09-23 00:00:00,,,0,manhã
58000006703103,1000,1,shows e espetáculos,1,Música,58,Pinheiros,capital,0,0,outros,,Encontro das Velhas Guardas - Talismã: Negro Maravilhoso!,Homenagem ao sambista Talismã da Camisa Verde e Branco.,uma,thisW,agora,dom,6,18h,undefined,2023-09-24 00:00:00,2023-09-24 00:00:00,2023-09-24 00:00:00,,,0,noite
66000016837418,1200,1,shows e espetáculos,1,Música,66,Vila Mariana,capital,0,0,outros,,Maglore,"Lançamento do vinil ""V""",uma,thisW,agora,dom,6,18h,undefined,2023-09-24 00:00:00,2023-09-23 00:00:00,2023-09-24 00:00:00,,,0,noite
68000008707393,374,1,shows e espetáculos,1,Música,68,Belenzinho,capital,0,0,outros,,Eutrópica,"Andrezza Santos, Nina Oliveira e Marcelo Mirah",uma,thisW,agora,dom,6,18h,undefined,2023-09-24 00:00:00,2023-09-24 00:00:00,2023-09-24 00:00:00,,,0,noite
72000000596527,200,1,shows e espetáculos,1,Música,72,Mogi Das Cruzes,capital,1,0,outros,,Duas Beiras - das barrancas do velho chico às margens do rio pinheiros,,uma,thisW,agora,dom,6,16h,undefined,2023-09-24 00:00:00,2023-09-24 00:00:00,2023-09-24 00:00:00,,,0,tarde
73000004744257,200,1,shows e espetáculos,1,Música,73,Guarulhos,capital,1,0,outros,,Roda de samba aberta com Samba do Gaiato,,uma,thisW,agora,dom,6,16h,undefined,2023-09-24 00:00:00,2023-09-24 00:00:00,2023-09-24 00:00:00,,,0,tarde
76000004462526,100,1,shows e espetáculos,1,Música,76,Ribeirão Preto,interior,1,0,outros,,Pagode 90,Com Grupo Dia de Samba,uma,thisW,agora,dom,6,16h,undefined,2023-09-24 00:00:00,2023-09-24 00:00:00,2023-09-24 00:00:00,,,0,tarde
82000004820710,350,1,shows e espetáculos,1,Música,82,São Carlos,interior,0,0,outros,Sons da Tarde,Fernanda Marx,Samba,uma,thisW,agora,dom,6,16h,undefined,2023-09-24 00:00:00,2023-09-24 00:00:00,2023-09-24 00:00:00,,,0,tarde
83000004011913,300,1,shows e espetáculos,1,Música,83,Piracicaba,interior,1,0,outros,Som de domingo,Samba d'Aninha,,uma,thisW,agora,dom,6,15h30,undefined,2023-09-24 00:00:00,2023-09-24 00:00:00,2023-09-24 00:00:00,,,0,tarde
84000005348829,200,1,shows e espetáculos,1,Música,84,Rio Preto,interior,0,0,outros,Samba do Relógio,Jaci Furquim e Grupo Cartola Branca,Caminhos do Samba,uma,thisW,agora,dom,6,17h,undefined,2023-09-24 00:00:00,2023-09-24 00:00:00,2023-09-24 00:00:00,,,0,tarde
85000003221096,214,1,shows e espetáculos,1,Música,85,Birigui,interior,0,1,outros,Cosmos,Pra Dançar e pra Sonhar,Com Cosmoceânica,uma,thisW,agora,dom,6,16h,undefined,2023-09-24 00:00:00,2023-09-24 00:00:00,2023-09-24 00:00:00,,,0,tarde
86000004115457,500,1,shows e espetáculos,1,Música,86,Araraquara,interior,1,0,outros,,Sudestino,,uma,thisW,agora,dom,6,16h,undefined,2023-09-24 00:00:00,2023-09-24 00:00:00,2023-09-24 00:00:00,,,0,tarde
92000001504197,100,1,shows e espetáculos,1,Música,92,Registro,interior,0,0,outros,No Quintal,Tambor de Crioula,com grupo Flor da Aroeira,uma,thisW,agora,dom,6,17h,undefined,2023-09-24 00:00:00,2023-09-24 00:00:00,2023-09-24 00:00:00,,,0,tarde
93000005830285,250,1,shows e espetáculos,1,Música,93,Jundiaí,interior,1,0,outros,,Trio A Corda Piaba,,uma,thisW,agora,dom,6,17h30,undefined,2023-09-24 00:00:00,2023-09-24 00:00:00,2023-09-24 00:00:00,,,0,tarde
94000006146922,291,1,shows e espetáculos,1,Música,94,Bom Retiro,capital,0,0,outros,,Curumin e Saulo Duarte,Show FU-MANTWO,uma,thisW,agora,dom,6,18h,undefined,2023-09-24 00:00:00,2023-09-24 00:00:00,2023-09-24 00:00:00,1,Braille,0,noite
94000006124795,200,1,shows e espetáculos,1,Música,94,Bom Retiro,capital,1,0,outros,,Adriana Farias,Show Ritmos Caipiras,uma,thisW,agora,dom,6,16h,undefined,2023-09-24 00:00:00,2023-09-24 00:00:00,2023-09-24 00:00:00,,,0,tarde
52000005481878,500,1,shows e espetáculos,11,Atividade Física,52,24 De Maio,capital,0,0,crianças,Semana Move,[Primavera no Centro] Basquete 3x3,Semana MOVE,uma,thisW,agora,dom,6,10h,undefined,2023-09-24 00:00:00,2023-09-24 00:00:00,2023-09-24 00:00:00,,,0,manhã
53000006109297,60,1,shows e espetáculos,11,Atividade Física,53,Santana,capital,0,0,outros,Semana Move,Simultânea de Xadrez,com a Mestra Marina Martins,uma,thisW,agora,dom,6,10h,undefined,2023-09-24 00:00:00,2023-09-24 00:00:00,2023-09-24 00:00:00,1,Tradução em Libras,0,manhã
56000005072694,50,1,shows e espetáculos,11,Atividade Física,56,Itaquera,capital,0,0,outros,Copa Sesc do Comércio e Serviços,Vivência de vôlei com Erika Coimbra,Ex atleta olímpica de vôlei,uma,thisW,agora,dom,6,13h,undefined,2023-09-24 00:00:00,2023-09-24 00:00:00,2023-09-24 00:00:00,,,0,tarde
63000013559318,70,1,shows e espetáculos,11,Atividade Física,63,Pompeia,capital,0,0,outros,Semana Move,Conversas nas Águas: Bate-Papo com atletas de Polo Aquático," com Coordenador Técnico de Polo Aquático, Adriano Silva e Atletas da Seleção Brasileira",uma,thisW,agora,dom,6,10h,undefined,2023-09-24 00:00:00,2023-09-24 00:00:00,2023-09-24 00:00:00,,,0,manhã
63000013486442,70,1,shows e espetáculos,11,Atividade Física,63,Pompeia,capital,0,0,outros,Semana Move,Festival de Polo Aquático," com Coordenador Técnico de Polo Aquático, Adriano Silva e Atletas da Seleção Brasileira",uma,thisW,agora,dom,6,11h,undefined,2023-09-24 00:00:00,2023-09-24 00:00:00,2023-09-24 00:00:00,,,0,manhã
68000008764430,80,1,shows e espetáculos,11,Atividade Física,68,Belenzinho,capital,0,0,outros,Semana Move,Intervenção Livre de Breaking,com Projeto Prática CCSP,uma,thisW,agora,dom,6,13h,undefined,2023-09-24 00:00:00,2023-09-24 00:00:00,2023-09-24 00:00:00,,,0,tarde
70000005515813,100,1,shows e espetáculos,11,Atividade Física,70,Santo Amaro,capital,0,0,outros,Semana Move,Breaking,,uma,thisW,agora,dom,6,15h,undefined,2023-09-24 00:00:00,2023-09-24 00:00:00,2023-09-24 00:00:00,,,0,tarde
76000004438603,100,1,shows e espetáculos,11,Atividade Física,76,Ribeirão Preto,interior,1,0,outros,Semana Move,"Correr, Rolar e Saltar - Desafios de Ginástica",Com Super Fun Mini Esportes,uma,thisW,agora,dom,6,10h,undefined,2023-09-24 00:00:00,2023-09-23 00:00:00,2023-09-24 00:00:00,,,0,manhã
79000003166025,200,1,shows e espetáculos,11,Atividade Física,79,Catanduva,interior,1,0,outros,Semana Move,Clínica Internacional de Basquete,"Com Mahmoud Abdoul Raulf,  ex-jogador profissional de basquete da NBA",uma,thisW,agora,dom,6,15h,undefined,2023-09-24 00:00:00,2023-09-24 00:00:00,2023-09-24 00:00:00,,,0,tarde
86000004100499,60,1,shows e espetáculos,11,Atividade Física,86,Araraquara,interior,0,0,outros,Semana Move,Basquete em cadeira de rodas,Com a equipe do CAD de São José do Rio Preto,uma,thisW,agora,dom,6,10h45,undefined,2023-09-24 00:00:00,2023-09-24 00:00:00,2023-09-24 00:00:00,,,0,manhã
87000002989019,800,1,shows e espetáculos,11,Atividade Física,87,Prudente,interior,0,0,outros,,Intervenção esportiva com Pacers,Com o paratriatleta Edson Dantas,uma,thisW,agora,dom,6,08h,undefined,2023-09-24 00:00:00,2023-09-24 00:00:00,2023-09-24 00:00:00,,,0,manhã
96000317355192,52,1,shows e espetáculos,11,Atividade Física,96,Sorocaba,interior,1,0,outros,Semana Move,Jogando com atletas e Festival de Beach Tennis,"Com Tássia Sono, atleta profissional e professora de beach tennis e João Marcelo, doutor em educação física e especialista em Beach Tennis",uma,thisW,agora,dom,6,14h,undefined,2023-09-24 00:00:00,2023-09-24 00:00:00,2023-09-24 00:00:00,,,0,tarde
55000004479324,250,1,shows e espetáculos,2,Teatro,55,Interlagos,capital,1,0,outros,,Valentim Valentinho,"Com Eduardo Borelli, Artur Volpi, Fran Ferraretto, Flávio Pacato e André Torquato.",uma,thisW,agora,dom,6,15h,undefined,2023-09-24 00:00:00,2023-09-24 00:00:00,2023-10-01 00:00:00,,,0,tarde
57000007363651,100,1,shows e espetáculos,2,Teatro,57,Ipiranga,capital,0,0,outros,,O Gato Malhado e a Andorinha Sinhá,Cia Novelo,uma,thisW,agora,dom,6,15h,undefined,2023-09-24 00:00:00,2023-09-24 00:00:00,2023-09-24 00:00:00,1,Tradução em Libras,0,tarde
57000007274848,200,1,shows e espetáculos,2,Teatro,57,Ipiranga,capital,0,0,outros,,Selvagem,De Mike Bartlett,uma,thisW,agora,dom,6,18h,undefined,2023-09-24 00:00:00,2023-09-23 00:00:00,2023-10-22 00:00:00,1,Tradução em Libras,0,noite
57000006564450,30,1,shows e espetáculos,2,Teatro,57,Ipiranga,capital,0,0,outros,Teatro Mínimo,Okama,Direção Miwa Yanagizawa,uma,thisW,agora,dom,6,18h30,undefined,2023-09-24 00:00:00,2023-09-22 00:00:00,2023-10-08 00:00:00,,,0,noite
58000006653130,98,1,shows e espetáculos,2,Teatro,58,Pinheiros,capital,0,1,outros,,Destroca,Com Cia. dos Náufragos,uma,thisW,agora,dom,6,15h,undefined,2023-09-24 00:00:00,2023-09-24 00:00:00,2023-10-15 00:00:00,,,0,tarde
58000006653130,98,1,shows e espetáculos,2,Teatro,58,Pinheiros,capital,0,1,outros,,Destroca,Com Cia. dos Náufragos,uma,thisW,agora,dom,6,17h,undefined,2023-09-24 00:00:00,2023-09-24 00:00:00,2023-10-15 00:00:00,,,0,tarde
62000007895240,280,1,shows e espetáculos,2,Teatro,62,Consolação,capital,0,0,outros,,A hora do lobo - um debate com o filme Dogville de Lars von Trier,de Christiane Jatahy,uma,thisW,agora,dom,6,18h,undefined,2023-09-24 00:00:00,2023-09-22 00:00:00,2023-10-15 00:00:00,,,0,noite
63000012860818,302,1,shows e espetáculos,2,Teatro,63,Pompeia,capital,0,1,outros,,Cadê o Sobrevento? Vinte Anos Depois,Com Grupo Sobrevento,uma,thisW,agora,dom,6,17h,undefined,2023-09-24 00:00:00,2023-09-22 00:00:00,2023-10-01 00:00:00,1,Tradução em Libras,0,tarde
63000013042341,100,1,shows e espetáculos,2,Teatro,63,Pompeia,capital,1,0,crianças,,De um Ponto ao Conto,com Núcleo Salamandra,uma,thisW,agora,dom,6,15h,undefined,2023-09-24 00:00:00,2023-09-24 00:00:00,2023-09-24 00:00:00,,,0,tarde
66000016896492,122,1,shows e espetáculos,2,Teatro,66,Vila Mariana,capital,0,1,outros,,Entre Mundos,Com Gabriela Cerqueira e Gabriel Bodstein,uma,thisW,agora,dom,6,16h,undefined,2023-09-24 00:00:00,2023-09-24 00:00:00,2023-10-01 00:00:00,1,Audiodescrição,0,tarde
68000008969431,120,1,shows e espetáculos,2,Teatro,68,Belenzinho,capital,0,0,outros,,G.A.L.A.,"direção de Gerald Thomas, com Fernanda Gugli",uma,thisW,agora,dom,6,18h30,undefined,2023-09-24 00:00:00,2023-09-22 00:00:00,2023-10-08 00:00:00,,,0,noite
68000008319281,120,1,shows e espetáculos,2,Teatro,68,Belenzinho,capital,0,0,outros,,Quando o discurso autoriza a barbárie,Companhia de Teatro Heliópolis,uma,thisW,agora,dom,6,17h,undefined,2023-09-24 00:00:00,2023-09-22 00:00:00,2023-10-01 00:00:00,,,0,tarde
68000007594376,247,1,shows e espetáculos,2,Teatro,68,Belenzinho,capital,0,1,outros,CO_ME_ÇA,A Grande Questão,com Cia de Feitos,uma,thisW,agora,dom,6,12h,undefined,2023-09-24 00:00:00,2023-09-23 00:00:00,2023-10-01 00:00:00,,,0,tarde
70000005426245,270,1,shows e espetáculos,2,Teatro,70,Santo Amaro,capital,0,0,outros,,A Falecida,,uma,thisW,agora,dom,6,18h,undefined,2023-09-24 00:00:00,2023-09-22 00:00:00,2023-10-01 00:00:00,,,0,noite
77000310068721,126,1,shows e espetáculos,2,Teatro,77,S. J. Campos,interior,0,1,crianças,Mostra Centro Teatral Etc e Tal,O maior menor espetáculo da Terra,Com Centro Teatral Etc e Tal,uma,thisW,agora,dom,6,15h,undefined,2023-09-24 00:00:00,2023-09-24 00:00:00,2023-09-24 00:00:00,,,0,tarde
78000006604684,765,1,shows e espetáculos,2,Teatro,78,Santos,interior,0,1,outros,,Contos do mar,com Grupo Corre-Cotia de São Sebastião,uma,thisW,agora,dom,6,17h30,undefined,2023-09-24 00:00:00,2023-09-24 00:00:00,2023-09-24 00:00:00,,,0,tarde
81000004255228,55,1,shows e espetáculos,2,Teatro,81,Taubaté,interior,0,1,crianças,,As Ideias de Cecília,Com Cia Patética,uma,thisW,agora,dom,6,16h30,undefined,2023-09-24 00:00:00,2023-09-24 00:00:00,2023-09-24 00:00:00,,,0,tarde
88000005131135,302,1,shows e espetáculos,2,Teatro,88,Santo André,capital,0,1,outros,,Histórias de Alexandre,com o Grupo 59 de Teatro,uma,thisW,agora,dom,6,16h,undefined,2023-09-24 00:00:00,2023-09-24 00:00:00,2023-10-01 00:00:00,,,0,tarde
91000002152895,150,1,shows e espetáculos,2,Teatro,91,Campo Limpo,capital,0,0,outros,,MBaé'Tatá (Trupe de Truões),17ª edição do Festival Internacional Paideia de Teatro para a Infância e Juventude: uma janela para a utopia,uma,thisW,agora,dom,6,18h,undefined,2023-09-24 00:00:00,2023-09-24 00:00:00,2023-09-24 00:00:00,,,0,noite
96000317344202,275,1,shows e espetáculos,2,Teatro,96,Sorocaba,interior,0,1,outros,Artes para crianças,Poetas Empoeirados (ou canções para crianças revolucionárias),Com Cia. Variante. Direção: Danilo Mora. Duração: 60 min.,uma,thisW,agora,dom,6,16h,undefined,2023-09-24 00:00:00,2023-09-24 00:00:00,2023-09-24 00:00:00,,,0,tarde
52000005610942,100,1,shows e espetáculos,3,Circo,52,24 De Maio,capital,0,0,outros,Primavera no Centro,Circo Fubanguinho,Com Trupe Lona Preta,uma,thisW,agora,dom,6,15h,undefined,2023-09-24 00:00:00,2023-09-24 00:00:00,2023-09-24 00:00:00,,,0,tarde
52000005611019,100,1,shows e espetáculos,3,Circo,52,24 De Maio,capital,0,0,outros,Primavera no Centro,Trilogia Circo - Teatro Lambe Lambe,Com Ciclistas Bonequeiros,uma,thisW,agora,dom,6,12h,undefined,2023-09-24 00:00:00,2023-09-24 00:00:00,2023-09-24 00:00:00,,,0,tarde
53000006380479,337,1,shows e espetáculos,3,Circo,53,Santana,capital,0,0,outros,,A Divina Farsa,Com LaMínima,uma,thisW,agora,dom,6,18h,undefined,2023-09-24 00:00:00,2023-09-22 00:00:00,2023-09-24 00:00:00,,,0,noite
53000006109248,200,1,shows e espetáculos,3,Circo,53,Santana,capital,0,0,outros,,O Incrível Número Final,Bando Golíardis,uma,thisW,agora,dom,6,14h,undefined,2023-09-24 00:00:00,2023-09-23 00:00:00,2023-09-24 00:00:00,,,0,tarde
62000007815580,100,1,shows e espetáculos,3,Circo,62,Consolação,capital,1,0,outros,,A bailarina e o palhaço,com Cia. Suno,uma,thisW,agora,dom,6,14h,undefined,2023-09-24 00:00:00,2023-09-24 00:00:00,2023-09-24 00:00:00,,,0,tarde
63000013703895,200,1,shows e espetáculos,3,Circo,63,Pompeia,capital,1,0,outros,,"Intervenção Clóvis, o repórter - Ação Relacionamento Shopping Cantareira",Com Cia. Mimicalado,uma,thisW,agora,dom,6,15h30,undefined,2023-09-24 00:00:00,2023-09-24 00:00:00,2023-09-24 00:00:00,,,0,tarde
79000003171403,100,1,shows e espetáculos,3,Circo,79,Catanduva,interior,1,0,outros,,Pan Pá Ra Ran Pan...,Com a Trupe de Peripécias,uma,thisW,agora,dom,6,10h30,undefined,2023-09-24 00:00:00,2023-09-24 00:00:00,2023-09-24 00:00:00,,,0,manhã
84000005397298,200,1,shows e espetáculos,3,Circo,84,Rio Preto,interior,0,0,outros,Semana Move,Cestou!,Intervenção artística ambulante,uma,thisW,agora,dom,6,14h,undefined,2023-09-24 00:00:00,2023-09-23 00:00:00,2023-09-24 00:00:00,,,0,tarde
94000006070638,291,1,shows e espetáculos,3,Circo,94,Bom Retiro,capital,0,1,outros,,Canções para pequenos ouvidos 2,com Orquestra Modesta,uma,thisW,agora,dom,6,12h,undefined,2023-09-24 00:00:00,2023-09-24 00:00:00,2023-10-01 00:00:00,,,0,tarde
95000002838232,400,1,shows e espetáculos,3,Circo,95,Osasco,capital,1,0,outros,Circo Nosso de Todo Dia,O Bricabraque,Com os Parlapatões,uma,thisW,agora,dom,6,16h,undefined,2023-09-24 00:00:00,2023-09-24 00:00:00,2023-09-24 00:00:00,,,0,tarde
52000005596731,120,1,shows e espetáculos,4,Dança,52,24 De Maio,capital,0,0,outros,Primavera no Centro,Baile Black,Nelson Triunfo e convidades,uma,thisW,agora,dom,6,14h,undefined,2023-09-24 00:00:00,2023-09-24 00:00:00,2023-09-24 00:00:00,,,0,tarde
75000008055732,100,1,shows e espetáculos,4,Dança,75,Campinas,interior,0,0,outros,BIENAL SESC DE DANÇA - 2023,[BIENAL SESC DE DANÇA] Clamors,Com Mithkal Alzghair (Síria/França),uma,thisW,agora,dom,6,20h30,undefined,2023-09-24 00:00:00,2023-09-23 00:00:00,2023-09-24 00:00:00,1,Audiodescrição,0,noite
75000008056190,100,1,shows e espetáculos,4,Dança,75,Campinas,interior,0,0,outros,BIENAL SESC DE DANÇA - 2023,[BIENAL SESC DE DANÇA] Com as coisas,Com Lagartixa na Janela,uma,thisW,agora,dom,6,16h,undefined,2023-09-24 00:00:00,2023-09-24 00:00:00,2023-09-24 00:00:00,,,0,tarde
75000008055771,100,1,shows e espetáculos,4,Dança,75,Campinas,interior,0,0,outros,BIENAL SESC DE DANÇA - 2023,[BIENAL SESC DE DANÇA] Devotees,Com João Paulo Lima,uma,thisW,agora,dom,6,18h,undefined,2023-09-24 00:00:00,2023-09-23 00:00:00,2023-09-24 00:00:00,1,Audiodescrição  Tradução em Libras,0,noite
75000008026541,100,1,shows e espetáculos,4,Dança,75,Campinas,interior,0,0,outros,BIENAL SESC DE DANÇA - 2023,[BIENAL SESC DE DANÇA] Engasgadas,Com Zona Agbara,uma,thisW,agora,dom,6,18h30,undefined,2023-09-24 00:00:00,2023-09-23 00:00:00,2023-09-24 00:00:00,,,0,noite
75000008056086,100,1,shows e espetáculos,4,Dança,75,Campinas,interior,0,0,outros,BIENAL SESC DE DANÇA - 2023,[BIENAL SESC DE DANÇA] Hammam,Com Javiera Peón-Veiga (Chile),uma,thisW,agora,dom,6,19h30,undefined,2023-09-24 00:00:00,2023-09-23 00:00:00,2023-09-24 00:00:00,,,0,noite
75000008056131,100,1,shows e espetáculos,4,Dança,75,Campinas,interior,0,0,outros,BIENAL SESC DE DANÇA - 2023,[BIENAL SESC DE DANÇA] Nunca mais abismos,,uma,thisW,agora,dom,6,15h,undefined,2023-09-24 00:00:00,2023-09-22 00:00:00,2023-09-24 00:00:00,1,Audiodescrição  Tradução em Libras,0,tarde
75000008032419,100,1,shows e espetáculos,4,Dança,75,Campinas,interior,0,0,outros,BIENAL SESC DE DANÇA - 2023,[BIENAL SESC DE DANÇA] Teimosinho,Com Flávio Rabello,uma,thisW,agora,dom,6,11h,undefined,2023-09-24 00:00:00,2023-09-23 00:00:00,2023-09-24 00:00:00,,,0,manhã
75000008076207,400,1,shows e espetáculos,4,Dança,75,Campinas,interior,0,0,outros,BIENAL SESC DE DANÇA - 2023,[BIENAL SESC DE DANÇA] The Ecstatic,Com Jeremy Nedd e Impilo Mapantsula (Suiça),uma,thisW,agora,dom,6,18h,undefined,2023-09-24 00:00:00,2023-09-23 00:00:00,2023-09-24 00:00:00,,,0,noite
75000008118468,10,1,shows e espetáculos,4,Dança,75,Campinas,interior,0,0,outros,BIENAL SESC DE DANÇA - 2023,Guias de Turismo - Bienal Sesc de Dança,,uma,thisW,agora,dom,6,07h30,undefined,2023-09-24 00:00:00,2023-09-21 00:00:00,2023-09-24 00:00:00,,,0,manhã
85000003143241,50,1,shows e espetáculos,4,Dança,85,Birigui,interior,0,0,crianças,,"Coreopiá: brincar, jogar, dançar a rede de relações",Com Caleidos Cia de Dança  45 min,uma,thisW,agora,dom,6,10h30,undefined,2023-09-24 00:00:00,2023-09-24 00:00:00,2023-09-24 00:00:00,,,0,manhã
62000007895124,100,1,shows e espetáculos,7,Literatura,62,Consolação,capital,1,0,outros,Brincantes,Tenda Sonora,Com Andrea Lopes e Renata Roman,uma,thisW,agora,dom,6,15h,undefined,2023-09-24 00:00:00,2023-09-24 00:00:00,2023-09-24 00:00:00,,,0,tarde
68000008749653,500,1,shows e espetáculos,7,Literatura,68,Belenzinho,capital,1,0,outros,TARDES no Belenzinho,Histórias com Conto em Cantos,com Conto em Cantos,uma,thisW,agora,dom,6,17h,undefined,2023-09-24 00:00:00,2023-09-24 00:00:00,2023-09-24 00:00:00,,,0,tarde
75000008050815,100,1,shows e espetáculos,7,Literatura,75,Campinas,interior,0,0,outros,,Novo [Na estante],com Rita Carelli,uma,thisW,agora,dom,6,09h,undefined,2023-09-24 00:00:00,2023-09-21 00:00:00,2023-10-31 00:00:00,,,0,manhã
75000007953323,15,1,shows e espetáculos,7,Literatura,75,Campinas,interior,1,0,outros,,[NA ESTANTE] Rita Carelli,com Rita Carelli,uma,thisW,agora,dom,6,09h,undefined,2023-09-24 00:00:00,2023-09-21 00:00:00,2023-10-31 00:00:00,,,0,manhã
84000005411445,100,1,shows e espetáculos,7,Literatura,84,Rio Preto,interior,1,0,outros,Artes para crianças,As Yabás,Com Beta Cunha e Jaqueline Cardoso,uma,thisW,agora,dom,6,16h,undefined,2023-09-24 00:00:00,2023-09-24 00:00:00,2023-09-24 00:00:00,,,0,tarde
87000002973944,180,1,shows e espetáculos,7,Literatura,87,Prudente,interior,0,0,outros,,O Que Ficou em Mim: Histórias de Vô e Vó,Com o Coletivo Sementes,uma,thisW,agora,dom,6,15h,undefined,2023-09-24 00:00:00,2023-09-24 00:00:00,2023-09-24 00:00:00,,,0,tarde
73000004505335,349,1,shows e espetáculos,8,Educação,73,Guarulhos,capital,0,1,crianças,,Awá - Tecendo Fios de Ouro,Com a Cia. Quatro Ventos,uma,thisW,agora,dom,6,17h30,undefined,2023-09-24 00:00:00,2023-09-24 00:00:00,2023-09-24 00:00:00,,,0,tarde
73000004877806,40,1,shows e espetáculos,8,Educação,73,Guarulhos,capital,1,0,crianças,,Se essa rua fosse minha... Contação de História,com o grupo GTEDH - Girassol,uma,thisW,agora,dom,6,15h,undefined,2023-09-24 00:00:00,2023-09-24 00:00:00,2023-09-24 00:00:00,,,0,tarde
52000004978337,440,10,serviços,14,Outros,52,24 De Maio,capital,1,0,outros,,Piscina,,de-ate,thisW,agora,dom,6,10h,undefined,2023-09-24 00:00:00,2023-09-21 00:00:00,2023-11-30 00:00:00,,,0,
73000004692922,20,2,cursos e oficinas,1,Música,73,Guarulhos,capital,0,0,outros,Centro de Música,Prática de Conjunto Samba-Choro,com Samuel Marques,primeira,thisW,agora,dom,6,11h,undefined,2023-09-24 00:00:00,2023-09-24 00:00:00,2023-11-12 00:00:00,,,0,manhã
73000005062471,12,2,cursos e oficinas,1,Música,73,Guarulhos,capital,0,0,outros,Centro de Música,Prática de Conjunto Samba-Choro - HARMONIA (PIANO/VIOLÃO/CAVACO),com Samuel Marques,primeira,thisW,agora,dom,6,11h,undefined,2023-09-24 00:00:00,2023-09-24 00:00:00,2023-11-12 00:00:00,,,0,manhã
73000005062345,12,2,cursos e oficinas,1,Música,73,Guarulhos,capital,0,0,outros,Centro de Música,Prática de Conjunto Samba-Choro - SOPROS/SOLISTAS,com Samuel Marques,primeira,thisW,agora,dom,6,11h,undefined,2023-09-24 00:00:00,2023-09-24 00:00:00,2023-11-12 00:00:00,,,0,manhã
73000004693287,30,2,cursos e oficinas,1,Música,73,Guarulhos,capital,1,0,outros,Centro de Música,Estúdio aberto para prática de Bandas e Músicos,com Letícia Brito,de-ate,sempre,agora,sempre,7,14h,undefined,2023-09-24 00:00:00,2023-09-24 00:00:00,2023-11-26 00:00:00,,,0,tarde
73000004764848,20,2,cursos e oficinas,1,Música,73,Guarulhos,capital,1,0,outros,Centro de Música,Percussão para roda de samba,Com Samba do Gaiato,de-ate,sempre,agora,sempre,7,13h,undefined,2023-09-24 00:00:00,2023-09-24 00:00:00,2023-09-24 00:00:00,,,0,tarde
92000001503130,20,2,cursos e oficinas,10,Saúde,92,Registro,interior,1,0,outros,,Qi Gong e Treinamento da Energia Vital,Com Marta Negrão,de-ate,sempre,agora,sempre,7,10h30,undefined,2023-09-24 00:00:00,2023-09-24 00:00:00,2023-09-24 00:00:00,,,0,manhã
52000005596830,150,2,cursos e oficinas,3,Circo,52,24 De Maio,capital,0,0,outros,Primavera no Centro,Habilidades Circenses,Com Bella Cia,uma,thisW,agora,dom,6,11h,undefined,2023-09-24 00:00:00,2023-09-24 00:00:00,2023-09-24 00:00:00,,,0,manhã
75000008083073,60,2,cursos e oficinas,4,Dança,75,Campinas,interior,0,0,outros,BIENAL SESC DE DANÇA - 2023,[BIENAL SESC DE DANÇA] LÖYLY (Laboratório),Hammam (Chile),uma,thisW,agora,dom,6,11h,undefined,2023-09-24 00:00:00,2023-09-24 00:00:00,2023-09-24 00:00:00,,,0,manhã
79000003070857,20,2,cursos e oficinas,4,Dança,79,Catanduva,interior,0,0,jovens,,Dança K-Pop,,de-ate,sempre,agora,sempre,7,14h,undefined,2023-09-24 00:00:00,2023-09-24 00:00:00,2023-11-19 00:00:00,,,0,tarde
91000002132921,60,2,cursos e oficinas,4,Dança,91,Campo Limpo,capital,1,0,outros,,Oficina de Samba Rock - Resistência e celebração da cultura afro-brasileira.,Com Hél Bru & Gilmara Leite,de-ate,sempre,agora,sempre,7,10h30,undefined,2023-09-24 00:00:00,2023-09-24 00:00:00,2023-09-24 00:00:00,,,0,manhã
52000005596928,60,2,cursos e oficinas,6,Artes Visuais,52,24 De Maio,capital,1,0,outros,Primavera no Centro,Oficina de Impressão,com Xilomóvel,uma,thisW,agora,dom,6,11h,undefined,2023-09-24 00:00:00,2023-09-24 00:00:00,2023-09-24 00:00:00,,,0,manhã
52000005596904,30,2,cursos e oficinas,6,Artes Visuais,52,24 De Maio,capital,1,0,outros,Primavera no Centro,Quadradinho em Crochê,com Thiago Rezende,uma,thisW,agora,dom,6,11h,undefined,2023-09-24 00:00:00,2023-09-24 00:00:00,2023-09-24 00:00:00,,,0,manhã
58000006768063,15,2,cursos e oficinas,6,Artes Visuais,58,Pinheiros,capital,0,0,outros,Retratistas da Morro,Diálogos da memória afetiva entre a fotografia e a música: Kendrick Lamar/ FBC,"com Heloiza Cristina, educadora da exposição Retratistas do Morro",uma,thisW,agora,dom,6,15h,undefined,2023-09-24 00:00:00,2023-09-23 00:00:00,2023-09-24 00:00:00,,,0,tarde
63000013410158,15,2,cursos e oficinas,6,Artes Visuais,63,Pompeia,capital,1,0,jovens,Ateliê Aberto 2023.2,Ateliê Aberto - Arte Têxtil,,de-ate,sempre,agora,sempre,7,11h,undefined,2023-09-24 00:00:00,2023-09-24 00:00:00,2023-12-03 00:00:00,,,0,manhã
63000013570883,15,2,cursos e oficinas,6,Artes Visuais,63,Pompeia,capital,1,0,jovens,Ateliê Aberto 2023.2,Ateliê Aberto - Cerâmica,"com Maria Clara Gomes, Marcus Vinicius (Vank) e Tina Niessner (Ateliê Gypso)",de-ate,sempre,agora,sempre,7,11h,undefined,2023-09-24 00:00:00,2023-09-24 00:00:00,2023-12-03 00:00:00,,,0,manhã
63000013570955,10,2,cursos e oficinas,6,Artes Visuais,63,Pompeia,capital,1,0,jovens,Ateliê Aberto 2023.2,Ateliê Aberto - Costura,com Thais Ribeiro e Sarah Reis,de-ate,sempre,agora,sempre,7,11h,undefined,2023-09-24 00:00:00,2023-09-24 00:00:00,2023-12-03 00:00:00,,,0,manhã
63000013458583,12,2,cursos e oficinas,6,Artes Visuais,63,Pompeia,capital,1,0,jovens,Oficinas para Crianças e seus Responsáveis,Oficina de Carimbos,Com Naomi Lustosa,uma,thisW,agora,dom,6,15h,undefined,2023-09-24 00:00:00,2023-09-24 00:00:00,2023-10-08 00:00:00,,,0,tarde
63000013457975,15,2,cursos e oficinas,6,Artes Visuais,63,Pompeia,capital,1,0,outros,Ateliê Aberto 2023.2,Ateliê Aberto - Gravura,Com Marcos Blau,uma,thisW,agora,dom,6,11h,undefined,2023-09-24 00:00:00,2023-09-24 00:00:00,2023-12-03 00:00:00,,,0,manhã
63000013458738,11,2,cursos e oficinas,6,Artes Visuais,63,Pompeia,capital,1,0,outros,Ateliê Aberto 2023.2,Ateliê Aberto - Laboratório Fotográfico,Com Ronaldo Honda,de-ate,sempre,agora,sempre,7,11h,undefined,2023-09-24 00:00:00,2023-09-24 00:00:00,2023-12-03 00:00:00,,,0,manhã
63000013457765,15,2,cursos e oficinas,6,Artes Visuais,63,Pompeia,capital,1,0,outros,Ateliê Aberto 2023.2,Ateliê Aberto - Marcenaria,Com Angelo Pinheiro,uma,thisW,agora,dom,6,11h,undefined,2023-09-24 00:00:00,2023-09-24 00:00:00,2023-12-03 00:00:00,,,0,manhã
63000013459436,30,2,cursos e oficinas,6,Artes Visuais,63,Pompeia,capital,1,0,outros,Figura Humana - 2023/2ºSEM,Figura Humana,"Com orientação de: Christiana Moraes, Danielle Noronha, Gina Dinucci, Luiz Basile e Márcio Marianno.",de-ate,sempre,agora,sempre,7,14h,undefined,2023-09-24 00:00:00,2023-09-24 00:00:00,2023-12-03 00:00:00,,,0,tarde
63000012849787,15,2,cursos e oficinas,6,Artes Visuais,63,Pompeia,capital,1,0,outros,Oficinas para Crianças e seus Responsáveis,Robôs solares,com Karen Keppe,uma,thisW,agora,dom,6,14h,undefined,2023-09-24 00:00:00,2023-09-24 00:00:00,2023-10-01 00:00:00,,,0,tarde
65000003391340,40,2,cursos e oficinas,6,Artes Visuais,65,Av. Paulista,capital,1,0,crianças,,Fantástica Fábrica de Fantoches,Com Crica Campos (Agulha Pop),de-ate,sempre,agora,sempre,7,10h30,undefined,2023-09-24 00:00:00,2023-09-24 00:00:00,2023-10-01 00:00:00,,,0,manhã
65000003395840,10,2,cursos e oficinas,6,Artes Visuais,65,Av. Paulista,capital,1,0,crianças,,Xarabemba 2.0 - Máquinas Improváveis,Com Gustavo Saulle e Tomás Decina,de-ate,sempre,agora,sempre,7,13h30,undefined,2023-09-24 00:00:00,2023-09-24 00:00:00,2023-09-24 00:00:00,,,0,tarde
66000017053050,100,2,cursos e oficinas,6,Artes Visuais,66,Vila Mariana,capital,0,0,crianças,,AteliETA: ateliê aberto para a família,com Quiosco Cultural,de-ate,sempre,agora,sempre,7,14h,undefined,2023-09-24 00:00:00,2023-09-24 00:00:00,2023-10-22 00:00:00,,,0,tarde
70000005205466,15,2,cursos e oficinas,6,Artes Visuais,70,Santo Amaro,capital,0,0,outros,,Ateliê para a família: carrinho de corrida,com Karina Rhomberg Costa,uma,thisW,agora,dom,6,14h,undefined,2023-09-24 00:00:00,2023-09-24 00:00:00,2023-09-24 00:00:00,,,0,tarde
72000000579521,15,2,cursos e oficinas,6,Artes Visuais,72,Mogi Das Cruzes,capital,0,0,crianças,Exposição Xilograffiti,Lambe-lambe: memória e imagens do corpo,Com Manifesto Crespo,uma,thisW,agora,dom,6,14h,undefined,2023-09-24 00:00:00,2023-09-23 00:00:00,2023-09-24 00:00:00,,,0,tarde
72000000683119,15,2,cursos e oficinas,6,Artes Visuais,72,Mogi Das Cruzes,capital,1,0,outros,Exposição Xilograffiti,Brochurinhas: caderneta artesanal,"Com Patrícia Rosa, educadora da Exposição Xilograffiti",uma,thisW,agora,dom,6,11h30,undefined,2023-09-24 00:00:00,2023-09-23 00:00:00,2023-09-24 00:00:00,,,0,manhã
73000004971492,15,2,cursos e oficinas,6,Artes Visuais,73,Guarulhos,capital,1,0,crianças,,Desenhos Intuitivos,Com Gabrielle Pires Schauerhuber,uma,thisW,agora,dom,6,14h,undefined,2023-09-24 00:00:00,2023-09-24 00:00:00,2023-09-24 00:00:00,,,0,tarde
77000311315511,10,2,cursos e oficinas,6,Artes Visuais,77,S. J. Campos,interior,0,0,outros,,ETA Aberto,"Com Gabriela Neyra e Renato Munhoz, educadores do Sesc",uma,thisW,agora,dom,6,14h30,undefined,2023-09-24 00:00:00,2023-09-24 00:00:00,2023-09-24 00:00:00,,,0,tarde
78000006653100,30,2,cursos e oficinas,6,Artes Visuais,78,Santos,interior,1,0,outros,,Vivência: Pintura com tintas naturais,Com educadores do Espaço de Tecnologias e Artes,uma,thisW,agora,dom,6,11h,undefined,2023-09-24 00:00:00,2023-09-24 00:00:00,2023-09-24 00:00:00,,,0,manhã
78000006653100,30,2,cursos e oficinas,6,Artes Visuais,78,Santos,interior,1,0,outros,,Vivência: Pintura com tintas naturais,Com educadores do Espaço de Tecnologias e Artes,uma,thisW,agora,dom,6,13h30,undefined,2023-09-24 00:00:00,2023-09-24 00:00:00,2023-09-24 00:00:00,,,0,tarde
80000005079142,15,2,cursos e oficinas,6,Artes Visuais,80,Bauru,interior,1,0,crianças,,Piões de papel,"Com Bruno Müller, educador de Tecnologias e Artes do Sesc",uma,thisW,agora,dom,6,15h,undefined,2023-09-24 00:00:00,2023-09-24 00:00:00,2023-09-24 00:00:00,,,0,tarde
81000004299058,15,2,cursos e oficinas,6,Artes Visuais,81,Taubaté,interior,0,0,outros,Lab Valoriza,Curso Audio Visual nas batalhas de Mc's,"com Pedro Oldi, diretor / editor profissional",primeira,thisW,agora,dom,6,14h,undefined,2023-09-24 00:00:00,2023-09-23 00:00:00,2023-09-24 00:00:00,,,0,tarde
82000005084809,20,2,cursos e oficinas,6,Artes Visuais,82,São Carlos,interior,1,0,outros,,Se Joga! Com educadores de Infâncias e Juventudes,,de-ate,sempre,agora,sempre,7,14h30,undefined,2023-09-24 00:00:00,2023-09-24 00:00:00,2023-12-17 00:00:00,,,0,tarde
83000003973384,20,2,cursos e oficinas,6,Artes Visuais,83,Piracicaba,interior,0,0,outros,,calça legging,"Com Dalva Santini, modelista e professora de costura",de-ate,sempre,agora,sempre,7,10h,undefined,2023-09-24 00:00:00,2023-09-24 00:00:00,2023-09-24 00:00:00,,,0,manhã
84000005412926,20,2,cursos e oficinas,6,Artes Visuais,84,Rio Preto,interior,1,0,crianças,,Bandeirinhas Estampadas com Carimbos,com a arte-educadora Giulia Brandão,uma,thisW,agora,dom,6,10h30,undefined,2023-09-24 00:00:00,2023-09-24 00:00:00,2023-09-24 00:00:00,,,0,manhã
84000005468544,10,2,cursos e oficinas,6,Artes Visuais,84,Rio Preto,interior,1,0,crianças,,Jogos Eletrônicos No ETA,Com educadores do Espaço de Tecnologias e Artes,uma,thisW,agora,dom,6,10h,undefined,2023-09-24 00:00:00,2023-09-23 00:00:00,2023-09-24 00:00:00,,,0,manhã
86000004097488,60,2,cursos e oficinas,6,Artes Visuais,86,Araraquara,interior,1,0,outros,,Pintura de Bonecões,"Com Paulo Farah André, arte-educador, ator, diretor e cenógrafo",uma,thisW,agora,dom,6,14h,undefined,2023-09-24 00:00:00,2023-09-23 00:00:00,2023-09-24 00:00:00,,,0,tarde
88000005137399,16,2,cursos e oficinas,6,Artes Visuais,88,Santo André,capital,1,0,outros,Inventário de inventores,Oubapo: Criando HQs com restrições,com Ing Lee,uma,thisW,agora,dom,6,14h,undefined,2023-09-24 00:00:00,2023-09-24 00:00:00,2023-09-24 00:00:00,,,0,tarde
91000002182176,20,2,cursos e oficinas,6,Artes Visuais,91,Campo Limpo,capital,0,0,jovens,Juventudes,Grafitagens,com Ogbá,uma,thisW,agora,dom,6,15h,undefined,2023-09-24 00:00:00,2023-09-23 00:00:00,2023-09-24 00:00:00,,,0,tarde
93000005778934,12,2,cursos e oficinas,6,Artes Visuais,93,Jundiaí,interior,1,0,outros,,Mané gostoso,Com artista e educador Bruno Perê,uma,thisW,agora,dom,6,14h30,undefined,2023-09-24 00:00:00,2023-09-24 00:00:00,2023-09-24 00:00:00,,,0,tarde
94000006273045,30,2,cursos e oficinas,6,Artes Visuais,94,Bom Retiro,capital,1,0,outros,,Livro Sanfona Ilustrado,com equipe do Espaço de Tecnologias e Artes,de-ate,sempre,agora,sempre,7,13h30,undefined,2023-09-24 00:00:00,2023-09-24 00:00:00,2023-10-29 00:00:00,,,0,tarde
58000006911763,20,2,cursos e oficinas,8,Educação,58,Pinheiros,capital,0,0,outros,,Bordadoletas,com Coletivo Meio Fio,uma,thisW,agora,dom,6,15h,undefined,2023-09-24 00:00:00,2023-09-23 00:00:00,2023-09-24 00:00:00,,,0,tarde
73000004848444,12,2,cursos e oficinas,8,Educação,73,Guarulhos,capital,0,0,crianças,,Marcenaria para crianças,com Bruna Kim,de-ate,sempre,agora,sempre,7,14h,undefined,2023-09-24 00:00:00,2023-09-24 00:00:00,2023-09-24 00:00:00,,,0,tarde
75000007506527,45,2,cursos e oficinas,8,Educação,75,Campinas,interior,0,0,crianças,Curumim,Atividade Curumim,com educadores do Curumim.,de-ate,sempre,agora,sempre,7,11h,undefined,2023-09-24 00:00:00,2023-09-22 00:00:00,2023-09-24 00:00:00,,,0,manhã
78000006657271,15,2,cursos e oficinas,8,Educação,78,Santos,interior,0,0,jovens,Juventudes,Luzes e sombras - registros fotográficos - Juventudes,,primeira,thisW,agora,dom,6,11h,undefined,2023-09-24 00:00:00,2023-09-24 00:00:00,2023-09-24 00:00:00,,,0,manhã
79000003097655,20,2,cursos e oficinas,8,Educação,79,Catanduva,interior,1,0,outros,Juventudes,RPG,Para iniciantes e jogadores experientes,de-ate,sempre,agora,sempre,7,13h,undefined,2023-09-24 00:00:00,2023-09-24 00:00:00,2023-11-26 00:00:00,,,0,tarde
84000005263869,20,2,cursos e oficinas,8,Educação,84,Rio Preto,interior,1,0,outros,Arteria,Ateliê Natural: Modelagem Criativa,Com Educadoras Infantojuvenis,uma,thisW,agora,dom,6,14h,undefined,2023-09-24 00:00:00,2023-09-24 00:00:00,2023-09-24 00:00:00,,,0,tarde
55000004614671,30,2,cursos e oficinas,9,Meio Ambiente,55,Interlagos,capital,0,0,outros,Virada Sustentável,Impressão botânica,Com Patrícia Muniz,uma,thisW,agora,dom,6,13h,undefined,2023-09-24 00:00:00,2023-09-24 00:00:00,2023-09-24 00:00:00,,,0,tarde
65000003482610,30,2,cursos e oficinas,9,Meio Ambiente,65,Av. Paulista,capital,1,0,outros,,Cerrado Olhando, Erika Layher,uma,thisW,agora,dom,6,11h,undefined,2023-09-24 00:00:00,2023-09-24 00:00:00,2023-10-15 00:00:00,,,0,manhã
65000003482610,30,2,cursos e oficinas,9,Meio Ambiente,65,Av. Paulista,capital,1,0,outros,,Cerrado Olhando, Erika Layher,uma,thisW,agora,dom,6,15h,undefined,2023-09-24 00:00:00,2023-09-24 00:00:00,2023-10-15 00:00:00,,,0,tarde
71000004281235,40,2,cursos e oficinas,9,Meio Ambiente,71,Bertioga,interior,0,0,outros,,"Nossos Parques, Nosso Quintal - Trilha do Guaratuba",,uma,thisW,agora,dom,6,09h30,undefined,2023-09-24 00:00:00,2023-09-24 00:00:00,2023-09-24 00:00:00,,,0,manhã
72000000594736,20,2,cursos e oficinas,9,Meio Ambiente,72,Mogi Das Cruzes,capital,0,0,crianças,(brinc)Ar Livre,Era uma vez meu alimento - Feijão,Com Marina Pedrosa e Camila de Souza Xavier - Horta Pedagógica,uma,thisW,agora,dom,6,10h,undefined,2023-09-24 00:00:00,2023-09-24 00:00:00,2023-09-24 00:00:00,,,0,manhã
72000000594755,20,2,cursos e oficinas,9,Meio Ambiente,72,Mogi Das Cruzes,capital,0,0,crianças,(brinc)Ar Livre,Era uma vez meu alimento - Milho,Com Marina Pedrosa e Camila de Souza Xavier - Horta Pedagógica,uma,thisW,agora,dom,6,14h,undefined,2023-09-24 00:00:00,2023-09-24 00:00:00,2023-09-24 00:00:00,,,0,tarde
73000004907762,20,2,cursos e oficinas,9,Meio Ambiente,73,Guarulhos,capital,1,0,crianças,Florestar: Áreas Verdes Educadoras - Ações regulares,Caixa de experimentação: Descobrindo plantas,Com Moacyr Turuzawa,uma,thisW,agora,dom,6,14h,undefined,2023-09-24 00:00:00,2023-09-23 00:00:00,2023-09-24 00:00:00,,,0,tarde
83000003471237,20,2,cursos e oficinas,9,Meio Ambiente,83,Piracicaba,interior,1,0,outros,,Tingimento natural de fios e tecidos naturais,,de-ate,sempre,agora,sempre,7,10h,undefined,2023-09-24 00:00:00,2023-09-23 00:00:00,2023-09-24 00:00:00,,,0,manhã
87000002956347,25,2,cursos e oficinas,9,Meio Ambiente,87,Prudente,interior,0,0,outros,Florestar: Áreas Verdes Educadoras - Ações regulares,Orquídeas: Conservação e Cultivo,Com o Prof. Dr. Nelson Barbosa Machado Neto e Prof. Dr. Silvério Takao Hosomi,primeira,thisW,agora,dom,6,09h30,undefined,2023-09-24 00:00:00,2023-09-23 00:00:00,2023-09-24 00:00:00,,,0,manhã
91000001960201,2000,2,cursos e oficinas,9,Meio Ambiente,91,Campo Limpo,capital,1,0,outros,,LabMóvel - Sustentabilidade e Soluções em Reciclagem de Plástico e Resíduos,com Instituto Favela da Paz,uma,thisW,agora,dom,6,15h,undefined,2023-09-24 00:00:00,2023-09-24 00:00:00,2023-09-24 00:00:00,,,0,tarde
93000005869630,20,2,cursos e oficinas,9,Meio Ambiente,93,Jundiaí,interior,0,0,outros,,Espiral de Ervas,com Cauã Messinetti,uma,thisW,agora,dom,6,14h30,undefined,2023-09-24 00:00:00,2023-09-24 00:00:00,2023-09-24 00:00:00,,,0,tarde
96000316993852,15,2,cursos e oficinas,9,Meio Ambiente,96,Sorocaba,interior,1,0,crianças,EcoLab Mirim,Brincar e aprender com a natureza,"Com Marcos Bravin dos Santos, agente de educação ambiental do Sesc Sorocaba",uma,thisW,agora,dom,6,10h30,undefined,2023-09-24 00:00:00,2023-09-23 00:00:00,2023-09-24 00:00:00,,,0,manhã
53000006213805,25,3,debates e paletras,14,Outros,53,Santana,capital,1,0,outros,Curumim,Quadradinhos de Escuta,com Giba Pedroza,uma,thisW,agora,dom,6,10h30,undefined,2023-09-24 00:00:00,2023-09-24 00:00:00,2023-10-01 00:00:00,,,0,manhã
57000007241206,40,3,debates e paletras,14,Outros,57,Ipiranga,capital,0,0,outros, Festival da Integração,Festival da Integração,,uma,thisW,agora,dom,6,10h,undefined,2023-09-24 00:00:00,2023-09-21 00:00:00,2023-09-24 00:00:00,,,0,manhã
71000004440012,35,3,debates e paletras,14,Outros,71,Bertioga,interior,0,0,idosos, Festival da Integração,Camarim coletivo,,uma,thisW,agora,dom,6,07h,undefined,2023-09-24 00:00:00,2023-09-21 00:00:00,2023-09-24 00:00:00,,,0,manhã
71000004439936,15,3,debates e paletras,14,Outros,71,Bertioga,interior,0,0,idosos, Festival da Integração,Secretaria Festival da Integração,,uma,thisW,agora,dom,6,07h,undefined,2023-09-24 00:00:00,2023-09-21 00:00:00,2023-09-24 00:00:00,,,0,manhã
75000008061441,100,3,debates e paletras,4,Dança,75,Campinas,interior,0,0,outros,BIENAL SESC DE DANÇA - 2023,[BIENAL SESC DE DANÇA] Saberes em Movimento: Aula Magistral 2,Com Leda Maria Martins,uma,thisW,agora,dom,6,14h,undefined,2023-09-24 00:00:00,2023-09-24 00:00:00,2023-09-24 00:00:00,1,Tradução em Libras,0,tarde
68000008318299,80,3,debates e paletras,7,Literatura,68,Belenzinho,capital,1,0,outros,,Leituras de Lá e de Cá: Mediação de Leitura,com a Cia. Oya ô,uma,thisW,agora,dom,6,13h,undefined,2023-09-24 00:00:00,2023-09-23 00:00:00,2023-10-01 00:00:00,,,0,tarde
70000005578925,50,3,debates e paletras,7,Literatura,70,Santo Amaro,capital,1,0,outros,,Jardim de Histórias,"Com o Coletivo Escambinho, entendendo as necessidades das crianças a partir da escuta e do convívio.",uma,thisW,agora,dom,6,14h30,undefined,2023-09-24 00:00:00,2023-09-24 00:00:00,2023-09-24 00:00:00,,,0,tarde
72000000602035,80,3,debates e paletras,7,Literatura,72,Mogi Das Cruzes,capital,1,0,outros,,Pé de Histórias: mediação de leitura,com Volta e Meia,uma,thisW,agora,dom,6,10h,undefined,2023-09-24 00:00:00,2023-09-23 00:00:00,2023-10-01 00:00:00,,,0,manhã
72000000602035,80,3,debates e paletras,7,Literatura,72,Mogi Das Cruzes,capital,1,0,outros,,Pé de Histórias: mediação de leitura,com Volta e Meia,uma,thisW,agora,dom,6,13h30,undefined,2023-09-24 00:00:00,2023-09-23 00:00:00,2023-10-01 00:00:00,,,0,tarde
78000006591441,150,3,debates e paletras,7,Literatura,78,Santos,interior,0,0,outros,,Aconchego,com Serena Infância,uma,thisW,agora,dom,6,13h,undefined,2023-09-24 00:00:00,2023-09-24 00:00:00,2023-09-24 00:00:00,,,0,tarde
71000004440568,700,3,debates e paletras,8,Educação,71,Bertioga,interior,0,0,idosos, Festival da Integração,Coordenação de Guias,,uma,thisW,agora,dom,6,08h,undefined,2023-09-24 00:00:00,2023-09-21 00:00:00,2023-09-24 00:00:00,,,0,manhã
73000004988597,40,3,debates e paletras,8,Educação,73,Guarulhos,capital,0,0,idosos,,Festival da Integração,Centro de Férias Bertioga (SP),uma,thisW,agora,dom,6,09h,undefined,2023-09-24 00:00:00,2023-09-21 00:00:00,2023-09-24 00:00:00,,,0,manhã
79000003237731,15,3,debates e paletras,8,Educação,79,Catanduva,interior,1,0,outros,,Clube de leitura,"Com Marcos Braz, educador do Sesc Catanduva",uma,thisW,agora,dom,6,16h,undefined,2023-09-24 00:00:00,2023-09-24 00:00:00,2023-11-19 00:00:00,,,0,tarde
68000008690891,40,3,debates e paletras,9,Meio Ambiente,68,Belenzinho,capital,1,0,outros,Virada Sustentável,Tekoa Retã - Aldeia Cidade,com Xadalu Tupã Jekupé e Jaci Jaxuka Martins,uma,thisW,agora,dom,6,15h30,undefined,2023-09-24 00:00:00,2023-09-24 00:00:00,2023-09-24 00:00:00,,,0,tarde
87000003001175,800,4,exposições,1,Música,87,Prudente,interior,0,0,outros,,Intervenção Musical: Sonnora Street Band,,de-ate,sempre,agora,sempre,7,07h30,undefined,2023-09-24 00:00:00,2023-09-24 00:00:00,2023-09-24 00:00:00,,,0,manhã
70000005553322,300,4,exposições,4,Dança,70,Santo Amaro,capital,0,0,outros,,O Diário de Duas Bicicletas com Grupo Ângelo Madureira e Ana Catarina Vieira,,de-ate,sempre,agora,sempre,7,16h,undefined,2023-09-24 00:00:00,2023-09-24 00:00:00,2023-09-24 00:00:00,,,0,tarde
70000005553344,100,4,exposições,4,Dança,70,Santo Amaro,capital,0,0,outros,,Quintal com Coletivo Jardim,,de-ate,sempre,agora,sempre,7,11h30,undefined,2023-09-24 00:00:00,2023-09-24 00:00:00,2023-09-24 00:00:00,,,0,manhã
52000005596851,500,4,exposições,6,Artes Visuais,52,24 De Maio,capital,0,0,outros,Primavera no Centro,POCket POC-CON,,de-ate,sempre,agora,sempre,7,11h,undefined,2023-09-24 00:00:00,2023-09-24 00:00:00,2023-09-24 00:00:00,,,0,manhã
63000013207074,300,4,exposições,6,Artes Visuais,63,Pompeia,capital,1,0,outros,Ana Mendieta Silhueta em Fogo  Terra Abrecaminhos - Exposição,Ana Mendieta: Silhueta em Fogo  Terra Abrecaminhos,Concepção e coordenação curatorial de Daniela Labra e Curadoria Adjunta de Hilda de Paulo,de-ate,sempre,agora,sempre,7,10h,undefined,2023-09-24 00:00:00,2023-09-21 00:00:00,2024-01-21 00:00:00,1,Recursos Táteis  Audioguia,0,manhã
63000013207577,80,4,exposições,6,Artes Visuais,63,Pompeia,capital,1,0,outros,Ana Mendieta Silhueta em Fogo  Terra Abrecaminhos - Exposição,Ana Mendieta: Silhueta em Fogo  Terra Abrecaminhos (ação educativa),Concepção e coordenação curatorial de Daniela Labra e Curadoria Adjunta de Hilda de Paulo,de-ate,sempre,agora,sempre,7,10h,undefined,2023-09-24 00:00:00,2023-09-21 00:00:00,2024-01-21 00:00:00,1,Recursos Táteis  Audioguia,0,manhã
87000002980357,1000,4,exposições,6,Artes Visuais,87,Prudente,interior,0,0,outros,,Cabine de fotos e vídeo 360,,de-ate,sempre,agora,sempre,7,07h,undefined,2023-09-24 00:00:00,2023-09-24 00:00:00,2023-09-24 00:00:00,,,0,manhã
56000005089352,200,4,exposições,7,Literatura,56,Itaquera,capital,1,0,outros,,Ilustríssima Ilustradora - Elisa Carareto-A Avó Amarela - Pq. Ecol. Chico Mendes,"R. Cembira, 1201 - Vila Nova Curuça - São Paulo/SP",de-ate,sempre,agora,sempre,7,10h,undefined,2023-09-24 00:00:00,2023-09-24 00:00:00,2023-11-19 00:00:00,,,0,manhã
53000005934773,100,4,exposições,8,Educação,53,Santana,capital,0,0,crianças,,Brincar Sustentável  Circuito de habilidades com arte em Pneus,,de-ate,sempre,agora,sempre,7,10h,undefined,2023-09-24 00:00:00,2023-09-21 00:00:00,2023-09-30 00:00:00,,,0,manhã
56000005031830,20,5,filmes,5,Cinema,56,Itaquera,capital,1,0,outros,,A Toca do Coelho: exibição de curta-metragem,com Coletivo Vórtice,uma,thisW,agora,dom,6,10h,undefined,2023-09-24 00:00:00,2023-09-24 00:00:00,2023-10-01 00:00:00,,,0,manhã
59000000718553,279,5,filmes,5,Cinema,59,Cinesesc,capital,1,0,outros,Cineclubinho,O GIGANTE DE FERRO,"Brad Bird, EUA, 1999, 86', animação, livre",uma,thisW,agora,dom,6,15h,undefined,2023-09-24 00:00:00,2023-09-24 00:00:00,2023-09-24 00:00:00,,,0,tarde
62000007438245,30,5,filmes,5,Cinema,62,Consolação,capital,1,0,outros,Cine Criança,Boi Aruá,"Dir. Chico Liberato, 1984, Brasil, 59min",uma,thisW,agora,dom,6,11h,undefined,2023-09-24 00:00:00,2023-09-24 00:00:00,2023-09-24 00:00:00,,,0,manhã
77000312472567,126,5,filmes,5,Cinema,77,S. J. Campos,interior,0,0,crianças,,Up: altas aventuras,"Direção: Pete Docter, Bob Peterson. EUA. 2009. 96 minutos. Livre",uma,thisW,agora,dom,6,18h,undefined,2023-09-24 00:00:00,2023-09-24 00:00:00,2023-09-24 00:00:00,,,0,noite
83000004082834,150,5,filmes,5,Cinema,83,Piracicaba,interior,1,0,outros,Sala Sesc de Cinema,Guerreiros de Marselha,Dir: Michael MatthewsI,uma,thisW,agora,dom,6,17h,undefined,2023-09-24 00:00:00,2023-09-24 00:00:00,2023-09-24 00:00:00,,,0,tarde
92000001537238,170,5,filmes,5,Cinema,92,Registro,interior,1,0,outros,,Documentário - Nas Beiras do Ribeira,,uma,thisW,agora,dom,6,18h,undefined,2023-09-24 00:00:00,2023-09-21 00:00:00,2023-12-12 00:00:00,,,0,noite
93000005834317,220,5,filmes,5,Cinema,93,Jundiaí,interior,0,0,outros,,Perlimps,"80min, 2023, Dir.: Alê Abreu",uma,thisW,agora,dom,6,16h,undefined,2023-09-24 00:00:00,2023-09-24 00:00:00,2023-09-24 00:00:00,,,0,tarde
52000005597134,500,6,atividade física,11,Atividade Física,52,24 De Maio,capital,0,0,crianças,Primavera no Centro,[Primavera no Centro] Basquete 3x3,Semana MOVE,uma,thisW,agora,dom,6,10h,undefined,2023-09-24 00:00:00,2023-09-24 00:00:00,2023-09-24 00:00:00,,,0,manhã
52000005597036,25,6,atividade física,11,Atividade Física,52,24 De Maio,capital,0,0,crianças,Primavera no Centro,"Capuêra Angola Pequena, Filha da Natureza.",Semana MOVE,uma,thisW,agora,dom,6,11h,undefined,2023-09-24 00:00:00,2023-09-24 00:00:00,2023-09-24 00:00:00,,,0,manhã
52000005476532,25,6,atividade física,11,Atividade Física,52,24 De Maio,capital,0,0,crianças,Semana Move,"Capuêra Angola Pequena, Filha da Natureza.",Semana MOVE,uma,thisW,agora,dom,6,11h,undefined,2023-09-24 00:00:00,2023-09-23 00:00:00,2023-10-01 00:00:00,,,0,manhã
52000005511873,80,6,atividade física,11,Atividade Física,52,24 De Maio,capital,0,0,outros,Corpo Consciente,Corpo Consciente: Acroyoga,Com Andreza Gomide e equipe,uma,thisW,agora,dom,6,11h30,undefined,2023-09-24 00:00:00,2023-09-24 00:00:00,2023-09-24 00:00:00,,,0,manhã
53000006119478,30,6,atividade física,11,Atividade Física,53,Santana,capital,1,0,outros,Semana Move,Hatha Yoga,MOVE ZEN,de-ate,sempre,agora,sempre,7,10h30,undefined,2023-09-24 00:00:00,2023-09-24 00:00:00,2023-09-27 00:00:00,,,0,manhã
55000004664642,30,6,atividade física,11,Atividade Física,55,Interlagos,capital,0,0,outros,Semana Move,Bate Papo e Vivência com Cris Souza,,uma,thisW,agora,dom,6,10h30,undefined,2023-09-24 00:00:00,2023-09-24 00:00:00,2023-09-24 00:00:00,,,0,manhã
55000004664995,50,6,atividade física,11,Atividade Física,55,Interlagos,capital,0,0,outros,Semana Move,Vivência de Chi Kung,,uma,thisW,agora,dom,6,11h,undefined,2023-09-24 00:00:00,2023-09-24 00:00:00,2023-10-01 00:00:00,,,0,manhã
56000004991358,30,6,atividade física,11,Atividade Física,56,Itaquera,capital,0,0,outros,,Aulas Abertas Esportes de Areia,Com os Educadores do Sesc Itaquera,de-ate,sempre,agora,sempre,7,09h30,undefined,2023-09-24 00:00:00,2023-09-24 00:00:00,2023-12-17 00:00:00,,,0,manhã
56000005172617,30,6,atividade física,11,Atividade Física,56,Itaquera,capital,0,0,outros,,Treino Coletivo - Futebol Feminino,Com Japa Mayumi,de-ate,sempre,agora,sempre,7,14h,undefined,2023-09-24 00:00:00,2023-09-24 00:00:00,2023-09-24 00:00:00,,,0,tarde
56000004966838,35,6,atividade física,11,Atividade Física,56,Itaquera,capital,1,0,outros,,Aulas Abertas de Movimento Consciente,Programa de Práticas Corporais,de-ate,sempre,agora,sempre,7,10h,undefined,2023-09-24 00:00:00,2023-09-24 00:00:00,2023-12-10 00:00:00,,,0,manhã
57000007136851,30,6,atividade física,11,Atividade Física,57,Ipiranga,capital,0,0,outros,,Quintal Zen,Educadoras do Sesc Ipiranga,de-ate,sempre,agora,sempre,7,10h30,undefined,2023-09-24 00:00:00,2023-09-24 00:00:00,2023-12-17 00:00:00,,,0,manhã
57000007440928,100,6,atividade física,11,Atividade Física,57,Ipiranga,capital,0,0,outros,Semana Move,Yoga(s),Com Sirlene Santos e Vanessa Joda,de-ate,sempre,agora,sempre,7,10h30,undefined,2023-09-24 00:00:00,2023-09-24 00:00:00,2023-09-24 00:00:00,,,0,manhã
57000007436770,40,6,atividade física,11,Atividade Física,57,Ipiranga,capital,0,0,outros,Vou de Bike,Vou de Bike,Com Educadores do Sesc Ipiranga,uma,thisW,agora,dom,6,09h,undefined,2023-09-24 00:00:00,2023-09-24 00:00:00,2023-09-24 00:00:00,,,0,manhã
58000006840681,45,6,atividade física,11,Atividade Física,58,Pinheiros,capital,1,0,outros,,Práticas Corporais,Com educadores Sesc,uma,thisW,agora,dom,6,10h30,undefined,2023-09-24 00:00:00,2023-09-24 00:00:00,2023-09-24 00:00:00,,,0,manhã
62000007886060,60,6,atividade física,11,Atividade Física,62,Consolação,capital,0,0,outros,Semana Move,MOVE ESPORTES Basquete - Passo zero,Com Fatima Aparecida da Silva,uma,thisW,agora,dom,6,15h,undefined,2023-09-24 00:00:00,2023-09-24 00:00:00,2023-09-26 00:00:00,,,0,tarde
62000007894830,80,6,atividade física,11,Atividade Física,62,Consolação,capital,1,0,outros,Semana Move,MOVE ESPORTES Corrida - Treino de Força,Com Sâmmia Reis,de-ate,sempre,agora,sempre,7,08h,undefined,2023-09-24 00:00:00,2023-09-24 00:00:00,2023-09-27 00:00:00,,,0,manhã
62000007641724,50,6,atividade física,11,Atividade Física,62,Consolação,capital,1,0,outros,Vem Dançar!,Forró,"Com Kamila Rodrigues, Lilian Souza e Liliane Peres",de-ate,sempre,agora,sempre,7,14h30,undefined,2023-09-24 00:00:00,2023-09-24 00:00:00,2023-10-29 00:00:00,,,0,tarde
65000003486892,40,6,atividade física,11,Atividade Física,65,Av. Paulista,capital,0,0,outros,,Lugar do Corpo e os Elementos,com educadoras de atividades físico esportivas do Sesc Avenida Paulista,uma,thisW,agora,dom,6,10h10,undefined,2023-09-24 00:00:00,2023-09-24 00:00:00,2023-10-01 00:00:00,,,0,manhã
65000003523616,20,6,atividade física,11,Atividade Física,65,Av. Paulista,capital,0,0,outros,,Osteopilates - 24/9 - 10h10,com Izabella Guirado Geraldo e Leonardo Penteado Nascimento,uma,thisW,agora,dom,6,10h10,undefined,2023-09-24 00:00:00,2023-09-24 00:00:00,2023-09-24 00:00:00,,,0,manhã
65000003523632,20,6,atividade física,11,Atividade Física,65,Av. Paulista,capital,0,0,outros,,Osteopilates - 24/9 - 11h30,com Izabella Guirado Geraldo e Leonardo Penteado Nascimento,uma,thisW,agora,dom,6,11h30,undefined,2023-09-24 00:00:00,2023-09-24 00:00:00,2023-09-24 00:00:00,,,0,manhã
65000003487074,20,6,atividade física,11,Atividade Física,65,Av. Paulista,capital,0,0,outros,,Pilates Solo - 24/9 - 14h,com educadores(as) de atividades físicas do Sesc Avenida Paulista.,uma,thisW,agora,dom,6,14h,undefined,2023-09-24 00:00:00,2023-09-24 00:00:00,2023-09-24 00:00:00,,,0,tarde
65000003542290,100,6,atividade física,11,Atividade Física,65,Av. Paulista,capital,1,0,crianças,,Primeiras Pedaladas - Clube do Pedal,com a equipe do Pedal Cultural SP,de-ate,sempre,agora,sempre,7,10h,undefined,2023-09-24 00:00:00,2023-09-24 00:00:00,2023-12-17 00:00:00,,,0,manhã
66000016748994,100,6,atividade física,11,Atividade Física,66,Vila Mariana,capital,0,0,crianças,Semana Move,Nado Artístico,Vivência e exploração do fluir dos movimentos na água,uma,thisW,agora,dom,6,13h,undefined,2023-09-24 00:00:00,2023-09-23 00:00:00,2023-10-01 00:00:00,1,Tradução em Libras,0,tarde
68000008758004,100,6,atividade física,11,Atividade Física,68,Belenzinho,capital,1,0,crianças,Semana Move,Aula Aberta: 10 passos para andar de skate,Com educadores do Sesc,de-ate,sempre,agora,sempre,7,14h,undefined,2023-09-24 00:00:00,2023-09-24 00:00:00,2023-09-29 00:00:00,,,0,tarde
68000008885751,40,6,atividade física,11,Atividade Física,68,Belenzinho,capital,1,0,outros,,Aula Aberta de Kemet Yoga,Com Tainá Antônio,uma,thisW,agora,dom,6,11h,undefined,2023-09-24 00:00:00,2023-09-24 00:00:00,2023-09-24 00:00:00,,,0,manhã
68000008757900,60,6,atividade física,11,Atividade Física,68,Belenzinho,capital,1,0,outros,,Aula Aberta de Samba de Gafieira,com Fabi Chagas,uma,thisW,agora,dom,6,15h30,undefined,2023-09-24 00:00:00,2023-09-24 00:00:00,2023-09-24 00:00:00,,,0,tarde
68000008744346,300,6,atividade física,11,Atividade Física,68,Belenzinho,capital,1,0,outros,Semana Move,Vivência de Surfe e SUP,,uma,thisW,agora,dom,6,10h,undefined,2023-09-24 00:00:00,2023-09-23 00:00:00,2023-10-01 00:00:00,,,0,manhã
70000005553446,20,6,atividade física,11,Atividade Física,70,Santo Amaro,capital,0,0,outros,Semana Move,Movimento Consciente - Práticas Somáticas para um corpo em ação,Com Maercio Maia,de-ate,sempre,agora,sempre,7,11h,undefined,2023-09-24 00:00:00,2023-09-24 00:00:00,2023-09-24 00:00:00,,,0,manhã
72000000588857,200,6,atividade física,11,Atividade Física,72,Mogi Das Cruzes,capital,0,0,outros,,Hatha Yoga,Com Andrea Yoshinaga,de-ate,sempre,agora,sempre,7,10h,undefined,2023-09-24 00:00:00,2023-09-24 00:00:00,2023-09-24 00:00:00,,,0,manhã
72000000573733,100,6,atividade física,11,Atividade Física,72,Mogi Das Cruzes,capital,1,0,crianças,Semana Move,Jogos e Brincadeiras Afrodiaspóricas - MOVE Criança,Com Brincando na Kebrada,de-ate,sempre,agora,sempre,7,14h,undefined,2023-09-24 00:00:00,2023-09-23 00:00:00,2023-09-24 00:00:00,,,0,tarde
73000004996955,240,6,atividade física,11,Atividade Física,73,Guarulhos,capital,0,0,outros,Copa Sesc do Comércio e Serviços,Copa SESC - Futebol Soçaite,Copa SESC do Comércio e Serviços - Futebol Soçaite (Futebol 7),de-ate,sempre,agora,sempre,7,09h30,undefined,2023-09-24 00:00:00,2023-09-24 00:00:00,2023-11-19 00:00:00,,,0,manhã
77000313027408,15,6,atividade física,11,Atividade Física,77,S. J. Campos,interior,1,0,outros,,Práticas Aquáticas: exercícios para autonomia no meio líquido,Com educadores do Sesc,de-ate,sempre,agora,sempre,7,11h,undefined,2023-09-24 00:00:00,2023-09-24 00:00:00,2023-09-24 00:00:00,,,0,manhã
77000313238453,30,6,atividade física,11,Atividade Física,77,S. J. Campos,interior,1,0,outros,Semana Move,Composição coreográfica na GPT com aparelhos alternativos,Com Lidia Amália Cardamoni,uma,thisW,agora,dom,6,10h30,undefined,2023-09-24 00:00:00,2023-09-24 00:00:00,2023-09-24 00:00:00,,,0,manhã
79000003213548,25,6,atividade física,11,Atividade Física,79,Catanduva,interior,1,0,outros,,Manhã de Yoga - Hatha Yoga,Com Gabrielle Padilha,de-ate,sempre,agora,sempre,7,10h,undefined,2023-09-24 00:00:00,2023-09-24 00:00:00,2023-12-10 00:00:00,,,0,manhã
82000004912484,45,6,atividade física,11,Atividade Física,82,São Carlos,interior,0,0,outros,Semana Move,Yoga e atenção plena,Com educadores do Sesc,uma,thisW,agora,dom,6,09h30,undefined,2023-09-24 00:00:00,2023-09-24 00:00:00,2023-09-24 00:00:00,,,0,manhã
82000004912484,45,6,atividade física,11,Atividade Física,82,São Carlos,interior,0,0,outros,Semana Move,Yoga e atenção plena,Com educadores do Sesc,uma,thisW,agora,dom,6,10h30,undefined,2023-09-24 00:00:00,2023-09-24 00:00:00,2023-09-24 00:00:00,,,0,manhã
84000005403419,100,6,atividade física,11,Atividade Física,84,Rio Preto,interior,0,0,outros,Semana Move,Clínica de Basquete,Com Mahmoud Abdoul Raulf e equipe,uma,thisW,agora,dom,6,10h,undefined,2023-09-24 00:00:00,2023-09-24 00:00:00,2023-09-24 00:00:00,,,0,manhã
84000005403493,40,6,atividade física,11,Atividade Física,84,Rio Preto,interior,1,0,outros,,Hatha Yoga,"Com Jean Dumbra, professor de yoga.",de-ate,sempre,agora,sempre,7,10h,undefined,2023-09-24 00:00:00,2023-09-24 00:00:00,2023-09-24 00:00:00,,,0,manhã
85000003168252,30,6,atividade física,11,Atividade Física,85,Birigui,interior,0,0,outros,Semana Move,Yoga Para Corpos Sedentários,Com Danilo Patzdorf,de-ate,sempre,agora,sempre,7,10h,undefined,2023-09-24 00:00:00,2023-09-23 00:00:00,2023-09-24 00:00:00,,,0,manhã
86000004108193,30,6,atividade física,11,Atividade Física,86,Araraquara,interior,0,0,outros,Semana Move,Danças Circulares enquanto prática meditativa,Com Mariza Noronha Magdalena,uma,thisW,agora,dom,6,10h,undefined,2023-09-24 00:00:00,2023-09-24 00:00:00,2023-09-24 00:00:00,,,0,manhã
87000002980341,800,6,atividade física,11,Atividade Física,87,Prudente,interior,0,0,outros,,Vivência de Massagem Rápida,,uma,thisW,agora,dom,6,08h,undefined,2023-09-24 00:00:00,2023-09-24 00:00:00,2023-09-24 00:00:00,,,0,manhã
87000002989066,130,6,atividade física,11,Atividade Física,87,Prudente,interior,0,0,outros,,Yoga,com a instrutora Arlete Domênico,de-ate,sempre,agora,sempre,7,10h,undefined,2023-09-24 00:00:00,2023-09-24 00:00:00,2023-10-29 00:00:00,,,0,manhã
87000002960125,1500,6,atividade física,11,Atividade Física,87,Prudente,interior,0,0,outros,Semana Move,Corrida Move,,de-ate,sempre,agora,sempre,7,08h,undefined,2023-09-24 00:00:00,2023-09-24 00:00:00,2023-09-24 00:00:00,,,0,manhã
87000002964313,100,6,atividade física,11,Atividade Física,87,Prudente,interior,0,0,outros,Semana Move,Jogos e Brincadeiras Tradicionais,Com a educadora Elizabeth Gomes Soares,uma,thisW,agora,dom,6,14h,undefined,2023-09-24 00:00:00,2023-09-24 00:00:00,2023-10-01 00:00:00,,,0,tarde
87000002960104,300,6,atividade física,11,Atividade Física,87,Prudente,interior,0,0,outros,Semana Move,Vivência de Mini Atletismo,Com a equipe Tojan Experience,uma,thisW,agora,dom,6,07h,undefined,2023-09-24 00:00:00,2023-09-23 00:00:00,2023-09-24 00:00:00,,,0,manhã
91000002030706,45,6,atividade física,11,Atividade Física,91,Campo Limpo,capital,0,0,crianças,,Brincando de Se Mover,,de-ate,sempre,agora,sempre,7,14h30,undefined,2023-09-24 00:00:00,2023-09-23 00:00:00,2023-12-17 00:00:00,,,0,tarde
93000005830213,30,6,atividade física,11,Atividade Física,93,Jundiaí,interior,0,0,outros,,Dança de Salão,,de-ate,sempre,agora,sempre,7,15h,undefined,2023-09-24 00:00:00,2023-09-24 00:00:00,2023-10-29 00:00:00,,,0,tarde
93000005815928,250,6,atividade física,11,Atividade Física,93,Jundiaí,interior,0,0,outros,Semana Move,Festival de Práticas Corporais - Yoga Multissensorial,com Bionathus e Mahabanda,uma,thisW,agora,dom,6,10h30,undefined,2023-09-24 00:00:00,2023-09-24 00:00:00,2023-09-24 00:00:00,,,0,manhã
94000006112780,30,6,atividade física,11,Atividade Física,94,Bom Retiro,capital,0,0,outros,Semana Move,Oficina de Graffiti,Com Jae Alves,uma,thisW,agora,dom,6,10h30,undefined,2023-09-24 00:00:00,2023-09-23 00:00:00,2023-09-24 00:00:00,,,0,manhã
96000317034888,250,6,atividade física,11,Atividade Física,96,Sorocaba,interior,1,0,crianças,Semana Move,Conhecendo Embarcações,Com a equipe Viva Mais,uma,thisW,agora,dom,6,10h,undefined,2023-09-24 00:00:00,2023-09-23 00:00:00,2023-09-24 00:00:00,,,0,manhã
96000313682962,80,6,atividade física,11,Atividade Física,96,Sorocaba,interior,1,0,outros,Semana Move,Manhãs de Yoga: Yoga Flow,"com Jaqueline Alamino, professora de yoga",de-ate,sempre,agora,sempre,7,08h,undefined,2023-09-24 00:00:00,2023-09-24 00:00:00,2023-09-24 00:00:00,,,0,manhã
52000005463216,80,6,atividade física,14,Outros,52,24 De Maio,capital,0,0,outros,Semana Move,Jogos de Tabuleiro pelo Mundo,Com Toca Games,de-ate,sempre,agora,sempre,7,13h,undefined,2023-09-24 00:00:00,2023-09-23 00:00:00,2023-10-01 00:00:00,,,0,tarde
52000005597074,80,6,atividade física,14,Outros,52,24 De Maio,capital,0,0,outros,Semana Move,Jogos de Tabuleiro pelo Mundo,Com Toca Games,de-ate,sempre,agora,sempre,7,13h,undefined,2023-09-24 00:00:00,2023-09-24 00:00:00,2023-09-24 00:00:00,,,0,tarde
53000006178180,40,6,atividade física,14,Outros,53,Santana,capital,0,0,outros,,Recreação de Basquete 3x3,Com educadores do Sesc,de-ate,sempre,agora,sempre,7,15h,undefined,2023-09-24 00:00:00,2023-09-23 00:00:00,2023-12-17 00:00:00,,,0,tarde
53000006120247,100,6,atividade física,14,Outros,53,Santana,capital,0,0,outros,Semana Move,Praça de esportes: Jogos de marcas,MOVE ESPORTES,de-ate,sempre,agora,sempre,7,15h,undefined,2023-09-24 00:00:00,2023-09-24 00:00:00,2023-09-24 00:00:00,,,0,tarde
57000007507723,50,6,atividade física,14,Outros,57,Ipiranga,capital,0,0,outros,,Recreação Esportiva Futsal Feminino Adulto,Com educadores do Sesc,de-ate,sempre,agora,sempre,7,10h,undefined,2023-09-24 00:00:00,2023-09-24 00:00:00,2023-12-31 00:00:00,,,0,manhã
57000007507857,40,6,atividade física,14,Outros,57,Ipiranga,capital,1,0,jovens,,Recreação Esportiva Voleibol Jovem,Com Educadores do Sesc Ipiranga,de-ate,sempre,agora,sempre,7,13h,undefined,2023-09-24 00:00:00,2023-09-24 00:00:00,2023-12-31 00:00:00,,,0,tarde
62000007927133,80,6,atividade física,14,Outros,62,Consolação,capital,1,0,crianças,Praça Esportiva,Jogos do Mundo,,de-ate,sempre,agora,sempre,7,12h,undefined,2023-09-24 00:00:00,2023-09-23 00:00:00,2023-09-24 00:00:00,,,0,tarde
65000003467221,50,6,atividade física,14,Outros,65,Av. Paulista,capital,1,0,outros,,Que jogo é esse? Pickleball,Com Esporte Fácil,de-ate,sempre,agora,sempre,7,15h,undefined,2023-09-24 00:00:00,2023-09-24 00:00:00,2023-09-24 00:00:00,,,0,tarde
73000004818604,40,6,atividade física,14,Outros,73,Guarulhos,capital,0,0,crianças,,Esportes de Precisão no Esporte Família,Kan Jam e Cornhole,de-ate,sempre,agora,sempre,7,15h30,undefined,2023-09-24 00:00:00,2023-09-24 00:00:00,2023-09-24 00:00:00,,,0,tarde
80000005054880,20,6,atividade física,14,Outros,80,Bauru,interior,0,0,crianças,,Futefamília,,de-ate,sempre,agora,sempre,7,10h,undefined,2023-09-24 00:00:00,2023-09-24 00:00:00,2023-12-17 00:00:00,,,0,manhã
82000004830208,90,6,atividade física,14,Outros,82,São Carlos,interior,0,0,outros,Semana Move,Maratona Aquática,,de-ate,sempre,agora,sempre,7,08h,undefined,2023-09-24 00:00:00,2023-09-24 00:00:00,2023-09-24 00:00:00,,,0,manhã
85000003159657,30,6,atividade física,14,Outros,85,Birigui,interior,0,0,outros,,Recreação de Basquete 3x3,,de-ate,sempre,agora,sempre,7,15h,undefined,2023-09-24 00:00:00,2023-09-24 00:00:00,2023-10-01 00:00:00,,,0,tarde
85000003159558,60,6,atividade física,14,Outros,85,Birigui,interior,0,0,outros,,Recreação de Futebol Soçaite Feminino,,de-ate,sempre,agora,sempre,7,10h,undefined,2023-09-24 00:00:00,2023-09-24 00:00:00,2023-09-24 00:00:00,,,0,manhã
85000003159501,80,6,atividade física,14,Outros,85,Birigui,interior,0,0,outros,,Recreação Orientada de Futebol Soçaite Intergeracional,Com educadores Sesc,de-ate,sempre,agora,sempre,7,14h,undefined,2023-09-24 00:00:00,2023-09-24 00:00:00,2023-10-01 00:00:00,,,0,tarde
85000003159580,30,6,atividade física,14,Outros,85,Birigui,interior,0,0,outros,,Recreação Orientada de Vôlei,Com educadores Sesc,de-ate,sempre,agora,sempre,7,13h30,undefined,2023-09-24 00:00:00,2023-09-24 00:00:00,2023-10-01 00:00:00,,,0,tarde
92000001508178,100,6,atividade física,14,Outros,92,Registro,interior,1,0,outros,Semana Move,Passeio Ciclístico,com Thiago Ribeiro,uma,thisW,agora,dom,6,07h,undefined,2023-09-24 00:00:00,2023-09-24 00:00:00,2023-09-24 00:00:00,,,0,manhã
94000006087471,150,6,atividade física,14,Outros,94,Bom Retiro,capital,0,0,crianças,Semana Move,Fingerboards (Skate de Dedo),Com Inove Fingerboards,de-ate,sempre,agora,sempre,7,11h,undefined,2023-09-24 00:00:00,2023-09-24 00:00:00,2023-10-01 00:00:00,,,0,manhã
57000007574382,40,8,turismo,12,Turismo,57,Ipiranga,capital,0,0,outros, Festival da Integração,PONTO DE ENCONTRO COM OS IDOSOS PARA RETORNO DO FESTIVAL DA INTEGRAÇÃO NO SESC B,,primeira,thisW,agora,dom,6,16h,undefined,2023-09-24 00:00:00,2023-09-24 00:00:00,2023-09-24 00:00:00,,,0,tarde
65000003461990,15,8,turismo,12,Turismo,65,Av. Paulista,capital,0,0,outros,"Uma Paulista, Diferentes Vistas",Patrimônios da Memória: Histórias de Mulheres e da Cidade,Com Mirian Ferreira e Marina Gouveia,uma,thisW,agora,dom,6,10h,undefined,2023-09-24 00:00:00,2023-09-24 00:00:00,2024-01-21 00:00:00,,,0,manhã
83000004007851,20,8,turismo,12,Turismo,83,Piracicaba,interior,0,0,outros,,RE-Conhecendo Piracicaba - Aves que cantam e encantam,24.09.2023,uma,thisW,agora,dom,6,07h,undefined,2023-09-24 00:00:00,2023-09-24 00:00:00,2023-09-24 00:00:00,,,0,manhã
84000005406326,40,8,turismo,12,Turismo,84,Rio Preto,interior,0,0,idosos,,Festival de Integração - Bertioga,,primeira,thisW,agora,dom,6,07h,undefined,2023-09-24 00:00:00,2023-09-21 00:00:00,2023-09-24 00:00:00,,,0,manhã
86000004088509,20,8,turismo,12,Turismo,86,Araraquara,interior,0,0,outros,,Bairro Carmo: memória e história expressa na paisagem,,uma,thisW,agora,dom,6,09h30,undefined,2023-09-24 00:00:00,2023-09-24 00:00:00,2023-09-24 00:00:00,,,0,manhã
52000005541420,350,9,'+ lazer,14,Outros,52,24 De Maio,capital,0,0,crianças,Primavera no Centro,Kombi dos Sonhos,Primavera no Centro,de-ate,sempre,agora,sempre,7,11h,undefined,2023-09-24 00:00:00,2023-09-24 00:00:00,2023-09-24 00:00:00,,,0,manhã
63000013328878,50,9,'+ lazer,14,Outros,63,Pompeia,capital,0,0,outros,Espaço de Brincar,As brincadeira africanas de Weza,com Luderê Afro Lúdico,de-ate,sempre,agora,sempre,7,11h,undefined,2023-09-24 00:00:00,2023-09-24 00:00:00,2023-09-24 00:00:00,,,0,manhã
65000003141932,40,9,'+ lazer,14,Outros,65,Av. Paulista,capital,0,0,outros,,Ludoteca Móvel,com educadores(as) de atividades físicas do Sesc Avenida Paulista,de-ate,sempre,agora,sempre,7,13h,undefined,2023-09-24 00:00:00,2023-09-23 00:00:00,2023-12-30 00:00:00,,,0,tarde
67000002866719,100,9,'+ lazer,14,Outros,67,São Caetano,capital,0,0,outros,,Jogos do Mundo,com Caravana Lúdica,de-ate,sempre,agora,sempre,7,09h,undefined,2023-09-24 00:00:00,2023-09-24 00:00:00,2023-09-24 00:00:00,,,0,manhã
70000005788045,200,9,'+ lazer,14,Outros,70,Santo Amaro,capital,1,0,crianças,Espaço de Brincar,Espaço de Brincar,,de-ate,sempre,agora,sempre,7,12h,undefined,2023-09-24 00:00:00,2023-09-24 00:00:00,2023-10-29 00:00:00,,,0,tarde
73000004919492,20,9,'+ lazer,14,Outros,73,Guarulhos,capital,1,0,crianças,Espaço de Brincar,Brincando pelo Sesc Guarulhos,com educadoras do Espaço de Brincar do Sesc Guarulhos,de-ate,sempre,agora,sempre,7,14h,undefined,2023-09-24 00:00:00,2023-09-24 00:00:00,2023-09-24 00:00:00,,,0,tarde
79000003173012,20,9,'+ lazer,14,Outros,79,Catanduva,interior,1,0,jovens,,Brinquedos criativos,"Com David Carlo,  educador de Tecnologias e Artes",de-ate,sempre,agora,sempre,7,14h,undefined,2023-09-24 00:00:00,2023-09-24 00:00:00,2023-09-24 00:00:00,,,0,tarde
83000004050428,20,9,'+ lazer,14,Outros,83,Piracicaba,interior,1,0,crianças,Espaço lúdico,Viva Lagarta!," - Com palitos e papel, faça uma lagartinha que se movimenta.",de-ate,sempre,agora,sempre,7,14h,undefined,2023-09-24 00:00:00,2023-09-24 00:00:00,2023-09-24 00:00:00,,,0,tarde
93000005894049,20,9,'+ lazer,14,Outros,93,Jundiaí,interior,1,0,outros,,Jogue o jogo,com educadores do ETA,de-ate,sempre,agora,sempre,7,10h30,undefined,2023-09-24 00:00:00,2023-09-24 00:00:00,2023-09-24 00:00:00,,,0,manhã
64000004981084,120,1,shows e espetáculos,1,Música,64,Carmo,capital,0,0,outros,,Mahmundi,"Show acústico do disco ""Amor Fati""",uma,nextW,proxima,seg,0,19h,undefined,2023-09-25 00:00:00,2023-09-25 00:00:00,2023-09-26 00:00:00,,,0,noite
53000006109342,50,1,shows e espetáculos,11,Atividade Física,53,Santana,capital,0,0,outros,Semana Move,Festival de Basquete 3x3 - Gol de Letra,Com Associação Nacional de Basquete 3×3 - ANB3x3,uma,nextW,proxima,seg,0,18h,undefined,2023-09-25 00:00:00,2023-09-25 00:00:00,2023-09-25 00:00:00,,,0,noite
67000002812175,17,2,cursos e oficinas,1,Música,67,São Caetano,capital,0,0,idosos,,Introdução à rabeca,Com FELIPE GOMIDE,primeira,nextW,proxima,seg,0,14h,undefined,2023-09-25 00:00:00,2023-09-25 00:00:00,2023-10-16 00:00:00,,,0,tarde
89000001350816,20,2,cursos e oficinas,1,Música,89,CPF,capital,0,0,outros,Cursos e Palestras,Nova harmonia do violão brasileiro: Os acordes pós-Bossa Nova e Jazz mainstream,Com Conrado Paulino,primeira,nextW,proxima,seg,0,14h30,undefined,2023-09-25 00:00:00,2023-09-25 00:00:00,2023-09-25 00:00:00,,,0,tarde
67000002823683,30,2,cursos e oficinas,11,Atividade Física,67,São Caetano,capital,0,0,outros,Semana Move,Move Esportes: capacitação em INTELIGÊNCIA EMOCIONAL,com educadores Sesc / para a Secretaria de Esportes e Lazer de Diadema,uma,nextW,proxima,seg,0,09h,undefined,2023-09-25 00:00:00,2023-09-25 00:00:00,2023-09-25 00:00:00,,,0,manhã
95000002802042,10,2,cursos e oficinas,6,Artes Visuais,95,Osasco,capital,0,0,outros,,Iniciação à Escultura com Cerâmica Fria:  Produção de Cabeças,com Fabiano A.,primeira,nextW,proxima,seg,0,15h,undefined,2023-09-25 00:00:00,2023-09-25 00:00:00,2023-09-25 00:00:00,,,0,tarde
64000004728042,20,2,cursos e oficinas,8,Educação,64,Carmo,capital,0,0,outros,,Português como língua estrangeira - PLE,Segunda 09h30  Terca 09h30  Quarta 09h30  Quinta 09h30 - A partir de 16 anos,primeira,nextW,proxima,seg,0,09h30,undefined,2023-09-25 00:00:00,2023-09-21 00:00:00,2023-11-09 00:00:00,,,0,manhã
83000004134883,50,2,cursos e oficinas,8,Educação,83,Piracicaba,interior,1,0,outros,,Mancala e a educação,,de-ate,sempre,proxima,sempre,7,08h30,undefined,2023-09-25 00:00:00,2023-09-25 00:00:00,2023-10-24 00:00:00,,,0,manhã
89000001265966,40,2,cursos e oficinas,8,Educação,89,CPF,capital,0,0,outros,,Memória e imaginário: O cinema de Petra Costa,Com Prof. Dr.Carlos Gonçalves (PUCSP e ECA-USP),primeira,nextW,proxima,seg,0,15h,undefined,2023-09-25 00:00:00,2023-09-25 00:00:00,2023-09-25 00:00:00,,,0,tarde
89000001235463,50,2,cursos e oficinas,8,Educação,89,CPF,capital,0,0,outros,Gestão do Esporte,Curso Sesc de Gestão do Esporte 2023/2024,História e contexto da Gestão do Esporte - Brasil e Mundo - Ary Rocco,primeira,nextW,proxima,seg,0,19h,undefined,2023-09-25 00:00:00,2023-09-25 00:00:00,2023-09-25 00:00:00,,,0,noite
95000002870764,70,2,cursos e oficinas,8,Educação,95,Osasco,capital,0,0,outros,,Cerimonial de formatura dos alunos do curso de português,,primeira,nextW,proxima,seg,0,10h,undefined,2023-09-25 00:00:00,2023-09-25 00:00:00,2023-09-25 00:00:00,,,0,manhã
89000001337871,40,3,debates e paletras,7,Literatura,89,CPF,capital,0,0,outros,Cursos e Palestras,Academia Brasileira de Letras e Política,Com João Paulo Lopes e Diogo Cunha,uma,nextW,proxima,seg,0,19h30,undefined,2023-09-25 00:00:00,2023-09-25 00:00:00,2023-09-25 00:00:00,,,0,noite
59000000722045,279,5,filmes,5,Cinema,59,Cinesesc,capital,0,0,outros,,ESTRANHA FORMA DE VIDA + ENTREVISTA ALMODÓVAR,"Pedro Almodóvar, Espanha/França, 2023, 86', ficção",uma,nextW,proxima,seg,0,15h30,undefined,2023-09-25 00:00:00,2023-09-21 00:00:00,2023-09-27 00:00:00,1,Audiodescrição  Tradução em Libras  Closed Caption,0,tarde
59000000708279,273,5,filmes,5,Cinema,59,Cinesesc,capital,1,0,outros,,A Felicidade das Coisas - abertura do 13º Laboratório Novas Histórias,"Thais Fujinaga, Brasil, 2021, 87', ficção, 12 anos",uma,nextW,proxima,seg,0,20h,undefined,2023-09-25 00:00:00,2023-09-25 00:00:00,2023-09-25 00:00:00,,,0,noite
61000000853510,160,6,atividade física,11,Atividade Física,61,Florêncio,capital,0,0,outros,Semana Move,Move Esportes - Basquete 3 x 3,,de-ate,sempre,proxima,sempre,7,10h,undefined,2023-09-25 00:00:00,2023-09-25 00:00:00,2023-09-27 00:00:00,,,0,manhã
64000004953369,20,6,atividade física,11,Atividade Física,64,Carmo,capital,0,0,outros,Semana Move,Aula de danças urbanas,com Igor Gasparini e Parvel Gorbachev,de-ate,sempre,proxima,sempre,7,17h,undefined,2023-09-25 00:00:00,2023-09-25 00:00:00,2023-09-29 00:00:00,,,0,tarde
64000004964025,20,6,atividade física,11,Atividade Física,64,Carmo,capital,1,0,outros,Semana Move,Aula aberta de Acroyoga,com Andreza Gomide,uma,nextW,proxima,seg,0,16h,undefined,2023-09-25 00:00:00,2023-09-25 00:00:00,2023-09-27 00:00:00,,,0,tarde
64000004953397,20,6,atividade física,11,Atividade Física,64,Carmo,capital,1,0,outros,Semana Move,Aula aberta de danças urbanas,com Igor Gasparini,uma,nextW,proxima,seg,0,15h,undefined,2023-09-25 00:00:00,2023-09-25 00:00:00,2023-09-29 00:00:00,,,0,tarde
67000002799960,25,6,atividade física,11,Atividade Física,67,São Caetano,capital,0,0,outros,Semana Move,Move Zen: aula especial de MOVE FLOW,com Ana Paula Ribeiro,de-ate,sempre,proxima,sempre,7,17h,undefined,2023-09-25 00:00:00,2023-09-25 00:00:00,2023-09-26 00:00:00,,,0,tarde
95000002875527,10,6,atividade física,11,Atividade Física,95,Osasco,capital,0,0,outros,,Práticas Corporais - Alongamento e Mobilidade Articular III (set/out/nov),"Segundas, 15h - Acima de 12 anos",de-ate,sempre,proxima,sempre,7,15h,undefined,2023-09-25 00:00:00,2023-09-25 00:00:00,2023-11-27 00:00:00,,,0,tarde
95000002873296,10,6,atividade física,11,Atividade Física,95,Osasco,capital,0,0,outros,,Práticas Corporais: Yoga I,"Segundas, 9h",de-ate,sempre,proxima,sempre,7,09h,undefined,2023-09-25 00:00:00,2023-09-25 00:00:00,2023-11-27 00:00:00,,,0,manhã
64000004968051,200,6,atividade física,14,Outros,64,Carmo,capital,1,0,outros,Semana Move,Carmoland: estação de jogos eletrônicos,,de-ate,sempre,proxima,sempre,7,11h,undefined,2023-09-25 00:00:00,2023-09-25 00:00:00,2023-09-29 00:00:00,,,0,manhã
77000312501702,20,8,turismo,12,Turismo,77,S. J. Campos,interior,0,0,outros,,Caiobá com Ilha do Mel (Matinhos - PR),Operacionalização Sesc São José dos Campos em coadjuvância com o Sesc Taubaté,primeira,nextW,proxima,seg,0,07h,undefined,2023-09-25 00:00:00,2023-09-24 00:00:00,2023-09-29 00:00:00,,,0,manhã
86000004107676,300,9,'+ lazer,14,Outros,86,Araraquara,interior,0,0,outros,Semana Move,Intervalo ativo na empresa: circuito de mini golfe e futesinuca,,de-ate,sempre,proxima,sempre,7,10h,undefined,2023-09-25 00:00:00,2023-09-25 00:00:00,2023-10-08 00:00:00,,,0,manhã
62000007670899,3000,1,shows e espetáculos,1,Música,62,Consolação,capital,1,0,outros,Instrumental Sesc Brasil,Duo Ana de Oliveira e Sérgio Raz,Lançamento do CD Armoriando,uma,nextW,proxima,ter,1,19h,undefined,2023-09-26 00:00:00,2023-09-26 00:00:00,2023-09-26 00:00:00,,,0,noite
64000004981084,120,1,shows e espetáculos,1,Música,64,Carmo,capital,0,0,outros,,Mahmundi,"Show acústico do disco ""Amor Fati""",uma,nextW,proxima,ter,1,19h,undefined,2023-09-26 00:00:00,2023-09-25 00:00:00,2023-09-26 00:00:00,,,0,noite
93000005666741,220,1,shows e espetáculos,1,Música,93,Jundiaí,interior,0,0,outros,,MusiCasa,Festival de música da Fundação Casa,uma,nextW,proxima,ter,1,10h,undefined,2023-09-26 00:00:00,2023-09-26 00:00:00,2023-09-27 00:00:00,,,0,manhã
63000013486540,70,1,shows e espetáculos,11,Atividade Física,63,Pompeia,capital,0,0,outros,Semana Move,Ciência e Tecnologia,com Gustavo Barquilha,uma,nextW,proxima,ter,1,09h45,undefined,2023-09-26 00:00:00,2023-09-26 00:00:00,2023-09-28 00:00:00,,,0,manhã
63000013486540,70,1,shows e espetáculos,11,Atividade Física,63,Pompeia,capital,0,0,outros,Semana Move,Ciência e Tecnologia,com Gustavo Barquilha,uma,nextW,proxima,ter,1,18h30,undefined,2023-09-26 00:00:00,2023-09-26 00:00:00,2023-09-28 00:00:00,,,0,noite
75000007972154,400,1,shows e espetáculos,11,Atividade Física,75,Campinas,interior,0,0,outros,Semana Move,Circuito Sesc de Esportes - Skate com Sandro Dias,,uma,nextW,proxima,ter,1,10h,undefined,2023-09-26 00:00:00,2023-09-26 00:00:00,2023-09-30 00:00:00,,,0,manhã
85000003189350,500,1,shows e espetáculos,11,Atividade Física,85,Birigui,interior,0,0,outros,Semana Move,Clínica e Bate Papo com Emanuel Rego,,uma,nextW,proxima,ter,1,14h,undefined,2023-09-26 00:00:00,2023-09-26 00:00:00,2023-09-30 00:00:00,,,0,tarde
86000004102952,100,1,shows e espetáculos,11,Atividade Física,86,Araraquara,interior,1,0,crianças,Semana Move,Basquete com o ex-jogador da NBA Mahmoud Abdoul Raulf,,uma,nextW,proxima,ter,1,18h30,undefined,2023-09-26 00:00:00,2023-09-26 00:00:00,2023-09-26 00:00:00,,,0,noite
86000004102952,100,1,shows e espetáculos,11,Atividade Física,86,Araraquara,interior,1,0,crianças,Semana Move,Basquete com o ex-jogador da NBA Mahmoud Abdoul Raulf,,uma,nextW,proxima,ter,1,20h,undefined,2023-09-26 00:00:00,2023-09-26 00:00:00,2023-09-26 00:00:00,,,0,noite
63000013035250,40,1,shows e espetáculos,2,Teatro,63,Pompeia,capital,0,0,outros,,Nica,Com Elisa Band e Gilda Nomacce,uma,nextW,proxima,ter,1,20h30,undefined,2023-09-26 00:00:00,2023-09-21 00:00:00,2023-10-06 00:00:00,1,Audiodescrição  Tradução em Libras,0,noite
70000005822764,100,1,shows e espetáculos,2,Teatro,70,Santo Amaro,capital,0,0,outros,,Bate papo - LOVNI com  a Compagnie de la Casquette - Bélgica,XVII Festival Internacional Paideia de Teatro para a Infância e Juventude: Uma janela para a utopia,uma,nextW,proxima,ter,1,15h30,undefined,2023-09-26 00:00:00,2023-09-26 00:00:00,2023-09-26 00:00:00,,,0,tarde
58000006764712,100,1,shows e espetáculos,4,Dança,58,Pinheiros,capital,0,0,outros,Coisas da Dança,O Diário de duas bicicletas,Com Ana Catarina Vieira e Ângelo Madureira,uma,nextW,proxima,ter,1,19h30,undefined,2023-09-26 00:00:00,2023-09-26 00:00:00,2023-10-04 00:00:00,,,0,noite
63000013200479,70,1,shows e espetáculos,4,Dança,63,Pompeia,capital,0,0,outros,,A beleza revela-se acessória,com Pol Pi,uma,nextW,proxima,ter,1,19h30,undefined,2023-09-26 00:00:00,2023-09-26 00:00:00,2023-09-27 00:00:00,,,0,noite
75000008050815,100,1,shows e espetáculos,7,Literatura,75,Campinas,interior,0,0,outros,,Novo [Na estante],com Rita Carelli,uma,nextW,proxima,ter,1,09h,undefined,2023-09-26 00:00:00,2023-09-21 00:00:00,2023-10-31 00:00:00,,,0,manhã
75000007953323,15,1,shows e espetáculos,7,Literatura,75,Campinas,interior,1,0,outros,,[NA ESTANTE] Rita Carelli,com Rita Carelli,uma,nextW,proxima,ter,1,09h,undefined,2023-09-26 00:00:00,2023-09-21 00:00:00,2023-10-31 00:00:00,,,0,manhã
68000008738310,400,10,serviços,14,Outros,68,Belenzinho,capital,1,0,outros,Semana Move,Piscina,Com educadores do Sesc,de-ate,nextW,proxima,ter,1,09h,undefined,2023-09-26 00:00:00,2023-09-26 00:00:00,2023-09-29 00:00:00,,,0,
72000000622217,40,10,serviços,14,Outros,72,Mogi Das Cruzes,capital,0,0,outros,,Piscina,,de-ate,nextW,proxima,ter,1,13h30,undefined,2023-09-26 00:00:00,2023-09-21 00:00:00,2023-12-29 00:00:00,,,0,
94000005512331,20,10,serviços,7,Literatura,94,Bom Retiro,capital,0,0,outros,,Empréstimo,,de-ate,nextW,proxima,ter,1,09h,undefined,2023-09-26 00:00:00,2023-09-21 00:00:00,2023-12-29 00:00:00,,,0,
95000002790717,100,10,serviços,7,Literatura,95,Osasco,capital,0,0,outros,,Empréstimo,empréstimo de livros,de-ate,nextW,proxima,ter,1,10h,undefined,2023-09-26 00:00:00,2023-09-26 00:00:00,2023-09-29 00:00:00,,,0,
58000006379172,30,2,cursos e oficinas,1,Música,58,Pinheiros,capital,0,0,idosos,,Canto Coral,Com Cristiano Rangel,primeira,nextW,proxima,ter,1,15h,undefined,2023-09-26 00:00:00,2023-09-26 00:00:00,2023-11-28 00:00:00,,,0,tarde
62000007789544,15,2,cursos e oficinas,1,Música,62,Consolação,capital,0,0,crianças,Centro de Música,Violão para crianças,Com Pedro Beviláqua,primeira,nextW,proxima,ter,1,16h,undefined,2023-09-26 00:00:00,2023-09-26 00:00:00,2023-11-28 00:00:00,,,0,tarde
62000007790595,40,2,cursos e oficinas,1,Música,62,Consolação,capital,0,0,idosos,Centro de Música,Voz 60+: o que é que o Bixiga tem?,Com Sheila Ferreira,primeira,nextW,proxima,ter,1,14h,undefined,2023-09-26 00:00:00,2023-09-26 00:00:00,2023-11-28 00:00:00,,,0,tarde
62000007789594,20,2,cursos e oficinas,1,Música,62,Consolação,capital,0,0,outros,Centro de Música,Violão popular - continuidade,Com Bob Souza,primeira,nextW,proxima,ter,1,16h,undefined,2023-09-26 00:00:00,2023-09-26 00:00:00,2023-11-28 00:00:00,,,0,tarde
62000007789641,20,2,cursos e oficinas,1,Música,62,Consolação,capital,0,0,outros,Centro de Música,Violão popular para iniciantes,Com Bob Souza,primeira,nextW,proxima,ter,1,14h,undefined,2023-09-26 00:00:00,2023-09-26 00:00:00,2023-11-28 00:00:00,,,0,tarde
62000007790171,24,2,cursos e oficinas,1,Música,62,Consolação,capital,0,0,outros,Centro de Música,Violino e viola erudita - continuidade,Com Rodrigo Leite,primeira,nextW,proxima,ter,1,18h30,undefined,2023-09-26 00:00:00,2023-09-21 00:00:00,2023-11-30 00:00:00,,,0,noite
62000007789903,24,2,cursos e oficinas,1,Música,62,Consolação,capital,0,0,outros,Centro de Música,Violino e viola erudita para iniciantes,,primeira,nextW,proxima,ter,1,20h10,undefined,2023-09-26 00:00:00,2023-09-21 00:00:00,2023-11-30 00:00:00,,,0,noite
62000007789959,14,2,cursos e oficinas,1,Música,62,Consolação,capital,0,0,outros,Centro de Música,Violoncelo para iniciantes, Com Pedro Beviláqua,primeira,nextW,proxima,ter,1,20h10,undefined,2023-09-26 00:00:00,2023-09-21 00:00:00,2023-11-30 00:00:00,,,0,noite
66000017467465,20,2,cursos e oficinas,1,Música,66,Vila Mariana,capital,0,0,outros,Centro de Música,Big Band [CM 2° SEMESTRE 2023],com Maurício Narutis,primeira,nextW,proxima,ter,1,20h,undefined,2023-09-26 00:00:00,2023-09-26 00:00:00,2023-11-28 00:00:00,,,0,noite
66000017383889,15,2,cursos e oficinas,1,Música,66,Vila Mariana,capital,0,0,outros,Centro de Música,Introdução à Linguagem Musical - Turma A [CM 2° SEMESTRE 2023],com Valdir Maia,primeira,nextW,proxima,ter,1,14h30,undefined,2023-09-26 00:00:00,2023-09-26 00:00:00,2023-10-03 00:00:00,,,0,tarde
66000017468468,10,2,cursos e oficinas,1,Música,66,Vila Mariana,capital,0,0,outros,Centro de Música,Violão - Continuidade - Turma A [CM 2° SEMESTRE 2023] - SELEÇÃO,com Mayki Fabiani,primeira,nextW,proxima,ter,1,09h45,undefined,2023-09-26 00:00:00,2023-09-26 00:00:00,2023-11-28 00:00:00,,,0,manhã
72000000596608,12,2,cursos e oficinas,1,Música,72,Mogi Das Cruzes,capital,0,0,outros,,Oficina de Luthieria - Cavaquinho,,de-ate,sempre,proxima,sempre,7,18h,undefined,2023-09-26 00:00:00,2023-09-26 00:00:00,2023-09-26 00:00:00,,,0,noite
73000004722842,20,2,cursos e oficinas,1,Música,73,Guarulhos,capital,0,0,outros,Centro de Música,Produção Musical: da escolha de repertório à gravação e mixagem,com Marcio Menechini,primeira,nextW,proxima,ter,1,19h30,undefined,2023-09-26 00:00:00,2023-09-26 00:00:00,2023-10-24 00:00:00,,,0,noite
73000004693199,12,2,cursos e oficinas,1,Música,73,Guarulhos,capital,0,0,outros,Centro de Música,Violão para iniciantes - Turma 1,com Anderson Cavalcante,primeira,nextW,proxima,ter,1,19h30,undefined,2023-09-26 00:00:00,2023-09-26 00:00:00,2023-11-07 00:00:00,,,0,noite
76000004423150,10,2,cursos e oficinas,1,Música,76,Ribeirão Preto,interior,0,0,outros,,Curso de Iniciação à Flauta Doce - Técnica e Prática de Repertório,com Rafael Leme,primeira,nextW,proxima,ter,1,18h30,undefined,2023-09-26 00:00:00,2023-09-26 00:00:00,2023-10-10 00:00:00,,,0,noite
80000005017600,20,2,cursos e oficinas,1,Música,80,Bauru,interior,0,0,idosos,,Coral Poético Performático para Pessoas Idosas,"Com Thiago Lucali, professor e músico, e Talita Neves, atriz e pesquisadora da cena",primeira,nextW,proxima,ter,1,14h,undefined,2023-09-26 00:00:00,2023-09-26 00:00:00,2023-11-30 00:00:00,,,0,tarde
84000005457482,20,2,cursos e oficinas,1,Música,84,Rio Preto,interior,1,0,idosos,,Violão: básico,"Com  Lucas Rocha, músico.",primeira,nextW,proxima,ter,1,14h30,undefined,2023-09-26 00:00:00,2023-09-26 00:00:00,2023-09-26 00:00:00,,,0,tarde
84000005457545,30,2,cursos e oficinas,1,Música,84,Rio Preto,interior,1,0,idosos,,Violão: intermediário,"Com Lucas Rocha, músico.",primeira,nextW,proxima,ter,1,15h30,undefined,2023-09-26 00:00:00,2023-09-26 00:00:00,2023-09-26 00:00:00,,,0,tarde
85000003145185,20,2,cursos e oficinas,1,Música,85,Birigui,interior,0,0,idosos,,(Atividade Presencial) Canto coral: Vozes e Ritmos - Araçatuba,"Com Lolita Mattiazzo, educadora musical e regente",primeira,nextW,proxima,ter,1,09h30,undefined,2023-09-26 00:00:00,2023-09-26 00:00:00,2023-11-14 00:00:00,,,0,manhã
85000003134522,40,2,cursos e oficinas,1,Música,85,Birigui,interior,0,0,idosos,,(Atividade Presencial) Canto coral: Vozes e Ritmos - Birigui,"Com Lolita Mattiazzo, educadora musical e regente",primeira,nextW,proxima,ter,1,13h30,undefined,2023-09-26 00:00:00,2023-09-26 00:00:00,2023-11-14 00:00:00,,,0,tarde
89000001266078,20,2,cursos e oficinas,1,Música,89,CPF,capital,0,0,outros,Cursos e Palestras,Grupo de estudos Culturas Sonoras,Com José Geraldo Vinci de Moraes e Flavia Prando,primeira,nextW,proxima,ter,1,19h,undefined,2023-09-26 00:00:00,2023-09-26 00:00:00,2023-12-12 00:00:00,,,0,noite
89000001257423,50,2,cursos e oficinas,1,Música,89,CPF,capital,0,0,outros,Cursos e Palestras,"O Samba de São Paulo: (re)existências negras, disputas e sociabilidades","Com Bruno Sanches Baronetti e Tiago Bosi  Convidados: Cláudia Alexandre, Rosemeire Marcondes, Tadeu Kaçula e Harry de Castro",primeira,nextW,proxima,ter,1,19h,undefined,2023-09-26 00:00:00,2023-09-26 00:00:00,2023-10-24 00:00:00,,,0,noite
94000006187457,30,2,cursos e oficinas,1,Música,94,Bom Retiro,capital,0,0,idosos,,Canto Presente,com Gabriela Silveira,de-ate,sempre,proxima,sempre,7,11h,undefined,2023-09-26 00:00:00,2023-09-26 00:00:00,2023-11-28 00:00:00,,,0,manhã
93000005837933,30,2,cursos e oficinas,10,Saúde,93,Jundiaí,interior,0,0,outros,,"Ritmos do Corpo, movimentos expressivos como encontro com a saúde","Projeto Dar a Mão, mini curso, Dança com Flávia Tiemi",uma,nextW,proxima,ter,1,17h30,undefined,2023-09-26 00:00:00,2023-09-26 00:00:00,2023-09-26 00:00:00,,,0,tarde
96000319048877,30,2,cursos e oficinas,10,Saúde,96,Sorocaba,interior,1,0,outros,,Chás e Infusões,Com Horta dos Saberes,uma,nextW,proxima,ter,1,19h,undefined,2023-09-26 00:00:00,2023-09-26 00:00:00,2023-09-26 00:00:00,,,0,noite
64000004968285,30,2,cursos e oficinas,11,Atividade Física,64,Carmo,capital,1,0,outros,Semana Move,Oficina de construção de mini raquetes,com Saulo Folha,de-ate,sempre,proxima,sempre,7,09h30,undefined,2023-09-26 00:00:00,2023-09-26 00:00:00,2023-09-30 00:00:00,,,0,manhã
67000002823698,30,2,cursos e oficinas,11,Atividade Física,67,São Caetano,capital,0,0,outros,Semana Move,Move Empresa: aula especial de YOGA e LABORAL na RDC Viagens,Com educadores Sesc,uma,nextW,proxima,ter,1,07h30,undefined,2023-09-26 00:00:00,2023-09-26 00:00:00,2023-09-28 00:00:00,,,0,manhã
67000002823698,30,2,cursos e oficinas,11,Atividade Física,67,São Caetano,capital,0,0,outros,Semana Move,Move Empresa: aula especial de YOGA e LABORAL na RDC Viagens,Com educadores Sesc,uma,nextW,proxima,ter,1,10h,undefined,2023-09-26 00:00:00,2023-09-26 00:00:00,2023-09-28 00:00:00,,,0,manhã
67000002823698,30,2,cursos e oficinas,11,Atividade Física,67,São Caetano,capital,0,0,outros,Semana Move,Move Empresa: aula especial de YOGA e LABORAL na RDC Viagens,Com educadores Sesc,uma,nextW,proxima,ter,1,16h,undefined,2023-09-26 00:00:00,2023-09-26 00:00:00,2023-09-28 00:00:00,,,0,tarde
71000004257783,160,2,cursos e oficinas,11,Atividade Física,71,Bertioga,interior,0,0,crianças,,Esporte Criança - Canoagem Jaguareguava,,uma,nextW,proxima,ter,1,08h30,undefined,2023-09-26 00:00:00,2023-09-26 00:00:00,2023-09-29 00:00:00,,,0,manhã
71000004317364,160,2,cursos e oficinas,11,Atividade Física,71,Bertioga,interior,0,0,crianças,,Monitores ambientais - EPC - Canoagem Jaguareguava,Monitores ambientais,uma,nextW,proxima,ter,1,08h30,undefined,2023-09-26 00:00:00,2023-09-26 00:00:00,2023-09-29 00:00:00,,,0,manhã
62000007317539,30,2,cursos e oficinas,2,Teatro,62,Consolação,capital,0,0,outros,CPT_Sesc,Residência Artística O Poço da Mulher-falcão,"Projeto de teatro-dança, com Emilie Sugai, Fabio Mazzoni, Sandra-X e Telumi Helen",de-ate,sempre,proxima,sempre,7,18h,undefined,2023-09-26 00:00:00,2023-09-21 00:00:00,2023-10-10 00:00:00,,,0,noite
65000003520576,30,2,cursos e oficinas,2,Teatro,65,Av. Paulista,capital,0,0,outros,,Uma das línguas de Freire,Com Cia do Tijolo,primeira,nextW,proxima,ter,1,18h,undefined,2023-09-26 00:00:00,2023-09-26 00:00:00,2023-10-15 00:00:00,,,0,noite
73000004889864,20,2,cursos e oficinas,2,Teatro,73,Guarulhos,capital,0,0,jovens,Juventudes,Ateliê de Práticas Cênicas para Jovens,com Educadores do Programa Juventudes,primeira,nextW,proxima,ter,1,18h30,undefined,2023-09-26 00:00:00,2023-09-26 00:00:00,2023-11-28 00:00:00,,,0,noite
86000004156210,20,2,cursos e oficinas,2,Teatro,86,Araraquara,interior,1,0,outros,,Teatro +60,Com Nathaly Oliveira,de-ate,sempre,proxima,sempre,7,14h30,undefined,2023-09-26 00:00:00,2023-09-21 00:00:00,2023-09-28 00:00:00,,,0,tarde
91000002183273,20,2,cursos e oficinas,2,Teatro,91,Campo Limpo,capital,0,0,outros,,Oficina teatral com Trupe de Truões,Programação do Festival Internacional Paidéia de Teatro para a Infância e Juventude,uma,nextW,proxima,ter,1,15h,undefined,2023-09-26 00:00:00,2023-09-26 00:00:00,2023-09-26 00:00:00,,,0,tarde
64000004968591,30,2,cursos e oficinas,4,Dança,64,Carmo,capital,1,0,idosos,,Ponto de Encontro - O que te move?,com Tangará Cia de Dança,uma,nextW,proxima,ter,1,14h,undefined,2023-09-26 00:00:00,2023-09-26 00:00:00,2023-09-26 00:00:00,,,0,tarde
78000006519421,25,2,cursos e oficinas,4,Dança,78,Santos,interior,0,0,outros,,"Sentir, Experimentar e dançar",com Juliana Melhado,primeira,nextW,proxima,ter,1,19h,undefined,2023-09-26 00:00:00,2023-09-26 00:00:00,2023-11-14 00:00:00,,,0,noite
94000006091563,25,2,cursos e oficinas,4,Dança,94,Bom Retiro,capital,0,0,outros,,Dança e Ginástica: Dança Oriental Árabe e suas vertentes,Com Luciene Amaral,primeira,nextW,proxima,ter,1,18h30,undefined,2023-09-26 00:00:00,2023-09-26 00:00:00,2023-10-31 00:00:00,,,0,noite
89000001318125,25,2,cursos e oficinas,5,Cinema,89,CPF,capital,0,0,outros,Cursos e Palestras,O Cinema Documentário de Patricio Guzmán,Com Fabio Monteiro,primeira,nextW,proxima,ter,1,19h30,undefined,2023-09-26 00:00:00,2023-09-26 00:00:00,2023-10-03 00:00:00,,,0,noite
52000005417677,15,2,cursos e oficinas,6,Artes Visuais,52,24 De Maio,capital,0,0,outros,Ateliê de Impressões e Expressões,"Álbum de gravura e as narrativas gráficas: gumprint, tetrapack e acetato",com Helena Freddi e Bruna Kim,primeira,nextW,proxima,ter,1,10h30,undefined,2023-09-26 00:00:00,2023-09-26 00:00:00,2023-12-05 00:00:00,,,0,manhã
52000005417718,15,2,cursos e oficinas,6,Artes Visuais,52,24 De Maio,capital,0,0,outros,Ateliê de Impressões e Expressões,"Gravura em metal - ponta seca, água forte e verniz mole sobre cobre.",com Helena Freddi e Bruna Kim,primeira,nextW,proxima,ter,1,14h,undefined,2023-09-26 00:00:00,2023-09-26 00:00:00,2023-12-05 00:00:00,,,0,tarde
52000005404393,12,2,cursos e oficinas,6,Artes Visuais,52,24 De Maio,capital,0,0,outros,Tecnologias Desobedientes,Estúdio Musical de Guerrilha - Projetos eletrônicos básicos,com Fabricio Masutti,primeira,nextW,proxima,ter,1,18h,undefined,2023-09-26 00:00:00,2023-09-26 00:00:00,2023-10-03 00:00:00,,,0,noite
52000005553054,15,2,cursos e oficinas,6,Artes Visuais,52,24 De Maio,capital,0,0,outros,Tecnologias Desobedientes,PodcastLab - módulo II,com Luiz Ricas,primeira,nextW,proxima,ter,1,10h,undefined,2023-09-26 00:00:00,2023-09-26 00:00:00,2023-10-03 00:00:00,,,0,manhã
57000007344127,15,2,cursos e oficinas,6,Artes Visuais,57,Ipiranga,capital,0,0,outros,,Cianotipia experimental: fotogramas e negativos (módulo 1),com Ligia Minami,primeira,nextW,proxima,ter,1,18h30,undefined,2023-09-26 00:00:00,2023-09-26 00:00:00,2023-10-31 00:00:00,,,0,noite
58000006647037,20,2,cursos e oficinas,6,Artes Visuais,58,Pinheiros,capital,0,0,outros,,Cerâmica Tradicional - Módulo II - Utilitários,com Mariana Silva,primeira,nextW,proxima,ter,1,19h,undefined,2023-09-26 00:00:00,2023-09-26 00:00:00,2023-09-26 00:00:00,,,0,noite
63000013486640,10,2,cursos e oficinas,6,Artes Visuais,63,Pompeia,capital,0,0,outros,CURSOS REGULARES PRESENCIAIS 2º SEM/2023,(turma 2) Instalação Site-Specific,Com Fernanda Tosta,primeira,nextW,proxima,ter,1,14h30,undefined,2023-09-26 00:00:00,2023-09-26 00:00:00,2023-11-21 00:00:00,,,0,tarde
63000013329611,20,2,cursos e oficinas,6,Artes Visuais,63,Pompeia,capital,0,0,outros,CURSOS REGULARES PRESENCIAIS 2º SEM/2023,[Labcine] Direção de Arte,com Bel Xavier e convidadas/es/os,primeira,nextW,proxima,ter,1,19h,undefined,2023-09-26 00:00:00,2023-09-26 00:00:00,2023-11-21 00:00:00,,,0,noite
63000013166253,10,2,cursos e oficinas,6,Artes Visuais,63,Pompeia,capital,0,0,outros,CURSOS REGULARES PRESENCIAIS 2º SEM/2023,Acessórios de carnaval para iniciantes,com Elaine Pinder,primeira,nextW,proxima,ter,1,10h30,undefined,2023-09-26 00:00:00,2023-09-26 00:00:00,2023-10-10 00:00:00,,,0,manhã
63000013330121,10,2,cursos e oficinas,6,Artes Visuais,63,Pompeia,capital,0,0,outros,CURSOS REGULARES PRESENCIAIS 2º SEM/2023,Álbum de Família - Intermediário,"com Rosangela Andrade, João Freddi e Lu Prado",primeira,nextW,proxima,ter,1,14h30,undefined,2023-09-26 00:00:00,2023-09-26 00:00:00,2023-11-21 00:00:00,,,0,tarde
63000013184766,13,2,cursos e oficinas,6,Artes Visuais,63,Pompeia,capital,0,0,outros,CURSOS REGULARES PRESENCIAIS 2º SEM/2023,Arte têxtil - projetos autorais,com Tiyoko Tomikawa,primeira,nextW,proxima,ter,1,19h,undefined,2023-09-26 00:00:00,2023-09-26 00:00:00,2023-11-21 00:00:00,,,0,noite
63000013177590,14,2,cursos e oficinas,6,Artes Visuais,63,Pompeia,capital,0,0,outros,CURSOS REGULARES PRESENCIAIS 2º SEM/2023,Cerâmica Utilitária - Intermediário,com Fernanda Giaccio,primeira,nextW,proxima,ter,1,19h,undefined,2023-09-26 00:00:00,2023-09-26 00:00:00,2023-11-07 00:00:00,,,0,noite
63000013192437,12,2,cursos e oficinas,6,Artes Visuais,63,Pompeia,capital,0,0,outros,CURSOS REGULARES PRESENCIAIS 2º SEM/2023,Construção de figurinos para Artes Cênicas e filmagem - Introdução,com Adriane França,primeira,nextW,proxima,ter,1,14h30,undefined,2023-09-26 00:00:00,2023-09-26 00:00:00,2023-11-21 00:00:00,,,0,tarde
63000013184365,15,2,cursos e oficinas,6,Artes Visuais,63,Pompeia,capital,0,0,outros,CURSOS REGULARES PRESENCIAIS 2º SEM/2023,Da modelagem na argila à cerâmica - Introdução ao universo do fazer cerâmico,com Alessandra Dantas,primeira,nextW,proxima,ter,1,10h30,undefined,2023-09-26 00:00:00,2023-09-26 00:00:00,2023-11-21 00:00:00,,,0,manhã
63000013330068,12,2,cursos e oficinas,6,Artes Visuais,63,Pompeia,capital,0,0,outros,CURSOS REGULARES PRESENCIAIS 2º SEM/2023,Fotografia em Placa Seca de Gelatina - Introdução,com Roger H. Sassaki,primeira,nextW,proxima,ter,1,10h30,undefined,2023-09-26 00:00:00,2023-09-26 00:00:00,2023-11-21 00:00:00,,,0,manhã
63000013330190,15,2,cursos e oficinas,6,Artes Visuais,63,Pompeia,capital,0,0,outros,CURSOS REGULARES PRESENCIAIS 2º SEM/2023,História das Técnicas Fotográficas - Introdução,com Elizabeth Lee,primeira,nextW,proxima,ter,1,19h,undefined,2023-09-26 00:00:00,2023-09-26 00:00:00,2023-11-21 00:00:00,,,0,noite
63000013207944,10,2,cursos e oficinas,6,Artes Visuais,63,Pompeia,capital,0,0,outros,CURSOS REGULARES PRESENCIAIS 2º SEM/2023,Instalação Site-Specific - Comunicação e construção de mobiliário urbano entre s,Com Fernanda Tosta,primeira,nextW,proxima,ter,1,14h30,undefined,2023-09-26 00:00:00,2023-09-26 00:00:00,2023-11-21 00:00:00,,,0,tarde
63000013207902,10,2,cursos e oficinas,6,Artes Visuais,63,Pompeia,capital,0,0,outros,CURSOS REGULARES PRESENCIAIS 2º SEM/2023,Joias de Madeira,com Gabriela Nascimento,primeira,nextW,proxima,ter,1,10h30,undefined,2023-09-26 00:00:00,2023-09-26 00:00:00,2023-11-21 00:00:00,,,0,manhã
63000013411491,15,2,cursos e oficinas,6,Artes Visuais,63,Pompeia,capital,0,0,outros,CURSOS REGULARES PRESENCIAIS 2º SEM/2023,"Literatura Periférica: Trilhas, caminhos e rumos para escritas e publicações.","Com Sarau do Binho, Augusto Cerqueira, Dinha, Helena Silvestre e Uberê Guelé",primeira,nextW,proxima,ter,1,19h,undefined,2023-09-26 00:00:00,2023-09-26 00:00:00,2023-11-21 00:00:00,,,0,noite
63000013164747,15,2,cursos e oficinas,6,Artes Visuais,63,Pompeia,capital,0,0,outros,CURSOS REGULARES PRESENCIAIS 2º SEM/2023,Modelagem no torno elétrico e modelagem manual,com Ivone Shirahata,primeira,nextW,proxima,ter,1,14h30,undefined,2023-09-26 00:00:00,2023-09-26 00:00:00,2023-11-21 00:00:00,,,0,tarde
63000013373128,20,2,cursos e oficinas,6,Artes Visuais,63,Pompeia,capital,0,0,outros,CURSOS REGULARES PRESENCIAIS 2º SEM/2023,Nanquim e aguadas em desenho para iniciantes e intermediários,com Teresa Berlinck,primeira,nextW,proxima,ter,1,14h30,undefined,2023-09-26 00:00:00,2023-09-26 00:00:00,2023-11-21 00:00:00,,,0,tarde
63000013329063,20,2,cursos e oficinas,6,Artes Visuais,63,Pompeia,capital,0,0,outros,CURSOS REGULARES PRESENCIAIS 2º SEM/2023,O Caminho do Som: produção de áudio e música com poucos recursos,com Otávio Carvalho,primeira,nextW,proxima,ter,1,19h,undefined,2023-09-26 00:00:00,2023-09-26 00:00:00,2023-11-21 00:00:00,,,0,noite
63000013380000,15,2,cursos e oficinas,6,Artes Visuais,63,Pompeia,capital,0,0,outros,CURSOS REGULARES PRESENCIAIS 2º SEM/2023,Práticas de desenho - Introdução,com Carla Caffé,primeira,nextW,proxima,ter,1,14h30,undefined,2023-09-26 00:00:00,2023-09-26 00:00:00,2023-11-21 00:00:00,,,0,tarde
63000013192347,30,2,cursos e oficinas,6,Artes Visuais,63,Pompeia,capital,0,0,outros,CURSOS REGULARES PRESENCIAIS 2º SEM/2023,Reflexotrama: pensamento tecido,com Alexandre Heberte,primeira,nextW,proxima,ter,1,10h30,undefined,2023-09-26 00:00:00,2023-09-26 00:00:00,2023-11-21 00:00:00,,,0,manhã
63000013184724,14,2,cursos e oficinas,6,Artes Visuais,63,Pompeia,capital,0,0,outros,CURSOS REGULARES PRESENCIAIS 2º SEM/2023,Tapeçaria artística,com Tiyoko Tomikawa,primeira,nextW,proxima,ter,1,14h30,undefined,2023-09-26 00:00:00,2023-09-26 00:00:00,2023-11-21 00:00:00,,,0,tarde
63000013184808,13,2,cursos e oficinas,6,Artes Visuais,63,Pompeia,capital,0,0,outros,CURSOS REGULARES PRESENCIAIS 2º SEM/2023,Tecelagem - Intermediário,com Tiyoko Tomikawa,primeira,nextW,proxima,ter,1,10h30,undefined,2023-09-26 00:00:00,2023-09-26 00:00:00,2023-11-21 00:00:00,,,0,manhã
63000013207032,20,2,cursos e oficinas,6,Artes Visuais,63,Pompeia,capital,0,0,outros,CURSOS REGULARES PRESENCIAIS 2º SEM/2023,"Xilogravura práticas avançadas, livro de artista e cartazes",com Francisco Maringelli,primeira,nextW,proxima,ter,1,10h30,undefined,2023-09-26 00:00:00,2023-09-26 00:00:00,2023-11-21 00:00:00,,,0,manhã
64000004993927,10,2,cursos e oficinas,6,Artes Visuais,64,Carmo,capital,0,0,outros,,Grupo de Estudos em Marcenaria,com Mateus Pavan,primeira,nextW,proxima,ter,1,10h,undefined,2023-09-26 00:00:00,2023-09-26 00:00:00,2023-09-26 00:00:00,,,0,manhã
65000003371786,12,2,cursos e oficinas,6,Artes Visuais,65,Av. Paulista,capital,0,0,outros,,Costurar o Espaço: Criação de Instalações em Arte Têxtil (Turma 2),Com Mariana Gonçalves,primeira,nextW,proxima,ter,1,10h30,undefined,2023-09-26 00:00:00,2023-09-26 00:00:00,2023-09-26 00:00:00,,,0,manhã
65000003388828,10,2,cursos e oficinas,6,Artes Visuais,65,Av. Paulista,capital,1,0,outros,,Explorando os Limites do chatGPT,"Com Roberto ""Pena"" Spinell e Vitor Moreira",de-ate,sempre,proxima,sempre,7,19h30,undefined,2023-09-26 00:00:00,2023-09-26 00:00:00,2023-09-26 00:00:00,,,0,noite
66000017432038,20,2,cursos e oficinas,6,Artes Visuais,66,Vila Mariana,capital,0,0,outros,,Cor como feitiço: técnicas de tingimento natural,com Thanina Caetana,primeira,nextW,proxima,ter,1,15h,undefined,2023-09-26 00:00:00,2023-09-26 00:00:00,2023-10-24 00:00:00,,,0,tarde
67000002806992,20,2,cursos e oficinas,6,Artes Visuais,67,São Caetano,capital,0,0,outros,Terças Digitais,Fotografia com Smartphone,Com Marcel Kosugi,primeira,nextW,proxima,ter,1,15h,undefined,2023-09-26 00:00:00,2023-09-26 00:00:00,2023-10-03 00:00:00,,,0,tarde
68000008438931,12,2,cursos e oficinas,6,Artes Visuais,68,Belenzinho,capital,0,0,crianças,,Amigurumi,Com Drika Satkunas,primeira,nextW,proxima,ter,1,14h,undefined,2023-09-26 00:00:00,2023-09-26 00:00:00,2023-10-03 00:00:00,,,0,tarde
68000008650289,12,2,cursos e oficinas,6,Artes Visuais,68,Belenzinho,capital,0,0,outros,,Curso iniciante de técnicas de pintura em acrílico,"Com Paulo Chavonga (Angola, África Austral)",primeira,nextW,proxima,ter,1,14h,undefined,2023-09-26 00:00:00,2023-09-26 00:00:00,2023-10-31 00:00:00,,,0,tarde
68000008805192,10,2,cursos e oficinas,6,Artes Visuais,68,Belenzinho,capital,0,0,outros,,"Eu, retrato: autorretratos em madeira",Com Jardélio Santos Alves,primeira,nextW,proxima,ter,1,19h,undefined,2023-09-26 00:00:00,2023-09-26 00:00:00,2023-10-10 00:00:00,,,0,noite
68000008765780,15,2,cursos e oficinas,6,Artes Visuais,68,Belenzinho,capital,0,0,outros,Design.Lab,Estamparia com Adinkras,"com William Briga, arte educador, designer, ilustrador e capoeirista",primeira,nextW,proxima,ter,1,10h,undefined,2023-09-26 00:00:00,2023-09-26 00:00:00,2023-09-28 00:00:00,,,0,manhã
68000008770752,15,2,cursos e oficinas,6,Artes Visuais,68,Belenzinho,capital,0,0,outros,Design.Lab,Introdução ao Projeto,com Alex Tonda,primeira,nextW,proxima,ter,1,14h,undefined,2023-09-26 00:00:00,2023-09-26 00:00:00,2023-09-29 00:00:00,,,0,tarde
70000005371304,15,2,cursos e oficinas,6,Artes Visuais,70,Santo Amaro,capital,0,0,idosos,,Editor de texto,com Alexandre Rüger,primeira,nextW,proxima,ter,1,09h30,undefined,2023-09-26 00:00:00,2023-09-26 00:00:00,2023-09-26 00:00:00,,,0,manhã
70000005486780,15,2,cursos e oficinas,6,Artes Visuais,70,Santo Amaro,capital,0,0,outros,,Smartphone: pesquisa e compartilhamento,com Karina Rhomberg Costa,uma,nextW,proxima,ter,1,14h,undefined,2023-09-26 00:00:00,2023-09-26 00:00:00,2023-09-26 00:00:00,,,0,tarde
72000000591775,15,2,cursos e oficinas,6,Artes Visuais,72,Mogi Das Cruzes,capital,0,0,outros,,Tapeçaria Bordada,com Sarah Lopes,primeira,nextW,proxima,ter,1,15h,undefined,2023-09-26 00:00:00,2023-09-26 00:00:00,2023-10-31 00:00:00,,,0,tarde
72000000591896,15,2,cursos e oficinas,6,Artes Visuais,72,Mogi Das Cruzes,capital,0,0,outros,Exposição Xilograffiti,Serigrafia: confecção da mesa e aplicação da técnica,com Marco Forner,primeira,nextW,proxima,ter,1,19h,undefined,2023-09-26 00:00:00,2023-09-26 00:00:00,2023-10-31 00:00:00,,,0,noite
73000004965139,15,2,cursos e oficinas,6,Artes Visuais,73,Guarulhos,capital,0,0,outros,,"Desenvolvimento Web: HTML, CSS e JavaScript",Com Luis Mourão e Lídia Ganhito,primeira,nextW,proxima,ter,1,19h,undefined,2023-09-26 00:00:00,2023-09-26 00:00:00,2023-10-17 00:00:00,,,0,noite
76000004465283,10,2,cursos e oficinas,6,Artes Visuais,76,Ribeirão Preto,interior,1,0,outros,,Introdução à Impressão 3D,com Fábio Antunes,uma,nextW,proxima,ter,1,19h,undefined,2023-09-26 00:00:00,2023-09-26 00:00:00,2023-09-26 00:00:00,,,0,noite
77000311319951,15,2,cursos e oficinas,6,Artes Visuais,77,S. J. Campos,interior,1,0,outros,,Confecção artesanal de carteiras com retalhos de couro - turma 1,Com Atairu Sapatos Artesanais,uma,nextW,proxima,ter,1,19h,undefined,2023-09-26 00:00:00,2023-09-26 00:00:00,2023-09-26 00:00:00,,,0,noite
78000006653088,10,2,cursos e oficinas,6,Artes Visuais,78,Santos,interior,0,0,outros,,Design para não Designers: Identidade Visual - Cartão de Visita,"Com André Luiz Rosário, educador do espaço de tecnologias e artes",primeira,nextW,proxima,ter,1,15h30,undefined,2023-09-26 00:00:00,2023-09-26 00:00:00,2023-09-26 00:00:00,,,0,tarde
79000003125209,15,2,cursos e oficinas,6,Artes Visuais,79,Catanduva,interior,0,0,outros,Corpos: A Grandeza de Ser,Fotografia: Retratos Plus Size,Com Ivan Antoniazzi Andreoli - Educador do ETA,uma,nextW,proxima,ter,1,19h,undefined,2023-09-26 00:00:00,2023-09-26 00:00:00,2023-09-26 00:00:00,,,0,noite
82000004924277,10,2,cursos e oficinas,6,Artes Visuais,82,São Carlos,interior,1,0,outros,,Modelagem e Confecção de Camisa Básica,Com Patrícia Scarabel - Educadora e Terapeuta Ocupacional,primeira,nextW,proxima,ter,1,19h,undefined,2023-09-26 00:00:00,2023-09-21 00:00:00,2023-10-17 00:00:00,,,0,noite
83000004012684,40,2,cursos e oficinas,6,Artes Visuais,83,Piracicaba,interior,0,0,outros,,(PRESENCIAL) Laboratório de Escrita para Narradores do Cotidiano,"com Claudia Assencio, professora e jornalista",primeira,nextW,proxima,ter,1,19h30,undefined,2023-09-26 00:00:00,2023-09-26 00:00:00,2023-10-10 00:00:00,,,0,noite
84000005417203,15,2,cursos e oficinas,6,Artes Visuais,84,Rio Preto,interior,0,0,outros,,Introdução ao Desenvolvimento  Front-end com React,Com Anderson Carvalho,de-ate,sempre,proxima,sempre,7,19h,undefined,2023-09-26 00:00:00,2023-09-26 00:00:00,2023-12-12 00:00:00,,,0,noite
84000005352167,20,2,cursos e oficinas,6,Artes Visuais,84,Rio Preto,interior,0,0,outros,,Primeiros Passos no Crochê,Com a artesã Fernanda Maria Isaac,de-ate,sempre,proxima,sempre,7,15h,undefined,2023-09-26 00:00:00,2023-09-26 00:00:00,2023-11-14 00:00:00,,,0,tarde
88000005092367,10,2,cursos e oficinas,6,Artes Visuais,88,Santo André,capital,0,0,outros,Cursos e Oficinas 2023,Introdução ao Adobe Illustrator: Vetorização e Colorização,Com Flávio Cardamone,primeira,nextW,proxima,ter,1,19h,undefined,2023-09-26 00:00:00,2023-09-26 00:00:00,2023-09-26 00:00:00,,,0,noite
89000000984839,28,2,cursos e oficinas,6,Artes Visuais,89,CPF,capital,0,0,outros,Cursos e Palestras,Encontros com o livro ilustrado,"Com Fernando Vilela, Stela Barbieri, Andres Sandoval, Renato Moriconi, Isabel Lopes Coelho e Raquel Matsushita.",primeira,nextW,proxima,ter,1,14h,undefined,2023-09-26 00:00:00,2023-09-26 00:00:00,2023-10-10 00:00:00,,,0,tarde
92000001482787,20,2,cursos e oficinas,6,Artes Visuais,92,Registro,interior,1,0,outros,Desenho de base,DESENHO PARA INICIANTES,com Márcio Lima,primeira,nextW,proxima,ter,1,19h,undefined,2023-09-26 00:00:00,2023-09-26 00:00:00,2023-11-28 00:00:00,,,0,noite
94000006184099,15,2,cursos e oficinas,6,Artes Visuais,94,Bom Retiro,capital,0,0,outros,Cursos Regulares 2º Semestre 2023,Audiovisual - introdução a arte e tecnologia digital,com Herbert Baioco,primeira,nextW,proxima,ter,1,19h,undefined,2023-09-26 00:00:00,2023-09-26 00:00:00,2023-11-28 00:00:00,,,0,noite
94000006113067,15,2,cursos e oficinas,6,Artes Visuais,94,Bom Retiro,capital,0,0,outros,Cursos Regulares 2º Semestre 2023,Livro Gravado - Xilogravura e Linoleogravura,com Joyce Melguiso,primeira,nextW,proxima,ter,1,14h,undefined,2023-09-26 00:00:00,2023-09-26 00:00:00,2023-10-31 00:00:00,,,0,tarde
94000006154221,15,2,cursos e oficinas,6,Artes Visuais,94,Bom Retiro,capital,0,0,outros,Cursos Regulares 2º Semestre 2023,Vitral - Técnica Tiffany,com Gustavo Benini,primeira,nextW,proxima,ter,1,09h,undefined,2023-09-26 00:00:00,2023-09-26 00:00:00,2023-10-31 00:00:00,,,0,manhã
95000002820598,10,2,cursos e oficinas,6,Artes Visuais,95,Osasco,capital,0,0,outros,,Curso de introdução a Modelagem 3D digital utilizando software livre.,com Lucas Schlosinski,uma,nextW,proxima,ter,1,15h,undefined,2023-09-26 00:00:00,2023-09-26 00:00:00,2023-09-26 00:00:00,,,0,tarde
95000002885365,10,2,cursos e oficinas,6,Artes Visuais,95,Osasco,capital,0,0,outros,,Curso de introdução a Modelagem 3D digital utilizando software livre.I,com Lucas Schlosinski,de-ate,sempre,proxima,sempre,7,15h,undefined,2023-09-26 00:00:00,2023-09-26 00:00:00,2023-09-26 00:00:00,,,0,tarde
95000002803467,10,2,cursos e oficinas,6,Artes Visuais,95,Osasco,capital,1,0,outros,,Ateliê de Experimentações Artisticas,com educadores do ETA,de-ate,sempre,proxima,sempre,7,13h,undefined,2023-09-26 00:00:00,2023-09-26 00:00:00,2023-09-26 00:00:00,,,0,tarde
67000002713449,30,2,cursos e oficinas,7,Literatura,67,São Caetano,capital,0,0,outros,,Notas de Escurecimento: Negras Trilhas Literárias,Com Plínio Camilo,primeira,nextW,proxima,ter,1,19h,undefined,2023-09-26 00:00:00,2023-09-21 00:00:00,2023-10-05 00:00:00,,,0,noite
71000004311424,20,2,cursos e oficinas,7,Literatura,71,Bertioga,interior,1,0,outros,,Cais das letras: Criação de Livro Ilustrado,Carolina Moreyra e Odilon Moraes,primeira,nextW,proxima,ter,1,19h,undefined,2023-09-26 00:00:00,2023-09-26 00:00:00,2023-11-07 00:00:00,,,0,noite
84000005421880,20,2,cursos e oficinas,7,Literatura,84,Rio Preto,interior,1,0,outros,,Leitura Afetuosa: um outro olhar para a literatura,com Daniel Garcia Rodrigues,de-ate,sempre,proxima,sempre,7,15h,undefined,2023-09-26 00:00:00,2023-09-26 00:00:00,2023-09-26 00:00:00,,,0,tarde
52000005553129,20,2,cursos e oficinas,8,Educação,52,24 De Maio,capital,0,0,outros,,Português como Língua Estrangeira - PLE - turma 2/2023,"exceto dias 07/09, 08/09, 12/10 e 13/10)",primeira,nextW,proxima,ter,1,18h30,undefined,2023-09-26 00:00:00,2023-09-21 00:00:00,2023-10-18 00:00:00,,,0,noite
53000005854415,25,2,cursos e oficinas,8,Educação,53,Santana,capital,0,0,outros,,Renda Renascença,Com Rendeiras da Aldeia,primeira,nextW,proxima,ter,1,09h30,undefined,2023-09-26 00:00:00,2023-09-26 00:00:00,2023-09-26 00:00:00,,,0,manhã
61000000854140,15,2,cursos e oficinas,8,Educação,61,Florêncio,capital,0,0,outros,,Poesia em libras,"Com Viic Oliveira, poeta e intérprete e Cathy Moreira, multiartista.",primeira,nextW,proxima,ter,1,18h,undefined,2023-09-26 00:00:00,2023-09-26 00:00:00,2023-09-26 00:00:00,1,Tradução em Libras,0,noite
62000007746374,30,2,cursos e oficinas,8,Educação,62,Consolação,capital,0,0,jovens,,Tribo Teatral  18 a 29 anos,Com educadores do Sesc,primeira,nextW,proxima,ter,1,15h,undefined,2023-09-26 00:00:00,2023-09-21 00:00:00,2023-12-07 00:00:00,,,0,tarde
62000007917963,30,2,cursos e oficinas,8,Educação,62,Consolação,capital,0,0,outros,Masculinidades: entre diálogos&disputas,Masculinidades Pluriversais,com Everton Mendes,primeira,nextW,proxima,ter,1,19h,undefined,2023-09-26 00:00:00,2023-09-26 00:00:00,2023-09-28 00:00:00,1,Tradução em Libras,0,noite
63000013554835,20,2,cursos e oficinas,8,Educação,63,Pompeia,capital,0,0,outros,Tecendo Autonomias,Formação em economia solidária,com Design Possível,primeira,nextW,proxima,ter,1,19h,undefined,2023-09-26 00:00:00,2023-09-26 00:00:00,2023-11-21 00:00:00,,,0,noite
65000003467488,20,2,cursos e oficinas,8,Educação,65,Av. Paulista,capital,0,0,jovens,Juventudes,Juventudes - Construções de Nós,com Cecília Mogadouro e Nathalia Triveloni,primeira,nextW,proxima,ter,1,14h,undefined,2023-09-26 00:00:00,2023-09-21 00:00:00,2023-12-07 00:00:00,,,0,tarde
66000016315693,20,2,cursos e oficinas,8,Educação,66,Vila Mariana,capital,0,0,outros,,Português como língua estrangeira (PLE) - turma 10,,primeira,nextW,proxima,ter,1,19h,undefined,2023-09-26 00:00:00,2023-09-21 00:00:00,2023-11-08 00:00:00,,,0,noite
71000004380928,20,2,cursos e oficinas,8,Educação,71,Bertioga,interior,0,0,outros,,Bases da Confeitaria,com Jane Glébia,primeira,nextW,proxima,ter,1,13h,undefined,2023-09-26 00:00:00,2023-09-26 00:00:00,2023-11-28 00:00:00,,,0,tarde
78000006334515,15,2,cursos e oficinas,8,Educação,78,Santos,interior,0,0,crianças,,LIA - Laboratório de Iniciação Artística - DANÇA,Terças-feiras de setembro,primeira,nextW,proxima,ter,1,10h,undefined,2023-09-26 00:00:00,2023-09-26 00:00:00,2023-09-26 00:00:00,,,0,manhã
78000006480568,80,2,cursos e oficinas,8,Educação,78,Santos,interior,0,0,crianças,Curumim,Curumim - Exibição de vídeo,,primeira,nextW,proxima,ter,1,15h,undefined,2023-09-26 00:00:00,2023-09-26 00:00:00,2023-11-28 00:00:00,,,0,tarde
78000006579949,100,2,cursos e oficinas,8,Educação,78,Santos,interior,0,0,outros,,Laboratório Cidadão: Mudanças Climáticas e Comunidades Tradicionais,,de-ate,sempre,proxima,sempre,7,18h,undefined,2023-09-26 00:00:00,2023-09-26 00:00:00,2023-12-07 00:00:00,,,0,noite
79000003118511,12,2,cursos e oficinas,8,Educação,79,Catanduva,interior,1,0,outros,,Tecnologias Assistivas - TEA,"Com David Yauri, Educador de Tecnologias e Artes",de-ate,sempre,proxima,sempre,7,13h30,undefined,2023-09-26 00:00:00,2023-09-26 00:00:00,2023-11-28 00:00:00,,,0,tarde
81000004301463,15,2,cursos e oficinas,8,Educação,81,Taubaté,interior,0,0,outros,Lab Valoriza,Laboratório de Profissionalização de Batalhas,com Leoca Teles e convidados,primeira,nextW,proxima,ter,1,19h,undefined,2023-09-26 00:00:00,2023-09-26 00:00:00,2023-11-28 00:00:00,,,0,noite
83000004140295,40,2,cursos e oficinas,8,Educação,83,Piracicaba,interior,0,0,idosos,,"Corpo são, mente sã",SESC Empresas,de-ate,sempre,proxima,sempre,7,09h,undefined,2023-09-26 00:00:00,2023-09-26 00:00:00,2023-09-29 00:00:00,,,0,manhã
83000003912532,60,2,cursos e oficinas,8,Educação,83,Piracicaba,interior,0,0,idosos,TSI Arte e Expressão,Ginástica para Todos (TSI),,de-ate,sempre,proxima,sempre,7,14h,undefined,2023-09-26 00:00:00,2023-09-26 00:00:00,2023-10-03 00:00:00,,,0,tarde
83000003921561,30,2,cursos e oficinas,8,Educação,83,Piracicaba,interior,0,0,outros,,Educação e transformação: entendendo a Lei Maria da Penha,,primeira,nextW,proxima,ter,1,19h,undefined,2023-09-26 00:00:00,2023-09-26 00:00:00,2023-10-24 00:00:00,,,0,noite
83000004117866,30,2,cursos e oficinas,8,Educação,83,Piracicaba,interior,0,0,outros,,Educação e transformação: entendendo a Lei Maria da Penha (estatístico),,primeira,nextW,proxima,ter,1,19h,undefined,2023-09-26 00:00:00,2023-09-26 00:00:00,2023-10-24 00:00:00,,,0,noite
83000004117846,800,2,cursos e oficinas,8,Educação,83,Piracicaba,interior,1,0,outros,,Mapa afocultural de Piracicaba (sem divulgação externa),,uma,nextW,proxima,ter,1,08h30,undefined,2023-09-26 00:00:00,2023-09-26 00:00:00,2023-09-26 00:00:00,,,0,manhã
84000005403155,100,2,cursos e oficinas,8,Educação,84,Rio Preto,interior,0,0,outros,Semana Move,Curso Arbitragem em Basquete,Curso com representante da Federação Paulista de Basquete,primeira,nextW,proxima,ter,1,19h,undefined,2023-09-26 00:00:00,2023-09-26 00:00:00,2023-09-28 00:00:00,,,0,noite
85000003202336,15,2,cursos e oficinas,8,Educação,85,Birigui,interior,0,0,outros,,Introdução a Libras,Gabriela Silva,de-ate,sempre,proxima,sempre,7,19h,undefined,2023-09-26 00:00:00,2023-09-26 00:00:00,2023-09-26 00:00:00,1,Tradução em Libras,0,noite
89000001355928,50,2,cursos e oficinas,8,Educação,89,CPF,capital,0,0,outros,Cursos e Palestras,Estudos trans: Ocupações,https://us02web.zoom.us/j/89101064869,primeira,nextW,proxima,ter,1,10h,undefined,2023-09-26 00:00:00,2023-09-26 00:00:00,2023-10-10 00:00:00,,,0,manhã
89000001150060,25,2,cursos e oficinas,8,Educação,89,CPF,capital,0,0,outros,Cursos e Palestras,"O corpo - O homem, o espaço e o lugar",Com André Komatsu,primeira,nextW,proxima,ter,1,14h,undefined,2023-09-26 00:00:00,2023-09-26 00:00:00,2023-10-24 00:00:00,,,0,tarde
89000001279888,60,2,cursos e oficinas,8,Educação,89,CPF,capital,0,0,outros,Gestão Cultural,Curso Sesc de Gestão Cultural - Circo,Bel Toledo e Julieta Infantino,primeira,nextW,proxima,ter,1,19h,undefined,2023-09-26 00:00:00,2023-09-26 00:00:00,2023-09-26 00:00:00,,,0,noite
89000001300768,50,2,cursos e oficinas,8,Educação,89,CPF,capital,0,0,outros,Gestão Cultural,Produção Musical: Alê Siqueira,Com Alê Siqueira,primeira,nextW,proxima,ter,1,15h,undefined,2023-09-26 00:00:00,2023-09-26 00:00:00,2023-09-29 00:00:00,,,0,tarde
93000005825050,15,2,cursos e oficinas,8,Educação,93,Jundiaí,interior,0,0,outros,,Costura Criativa POCHETE com reaproveitamento de tecido,com Clarissa de Oliveira Pereira e Bruna Danielli dos Santos,uma,nextW,proxima,ter,1,18h30,undefined,2023-09-26 00:00:00,2023-09-26 00:00:00,2023-10-03 00:00:00,,,0,noite
94000006173782,30,2,cursos e oficinas,8,Educação,94,Bom Retiro,capital,0,0,jovens,Juventudes,Teatro para Jovens: Encruzilhada. Cantando e contando à rua,com Clã do Jabuti,primeira,nextW,proxima,ter,1,14h,undefined,2023-09-26 00:00:00,2023-09-26 00:00:00,2023-12-05 00:00:00,,,0,tarde
96000318571075,30,2,cursos e oficinas,8,Educação,96,Sorocaba,interior,0,0,outros,Cursos Livres,"Gestão, políticas e produção cultural no Brasil e em São Paulo","Com Inti Queiroz, produtora cultural, pesquisadora e doutora em Filologia e Língua Portuguesa pela Universidade de São Paulo - USP",primeira,nextW,proxima,ter,1,19h,undefined,2023-09-26 00:00:00,2023-09-26 00:00:00,2023-10-31 00:00:00,,,0,noite
68000008634779,24,2,cursos e oficinas,9,Meio Ambiente,68,Belenzinho,capital,0,0,outros,,"Infocausas: Design, Jornalismo e Meio Ambiente",com Alê Meiguins,primeira,nextW,proxima,ter,1,19h,undefined,2023-09-26 00:00:00,2023-09-26 00:00:00,2023-10-31 00:00:00,,,0,noite
76000004346432,15,2,cursos e oficinas,9,Meio Ambiente,76,Ribeirão Preto,interior,0,0,outros,,Oficinas Criativas - Design de Iluminação e mobiliário, Com André Costa,uma,nextW,proxima,ter,1,17h45,undefined,2023-09-26 00:00:00,2023-09-26 00:00:00,2023-09-26 00:00:00,,,0,tarde
77000312508997,20,2,cursos e oficinas,9,Meio Ambiente,77,S. J. Campos,interior,1,0,outros,,Ervanário afetivo,Com Laís Araújo do Coletivo Eu Mais Velha,de-ate,sempre,proxima,sempre,7,19h,undefined,2023-09-26 00:00:00,2023-09-26 00:00:00,2023-10-31 00:00:00,,,0,noite
80000005220954,24,3,debates e paletras,10,Saúde,80,Bauru,interior,0,0,outros,Mesa Brasil Sesc,Guia alimentar e técnicas básicas de gastronomia,,de-ate,sempre,proxima,sempre,7,13h30,undefined,2023-09-26 00:00:00,2023-09-26 00:00:00,2023-10-31 00:00:00,,,0,tarde
83000003998323,150,3,debates e paletras,5,Cinema,83,Piracicaba,interior,1,0,outros,100 anos do 16mm,A Última Gargalhada,Dir: Friedrich W. Murnau,uma,nextW,proxima,ter,1,20h,undefined,2023-09-26 00:00:00,2023-09-26 00:00:00,2023-09-26 00:00:00,,,0,noite
96000317423707,270,3,debates e paletras,5,Cinema,96,Sorocaba,interior,1,0,outros,,Cinema em Reflexão,"Com Shaeni Toledo, psicanalista e supervisora clínica",uma,nextW,proxima,ter,1,21h,undefined,2023-09-26 00:00:00,2023-09-26 00:00:00,2023-09-26 00:00:00,,,0,noite
52000005430825,20,3,debates e paletras,7,Literatura,52,24 De Maio,capital,0,0,outros,Amefricanidade & Literatura: vivências ancestrais em narrativas contemporâneas,Mulheres no Acervo - Carolina Maria de Jesus,com Patricia Anunciada,uma,nextW,proxima,ter,1,19h,undefined,2023-09-26 00:00:00,2023-09-26 00:00:00,2023-09-26 00:00:00,,,0,noite
95000002758376,50,3,debates e paletras,7,Literatura,95,Osasco,capital,0,0,outros,,Clube de Leitura - Literatura Latino Americana - Ep.7,Curadoria e mediação do Professor Eduardo Araújo Teixeira.,uma,nextW,proxima,ter,1,19h,undefined,2023-09-26 00:00:00,2023-09-26 00:00:00,2023-09-26 00:00:00,,,0,noite
55000004657144,50,3,debates e paletras,8,Educação,55,Interlagos,capital,0,0,outros,,Refúgios Humanos e Migração,Formação Para Profissionais da Educação em Parceria com Secretaria Municipal de Ensino - DRE Capela do Socorro,uma,nextW,proxima,ter,1,19h,undefined,2023-09-26 00:00:00,2023-09-26 00:00:00,2023-10-07 00:00:00,,,0,noite
62000007823571,35,3,debates e paletras,8,Educação,62,Consolação,capital,0,0,outros,,Programa de Preparação para a Aposentadoria,Com Gerência de Desenvolvimento de Pessoas,uma,nextW,proxima,ter,1,10h,undefined,2023-09-26 00:00:00,2023-09-26 00:00:00,2023-09-29 00:00:00,,,0,manhã
66000016575921,30,3,debates e paletras,8,Educação,66,Vila Mariana,capital,0,0,idosos,,Ponto de Encontro,,uma,nextW,proxima,ter,1,14h,undefined,2023-09-26 00:00:00,2023-09-26 00:00:00,2023-09-26 00:00:00,1,Audioguia,0,tarde
80000005223042,40,3,debates e paletras,8,Educação,80,Bauru,interior,0,0,outros,,SIPAT: Motivação e Gestão do tempo,,uma,nextW,proxima,ter,1,13h,undefined,2023-09-26 00:00:00,2023-09-26 00:00:00,2023-09-26 00:00:00,,,0,tarde
80000005223042,40,3,debates e paletras,8,Educação,80,Bauru,interior,0,0,outros,,SIPAT: Motivação e Gestão do tempo,,uma,nextW,proxima,ter,1,18h,undefined,2023-09-26 00:00:00,2023-09-26 00:00:00,2023-09-26 00:00:00,,,0,noite
85000003265371,40,3,debates e paletras,8,Educação,85,Birigui,interior,0,0,idosos,,Ponto de encontro TSI,Com Vanice Gianelli,uma,nextW,proxima,ter,1,15h,undefined,2023-09-26 00:00:00,2023-09-26 00:00:00,2023-09-26 00:00:00,,,0,tarde
89000001426057,500,3,debates e paletras,8,Educação,89,CPF,capital,0,0,outros,,Sesc Ideias Gestão do Patrimônio Cultural-Lançamento Dossiê,"Vanessa Correa, Cleiton Ferreira e Fernanda Vargas",uma,nextW,proxima,ter,1,16h,undefined,2023-09-26 00:00:00,2023-09-26 00:00:00,2023-09-26 00:00:00,,,0,tarde
89000001409099,50,3,debates e paletras,8,Educação,89,CPF,capital,0,0,outros,Gestão Cultural,A arte da restauração,Hope Azeda,uma,nextW,proxima,ter,1,19h,undefined,2023-09-26 00:00:00,2023-09-26 00:00:00,2023-09-26 00:00:00,,,0,noite
94000006087606,30,3,debates e paletras,8,Educação,94,Bom Retiro,capital,0,0,outros,Semana Move,Placemaking para Lideranças Comunitárias,Com Paola Caiuby,uma,nextW,proxima,ter,1,18h30,undefined,2023-09-26 00:00:00,2023-09-26 00:00:00,2023-09-28 00:00:00,,,0,noite
72000000595021,300,3,debates e paletras,9,Meio Ambiente,72,Mogi Das Cruzes,capital,0,0,outros,Florestar: Áreas Verdes Educadoras - Ações regulares,Mogi das Águas: diálogos para a regeneração do rio Tietê,"Com Prof. Alexandre Hilsdorf (UMC), Ionara Fernandes (SMAPA), César Pegoraro (SOS Mata Atlântica), Eduardo Colombo (ECA-USP), Rodrigo Campos (Tietê: Águas Verdadeiras) e Victor Kinjo.",uma,nextW,proxima,ter,1,19h30,undefined,2023-09-26 00:00:00,2023-09-26 00:00:00,2023-09-26 00:00:00,1,Tradução em Libras,0,noite
86000004043617,3500,4,exposições,6,Artes Visuais,86,Araraquara,interior,1,0,outros,Pequenas Pedras Polidas: Azulejaria no Acervo Sesc e Coleções,Pequenas Pedras Polidas: Azulejaria no Acervo Sesc e Coleções,Visita mediada,de-ate,sempre,proxima,sempre,7,13h,undefined,2023-09-26 00:00:00,2023-09-26 00:00:00,2023-11-30 00:00:00,,,0,tarde
88000004691397,200,4,exposições,6,Artes Visuais,88,Santo André,capital,1,0,outros,Entre Bordas,Entre Bordas: Como eu existo,Curadoria de Douglas Negrisolli,de-ate,sempre,proxima,sempre,7,10h,undefined,2023-09-26 00:00:00,2023-09-21 00:00:00,2023-11-20 00:00:00,,,0,manhã
67000002635072,100,4,exposições,7,Literatura,67,São Caetano,capital,1,0,outros,Universo Literário - BiblioSesc,Raízes das histórias,Com Yuri de Francco e Mariamma,de-ate,sempre,proxima,sempre,7,10h,undefined,2023-09-26 00:00:00,2023-09-21 00:00:00,2023-11-30 00:00:00,,,0,manhã
53000006158939,330,5,filmes,5,Cinema,53,Santana,capital,1,0,outros,,Chuva é Cantoria na Aldeia dos Mortos,"(Dir.: Renée Nader Messora e João Salaviza, 2018, Brasil/Portugal, drama, 114 min)",uma,nextW,proxima,ter,1,20h,undefined,2023-09-26 00:00:00,2023-09-26 00:00:00,2023-09-26 00:00:00,,,0,noite
59000000722045,279,5,filmes,5,Cinema,59,Cinesesc,capital,0,0,outros,,ESTRANHA FORMA DE VIDA + ENTREVISTA ALMODÓVAR,"Pedro Almodóvar, Espanha/França, 2023, 86', ficção",uma,nextW,proxima,ter,1,15h30,undefined,2023-09-26 00:00:00,2023-09-21 00:00:00,2023-09-27 00:00:00,1,Audiodescrição  Tradução em Libras  Closed Caption,0,tarde
59000000715969,279,5,filmes,5,Cinema,59,Cinesesc,capital,0,0,outros,Sessão 35 MM,Reflexões de um Liquidificador - Sessão 35mm,"André Klotzel, Brasil, 2010, 80', ficção, 16 anos, 35 mm",uma,nextW,proxima,ter,1,20h30,undefined,2023-09-26 00:00:00,2023-09-26 00:00:00,2023-09-26 00:00:00,,,0,noite
92000001537238,170,5,filmes,5,Cinema,92,Registro,interior,1,0,outros,,Documentário - Nas Beiras do Ribeira,,uma,nextW,proxima,ter,1,20h,undefined,2023-09-26 00:00:00,2023-09-21 00:00:00,2023-12-12 00:00:00,,,0,noite
93000005834244,220,5,filmes,5,Cinema,93,Jundiaí,interior,1,0,outros,Persona - Arte LGBTQIAPN+,A Cidade dos Abismos,"96min, 2021, Dir.: Priscyla Bettim, Renato Coelho",uma,nextW,proxima,ter,1,20h,undefined,2023-09-26 00:00:00,2023-09-26 00:00:00,2023-09-26 00:00:00,,,0,noite
96000316897511,270,5,filmes,5,Cinema,96,Sorocaba,interior,1,0,outros,,"Cine Concerto Sonhos, de Akira Kurosawa",Com Yume Project,uma,nextW,proxima,ter,1,19h,undefined,2023-09-26 00:00:00,2023-09-26 00:00:00,2023-09-26 00:00:00,,,0,noite
52000005476354,500,6,atividade física,11,Atividade Física,52,24 De Maio,capital,0,0,crianças,Semana Move,Acqua tenis,Semana MOVE,de-ate,sempre,proxima,sempre,7,10h,undefined,2023-09-26 00:00:00,2023-09-26 00:00:00,2023-10-01 00:00:00,,,0,manhã
52000005476441,500,6,atividade física,11,Atividade Física,52,24 De Maio,capital,0,0,crianças,Semana Move,Bucketball,Semana MOVE,uma,nextW,proxima,ter,1,09h,undefined,2023-09-26 00:00:00,2023-09-26 00:00:00,2023-09-27 00:00:00,,,0,manhã
52000005476441,500,6,atividade física,11,Atividade Física,52,24 De Maio,capital,0,0,crianças,Semana Move,Bucketball,Semana MOVE,uma,nextW,proxima,ter,1,14h,undefined,2023-09-26 00:00:00,2023-09-26 00:00:00,2023-09-27 00:00:00,,,0,tarde
52000005470380,500,6,atividade física,11,Atividade Física,52,24 De Maio,capital,0,0,crianças,Semana Move,Minigolfe,Semana MOVE,de-ate,sempre,proxima,sempre,7,10h,undefined,2023-09-26 00:00:00,2023-09-23 00:00:00,2023-10-01 00:00:00,,,0,manhã
52000005607785,16,6,atividade física,11,Atividade Física,52,24 De Maio,capital,0,0,outros,Semana Move,Aula Aberta de CicloSesc,com a educadora Cintia Sasaki e o educador Giovanni Soares,de-ate,sempre,proxima,sempre,7,17h,undefined,2023-09-26 00:00:00,2023-09-26 00:00:00,2023-09-27 00:00:00,,,0,tarde
53000005849215,450,6,atividade física,11,Atividade Física,53,Santana,capital,0,0,outros,Semana Move,Circuito de Condicionamento Físico Aquático,Com educadores físico-esportivo,uma,nextW,proxima,ter,1,07h30,undefined,2023-09-26 00:00:00,2023-09-26 00:00:00,2023-09-29 00:00:00,,,0,manhã
55000004761928,200,6,atividade física,11,Atividade Física,55,Interlagos,capital,0,0,outros,Semana Move,Meditação e Relaxamento,Empresa C&A - SIPAT 2023,uma,nextW,proxima,ter,1,10h,undefined,2023-09-26 00:00:00,2023-09-26 00:00:00,2023-09-26 00:00:00,,,0,manhã
57000007440977,100,6,atividade física,11,Atividade Física,57,Ipiranga,capital,0,0,outros,Semana Move,Aikidô,Com equipe do Seimeikan Dojô,de-ate,sempre,proxima,sempre,7,15h30,undefined,2023-09-26 00:00:00,2023-09-26 00:00:00,2023-09-27 00:00:00,,,0,tarde
57000007449100,50,6,atividade física,11,Atividade Física,57,Ipiranga,capital,0,0,outros,Semana Move,Aikido na comunidade,Com Seimeikan Dojo,de-ate,sempre,proxima,sempre,7,18h30,undefined,2023-09-26 00:00:00,2023-09-26 00:00:00,2023-11-01 00:00:00,,,0,noite
57000007440948,100,6,atividade física,11,Atividade Física,57,Ipiranga,capital,0,0,outros,Semana Move,Capoeira da Mulherada,Com o grupo Afloarte,de-ate,sempre,proxima,sempre,7,07h,undefined,2023-09-26 00:00:00,2023-09-26 00:00:00,2023-09-27 00:00:00,,,0,manhã
58000006772896,20,6,atividade física,11,Atividade Física,58,Pinheiros,capital,0,0,outros,,Dos pés a cabeça - Organizando para um Movimento Consciente,Com educadores do Sesc,de-ate,sempre,proxima,sempre,7,15h30,undefined,2023-09-26 00:00:00,2023-09-21 00:00:00,2023-11-30 00:00:00,,,0,tarde
61000000852255,20,6,atividade física,11,Atividade Física,61,Florêncio,capital,0,0,outros,Semana Move,Move Zen - TaiChi Balance,"Semana Move - Com Luciano Imoto, instrutor de artes marciais",uma,nextW,proxima,ter,1,10h,undefined,2023-09-26 00:00:00,2023-09-26 00:00:00,2023-09-26 00:00:00,,,0,manhã
61000000852255,20,6,atividade física,11,Atividade Física,61,Florêncio,capital,0,0,outros,Semana Move,Move Zen - TaiChi Balance,"Semana Move - Com Luciano Imoto, instrutor de artes marciais",uma,nextW,proxima,ter,1,15h,undefined,2023-09-26 00:00:00,2023-09-26 00:00:00,2023-09-26 00:00:00,,,0,tarde
62000007886060,60,6,atividade física,11,Atividade Física,62,Consolação,capital,0,0,outros,Semana Move,MOVE ESPORTES Basquete - Passo zero,Com Fatima Aparecida da Silva,uma,nextW,proxima,ter,1,18h30,undefined,2023-09-26 00:00:00,2023-09-24 00:00:00,2023-09-26 00:00:00,,,0,noite
62000007886109,60,6,atividade física,11,Atividade Física,62,Consolação,capital,1,0,outros,Semana Move,Desafio MOVEmente-se,Com educadores(as) do Sesc,de-ate,sempre,proxima,sempre,7,07h10,undefined,2023-09-26 00:00:00,2023-09-26 00:00:00,2023-09-29 00:00:00,,,0,manhã
62000007880478,60,6,atividade física,11,Atividade Física,62,Consolação,capital,1,0,outros,Semana Move,MOVE ESPORTES Futsal - Movimentação Tática,Com Fernanda Grande,uma,nextW,proxima,ter,1,18h30,undefined,2023-09-26 00:00:00,2023-09-26 00:00:00,2023-09-29 00:00:00,,,0,noite
62000007880506,50,6,atividade física,11,Atividade Física,62,Consolação,capital,1,0,outros,Semana Move,MOVE ESPORTES Handebol - Sistema Defensivo.,Com Thamiris Madeira,uma,nextW,proxima,ter,1,20h,undefined,2023-09-26 00:00:00,2023-09-26 00:00:00,2023-09-28 00:00:00,,,0,noite
62000007914130,100,6,atividade física,11,Atividade Física,62,Consolação,capital,1,0,outros,Semana Move,MOVE ESPORTES Tênis de Mesa,Na estação Higienópolis-Mackenzie,uma,nextW,proxima,ter,1,11h30,undefined,2023-09-26 00:00:00,2023-09-26 00:00:00,2023-09-29 00:00:00,,,0,manhã
62000007859818,60,6,atividade física,11,Atividade Física,62,Consolação,capital,1,0,outros,Semana Move,MOVE ZEN Iyengar Yoga,Com Sandro Bosco,de-ate,sempre,proxima,sempre,7,09h,undefined,2023-09-26 00:00:00,2023-09-26 00:00:00,2023-09-28 00:00:00,,,0,manhã
64000004963992,20,6,atividade física,11,Atividade Física,64,Carmo,capital,1,0,outros,Semana Move,Aula aberta de Taissô,com Márcio Rogério Melitto,uma,nextW,proxima,ter,1,09h,undefined,2023-09-26 00:00:00,2023-09-26 00:00:00,2023-09-28 00:00:00,,,0,manhã
64000004963789,20,6,atividade física,11,Atividade Física,64,Carmo,capital,1,0,outros,Semana Move,Aula de percussão no biobol,com educadores em atividades físico-esportivas do Sesc,de-ate,sempre,proxima,sempre,7,09h,undefined,2023-09-26 00:00:00,2023-09-26 00:00:00,2023-09-28 00:00:00,,,0,manhã
65000003246814,30,6,atividade física,11,Atividade Física,65,Av. Paulista,capital,0,0,outros,,Esporte Adulto - Iniciação ao Muay Tai,Terça 18h  Quinta 18h - A partir de 16 anos,de-ate,sempre,proxima,sempre,7,18h,undefined,2023-09-26 00:00:00,2023-09-21 00:00:00,2023-11-30 00:00:00,,,0,noite
65000003546448,50,6,atividade física,11,Atividade Física,65,Av. Paulista,capital,0,0,outros,Semana Move,Spikeball,Com Spikeball Brasil,uma,nextW,proxima,ter,1,07h,undefined,2023-09-26 00:00:00,2023-09-26 00:00:00,2023-09-29 00:00:00,,,0,manhã
65000003250754,100,6,atividade física,11,Atividade Física,65,Av. Paulista,capital,1,0,outros,Semana Move,Roller Grooove - Patins Quad.,"com Juh & Miriã, Akan & Feng, Veridiana Lima & Rooneyoyo e DJ Alquimix",de-ate,sempre,proxima,sempre,7,11h,undefined,2023-09-26 00:00:00,2023-09-26 00:00:00,2023-10-01 00:00:00,,,0,manhã
66000017473406,40,6,atividade física,11,Atividade Física,66,Vila Mariana,capital,0,0,outros,,Hidroginástica,Terca 16h  Quinta 16h - A partir de 12 anos,de-ate,sempre,proxima,sempre,7,16h,undefined,2023-09-26 00:00:00,2023-09-21 00:00:00,2023-12-28 00:00:00,,,0,tarde
66000017388362,50,6,atividade física,11,Atividade Física,66,Vila Mariana,capital,0,0,outros,Semana Move,Aulas Especiais: MOVE GMF,Com Educadores em Atividades Físicas do Sesc,de-ate,sempre,proxima,sempre,7,13h15,undefined,2023-09-26 00:00:00,2023-09-26 00:00:00,2023-09-27 00:00:00,,,0,tarde
66000017388493,100,6,atividade física,11,Atividade Física,66,Vila Mariana,capital,0,0,outros,Semana Move,Yoga: o fluir pelo Vinyasa,Com Karime Neder,de-ate,sempre,proxima,sempre,7,08h30,undefined,2023-09-26 00:00:00,2023-09-24 00:00:00,2023-09-29 00:00:00,,,0,manhã
67000002843849,200,6,atividade física,11,Atividade Física,67,São Caetano,capital,0,0,outros,Semana Move,Move Academia: aula especial de GMF,com educadores Sesc / para a Secretaria de Esportes e Lazer de Mauá,uma,nextW,proxima,ter,1,08h,undefined,2023-09-26 00:00:00,2023-09-26 00:00:00,2023-09-26 00:00:00,,,0,manhã
67000002801238,30,6,atividade física,11,Atividade Física,67,São Caetano,capital,1,0,outros,Semana Move,Move Academia: aula especial de CROSS TRAINING,com Abajur Promoções e Eventos,de-ate,sempre,proxima,sempre,7,11h,undefined,2023-09-26 00:00:00,2023-09-25 00:00:00,2023-09-26 00:00:00,,,0,manhã
68000008749908,45,6,atividade física,11,Atividade Física,68,Belenzinho,capital,1,0,outros,Semana Move,Calistenia,Emily Pimenta e Gustavo Perrotti,uma,nextW,proxima,ter,1,09h,undefined,2023-09-26 00:00:00,2023-09-26 00:00:00,2023-09-28 00:00:00,,,0,manhã
68000008749908,45,6,atividade física,11,Atividade Física,68,Belenzinho,capital,1,0,outros,Semana Move,Calistenia,Emily Pimenta e Gustavo Perrotti,uma,nextW,proxima,ter,1,18h,undefined,2023-09-26 00:00:00,2023-09-26 00:00:00,2023-09-28 00:00:00,,,0,noite
70000005579955,50,6,atividade física,11,Atividade Física,70,Santo Amaro,capital,0,0,crianças,Semana Move,Corfebol,,uma,nextW,proxima,ter,1,08h,undefined,2023-09-26 00:00:00,2023-09-23 00:00:00,2023-09-27 00:00:00,,,0,manhã
71000004405268,400,6,atividade física,11,Atividade Física,71,Bertioga,interior,0,0,crianças,Semana Move,Move Criança - Ações nas escolas (Vista Linda) e Assoc. N. Senhora de Fátima,,uma,nextW,proxima,ter,1,08h,undefined,2023-09-26 00:00:00,2023-09-26 00:00:00,2023-09-29 00:00:00,,,0,manhã
71000004466953,15,6,atividade física,11,Atividade Física,71,Bertioga,interior,0,0,jovens,,Oficina de Surfe e Fotografia - EPJ Surfe,,uma,nextW,proxima,ter,1,15h30,undefined,2023-09-26 00:00:00,2023-09-26 00:00:00,2023-09-28 00:00:00,,,0,tarde
72000000607982,30,6,atividade física,11,Atividade Física,72,Mogi Das Cruzes,capital,0,0,idosos,,Esporte para Pessoas Idosas,Com educadores do Sesc,de-ate,sempre,proxima,sempre,7,16h30,undefined,2023-09-26 00:00:00,2023-09-21 00:00:00,2023-12-28 00:00:00,,,0,tarde
72000000665022,30,6,atividade física,11,Atividade Física,72,Mogi Das Cruzes,capital,0,0,jovens,,Esporte Jovem - 10 a 13 anos,Terças/Quintas - 14h30 às 16h00,de-ate,sempre,proxima,sempre,7,14h30,undefined,2023-09-26 00:00:00,2023-09-21 00:00:00,2023-12-28 00:00:00,,,0,tarde
72000000607715,30,6,atividade física,11,Atividade Física,72,Mogi Das Cruzes,capital,0,0,jovens,,Esporte Jovem - Basquetebol,13 a 16 anos -,de-ate,sempre,proxima,sempre,7,18h30,undefined,2023-09-26 00:00:00,2023-09-21 00:00:00,2023-12-28 00:00:00,,,0,noite
72000000651802,25,6,atividade física,11,Atividade Física,72,Mogi Das Cruzes,capital,0,0,outros,,Práticas Aquáticas,Com educadores do Sesc,de-ate,sempre,proxima,sempre,7,16h30,undefined,2023-09-26 00:00:00,2023-09-21 00:00:00,2024-01-25 00:00:00,,,0,tarde
72000000647082,25,6,atividade física,11,Atividade Física,72,Mogi Das Cruzes,capital,0,0,outros,,Práticas Aquáticas,Com educadores do Sesc,de-ate,sempre,proxima,sempre,7,18h30,undefined,2023-09-26 00:00:00,2023-09-21 00:00:00,2023-12-28 00:00:00,,,0,noite
73000004843237,30,6,atividade física,11,Atividade Física,73,Guarulhos,capital,0,0,outros,Semana Move,Move Empresa: Clube da Corrida,,uma,nextW,proxima,ter,1,07h30,undefined,2023-09-26 00:00:00,2023-09-26 00:00:00,2023-09-26 00:00:00,,,0,manhã
73000004883550,20,6,atividade física,11,Atividade Física,73,Guarulhos,capital,1,0,outros,Semana Move,Aula aberta de ciclo Sesc,Com educadores do Sesc,de-ate,sempre,proxima,sempre,7,20h30,undefined,2023-09-26 00:00:00,2023-09-26 00:00:00,2023-09-30 00:00:00,,,0,noite
73000004943956,30,6,atividade física,11,Atividade Física,73,Guarulhos,capital,1,0,outros,Semana Move,Mergulho Livre - Move Água,Com Estela Viva Mais Por Você,uma,nextW,proxima,ter,1,08h,undefined,2023-09-26 00:00:00,2023-09-26 00:00:00,2023-09-26 00:00:00,,,0,manhã
73000004943956,30,6,atividade física,11,Atividade Física,73,Guarulhos,capital,1,0,outros,Semana Move,Mergulho Livre - Move Água,Com Estela Viva Mais Por Você,uma,nextW,proxima,ter,1,15h,undefined,2023-09-26 00:00:00,2023-09-26 00:00:00,2023-09-26 00:00:00,,,0,tarde
73000004943956,30,6,atividade física,11,Atividade Física,73,Guarulhos,capital,1,0,outros,Semana Move,Mergulho Livre - Move Água,Com Estela Viva Mais Por Você,uma,nextW,proxima,ter,1,19h30,undefined,2023-09-26 00:00:00,2023-09-26 00:00:00,2023-09-26 00:00:00,,,0,noite
75000007817957,200,6,atividade física,11,Atividade Física,75,Campinas,interior,0,0,outros,Semana Move,Aulas Especiais GMF,,de-ate,sempre,proxima,sempre,7,07h,undefined,2023-09-26 00:00:00,2023-09-26 00:00:00,2023-09-29 00:00:00,,,0,manhã
75000007971764,360,6,atividade física,11,Atividade Física,75,Campinas,interior,0,0,outros,Semana Move,Nado Artístico,,uma,nextW,proxima,ter,1,07h,undefined,2023-09-26 00:00:00,2023-09-26 00:00:00,2023-09-27 00:00:00,,,0,manhã
76000004485454,25,6,atividade física,11,Atividade Física,76,Ribeirão Preto,interior,0,0,outros,Semana Move,Práticas Conscientes,Com Tânia Nunes e Vitor Martins,de-ate,sempre,proxima,sempre,7,19h,undefined,2023-09-26 00:00:00,2023-09-26 00:00:00,2023-09-28 00:00:00,,,0,noite
78000006720584,200,6,atividade física,11,Atividade Física,78,Santos,interior,0,0,crianças,Semana Move,Ginástica Rítmica  - Move Criança,Vivência de ginástica rítmica para crianças,uma,nextW,proxima,ter,1,08h30,undefined,2023-09-26 00:00:00,2023-09-26 00:00:00,2023-09-27 00:00:00,,,0,manhã
78000006720472,2000,6,atividade física,11,Atividade Física,78,Santos,interior,0,0,jovens,Semana Move,Circuito de Ginástica Artística - Move Crianças,Vivência de ginástica artistica para crianças,de-ate,sempre,proxima,sempre,7,08h30,undefined,2023-09-26 00:00:00,2023-09-23 00:00:00,2023-09-27 00:00:00,,,0,manhã
78000006720557,200,6,atividade física,11,Atividade Física,78,Santos,interior,0,0,outros,Semana Move,Aula aberta de Tênis - Move Esportes,,uma,nextW,proxima,ter,1,16h30,undefined,2023-09-26 00:00:00,2023-09-26 00:00:00,2023-09-29 00:00:00,,,0,tarde
78000006720522,200,6,atividade física,11,Atividade Física,78,Santos,interior,0,0,outros,Semana Move,Dança de Salão - Move Academia,,de-ate,sempre,proxima,sempre,7,20h,undefined,2023-09-26 00:00:00,2023-09-26 00:00:00,2023-09-28 00:00:00,,,0,noite
78000006607995,70,6,atividade física,11,Atividade Física,78,Santos,interior,0,0,outros,Semana Move,Movimento Consciente - Move Zen,,uma,nextW,proxima,ter,1,10h30,undefined,2023-09-26 00:00:00,2023-09-26 00:00:00,2023-09-28 00:00:00,,,0,manhã
78000006608028,50,6,atividade física,11,Atividade Física,78,Santos,interior,0,0,outros,Semana Move,Pilates Solo - Move Academia,,uma,nextW,proxima,ter,1,14h30,undefined,2023-09-26 00:00:00,2023-09-26 00:00:00,2023-09-28 00:00:00,,,0,tarde
79000003167682,100,6,atividade física,11,Atividade Física,79,Catanduva,interior,1,0,outros,Semana Move,Treinão Coletivo GMF,Com educadores do Sesc,de-ate,sempre,proxima,sempre,7,16h,undefined,2023-09-26 00:00:00,2023-09-26 00:00:00,2023-09-29 00:00:00,,,0,tarde
81000004410505,20,6,atividade física,11,Atividade Física,81,Taubaté,interior,0,0,crianças,,Práticas Aquáticas,Sábado 15h30 - De 6 a 12 anos,de-ate,sempre,proxima,sempre,7,15h30,undefined,2023-09-26 00:00:00,2023-09-21 00:00:00,2023-12-28 00:00:00,,,0,tarde
81000004410194,25,6,atividade física,11,Atividade Física,81,Taubaté,interior,0,0,outros,,Práticas Aquáticas,Terça 10h30  Quinta 10h30 - A partir de 12 anos,de-ate,sempre,proxima,sempre,7,10h30,undefined,2023-09-26 00:00:00,2023-09-21 00:00:00,2023-12-28 00:00:00,,,0,manhã
81000004410272,25,6,atividade física,11,Atividade Física,81,Taubaté,interior,0,0,outros,,Práticas Aquáticas,Terça 19h  Quinta 19h - A partir de 12 anos,de-ate,sempre,proxima,sempre,7,19h,undefined,2023-09-26 00:00:00,2023-09-21 00:00:00,2023-12-28 00:00:00,,,0,noite
81000004409158,20,6,atividade física,11,Atividade Física,81,Taubaté,interior,0,0,outros,,Yoga,Quarta 19h  Sexta 19h - A partir de 12 anos,de-ate,sempre,proxima,sempre,7,19h,undefined,2023-09-26 00:00:00,2023-09-21 00:00:00,2023-12-28 00:00:00,,,0,noite
82000004793405,40,6,atividade física,11,Atividade Física,82,São Carlos,interior,0,0,jovens,,Senac - Educação Física,,de-ate,sempre,proxima,sempre,7,11h,undefined,2023-09-26 00:00:00,2023-09-26 00:00:00,2023-12-12 00:00:00,,,0,manhã
82000004923876,1500,6,atividade física,11,Atividade Física,82,São Carlos,interior,1,0,outros,Semana Move,Ginástica artística com aparelhos (agendamento),,de-ate,sempre,proxima,sempre,7,15h,undefined,2023-09-26 00:00:00,2023-09-26 00:00:00,2023-09-29 00:00:00,,,0,tarde
82000004968586,30,6,atividade física,11,Atividade Física,82,São Carlos,interior,1,0,outros,Semana Move,Percussão no Bioball,Com educadores do Sesc,uma,nextW,proxima,ter,1,19h30,undefined,2023-09-26 00:00:00,2023-09-26 00:00:00,2023-09-28 00:00:00,,,0,noite
82000004968549,40,6,atividade física,11,Atividade Física,82,São Carlos,interior,1,0,outros,Semana Move,Pilates de Solo,Com educadores do Sesc,uma,nextW,proxima,ter,1,16h,undefined,2023-09-26 00:00:00,2023-09-26 00:00:00,2023-09-28 00:00:00,,,0,tarde
83000004067273,200,6,atividade física,11,Atividade Física,83,Piracicaba,interior,0,0,crianças,Semana Move,Aulas abertas Programa Sesc de Esportes. GMF e Atividades Aquáticas,Com educadores do Sesc,uma,nextW,proxima,ter,1,14h30,undefined,2023-09-26 00:00:00,2023-09-26 00:00:00,2023-09-29 00:00:00,,,0,tarde
83000004047810,23,6,atividade física,11,Atividade Física,83,Piracicaba,interior,0,0,outros,Semana Move,Aulão Ciclo Sesc,com educadores do Sesc e DJ Gui,de-ate,sempre,proxima,sempre,7,18h30,undefined,2023-09-26 00:00:00,2023-09-26 00:00:00,2023-09-30 00:00:00,,,0,noite
83000004041342,250,6,atividade física,11,Atividade Física,83,Piracicaba,interior,0,0,outros,Semana Move,"Circuito Equilíbrio, Gravidade e Força",Com equipe Ativiva,uma,nextW,proxima,ter,1,14h,undefined,2023-09-26 00:00:00,2023-09-26 00:00:00,2023-09-29 00:00:00,,,0,tarde
84000005403189,100,6,atividade física,11,Atividade Física,84,Rio Preto,interior,0,0,outros,Semana Move,Mini-basquete,com Prof. Dirce Oliveira,de-ate,sempre,proxima,sempre,7,15h30,undefined,2023-09-26 00:00:00,2023-09-26 00:00:00,2023-09-27 00:00:00,,,0,tarde
85000003212036,50,6,atividade física,11,Atividade Física,85,Birigui,interior,0,0,outros,,Condicionamento Físico Aquático,Com educadores do Sesc,de-ate,sempre,proxima,sempre,7,09h,undefined,2023-09-26 00:00:00,2023-09-21 00:00:00,2023-12-28 00:00:00,,,0,manhã
85000003212170,50,6,atividade física,11,Atividade Física,85,Birigui,interior,0,0,outros,,Condicionamento Físico Aquático,Com educadores do Sesc,de-ate,sempre,proxima,sempre,7,18h,undefined,2023-09-26 00:00:00,2023-09-21 00:00:00,2023-12-28 00:00:00,,,0,noite
85000003185819,12,6,atividade física,11,Atividade Física,85,Birigui,interior,0,0,outros,Semana Move,Experimenta GMF,Com educadores do Sesc,uma,nextW,proxima,ter,1,18h30,undefined,2023-09-26 00:00:00,2023-09-26 00:00:00,2023-09-29 00:00:00,,,0,noite
86000004102684,120,6,atividade física,11,Atividade Física,86,Araraquara,interior,0,0,outros,Semana Move,Da Peteca ao Badminton: Vivências esportivas nas empresas,Com Jacaré Ki Pira,uma,nextW,proxima,ter,1,09h,undefined,2023-09-26 00:00:00,2023-09-26 00:00:00,2023-09-27 00:00:00,,,0,manhã
86000004102684,120,6,atividade física,11,Atividade Física,86,Araraquara,interior,0,0,outros,Semana Move,Da Peteca ao Badminton: Vivências esportivas nas empresas,Com Jacaré Ki Pira,uma,nextW,proxima,ter,1,14h,undefined,2023-09-26 00:00:00,2023-09-26 00:00:00,2023-09-27 00:00:00,,,0,tarde
87000002985963,20,6,atividade física,11,Atividade Física,87,Prudente,interior,0,0,outros,Semana Move,Conheça nossa Ginástica Multifuncional,Com educadores de atividades físico-esportivas do Sesc,uma,nextW,proxima,ter,1,19h,undefined,2023-09-26 00:00:00,2023-09-26 00:00:00,2023-09-27 00:00:00,,,0,noite
87000002997431,20,6,atividade física,11,Atividade Física,87,Prudente,interior,0,0,outros,Semana Move,Festival de Padminton,Com educadores de atividades físico-esportivas do Sesc,uma,nextW,proxima,ter,1,11h,undefined,2023-09-26 00:00:00,2023-09-26 00:00:00,2023-09-26 00:00:00,,,0,manhã
88000005096795,40,6,atividade física,11,Atividade Física,88,Santo André,capital,0,0,outros,Semana Move,Gyrokinesis e The Naam 5,,de-ate,sempre,proxima,sempre,7,07h,undefined,2023-09-26 00:00:00,2023-09-24 00:00:00,2023-09-29 00:00:00,,,0,manhã
88000005096754,30,6,atividade física,11,Atividade Física,88,Santo André,capital,0,0,outros,Semana Move,Pular corda e dançar,,de-ate,sempre,proxima,sempre,7,17h,undefined,2023-09-26 00:00:00,2023-09-26 00:00:00,2023-09-29 00:00:00,,,0,tarde
92000001508124,150,6,atividade física,11,Atividade Física,92,Registro,interior,0,0,outros,Semana Move,Pedale seu suco!,Bike Ybá,de-ate,sempre,proxima,sempre,7,14h,undefined,2023-09-26 00:00:00,2023-09-26 00:00:00,2023-09-29 00:00:00,,,0,tarde
92000001521311,50,6,atividade física,11,Atividade Física,92,Registro,interior,1,0,outros,Semana Move,Dança circular e a celebração da união e harmonia,Com Marta Negrão e Maria Isabel Ramponi,uma,nextW,proxima,ter,1,15h30,undefined,2023-09-26 00:00:00,2023-09-26 00:00:00,2023-09-28 00:00:00,,,0,tarde
93000005837659,30,6,atividade física,11,Atividade Física,93,Jundiaí,interior,0,0,outros,Semana Move,LPO - Levantamento Peso Olímpico,,de-ate,sempre,proxima,sempre,7,09h,undefined,2023-09-26 00:00:00,2023-09-21 00:00:00,2023-09-27 00:00:00,,,0,manhã
95000002873340,10,6,atividade física,11,Atividade Física,95,Osasco,capital,0,0,outros,,Práticas Corporais: Yoga II,"Terças, 9h",de-ate,sempre,proxima,sempre,7,09h,undefined,2023-09-26 00:00:00,2023-09-26 00:00:00,2023-11-28 00:00:00,,,0,manhã
95000002813400,100,6,atividade física,11,Atividade Física,95,Osasco,capital,1,0,outros,Semana Move,YOGA - CELEBRAÇÃO DA PRIMAVERA,Com os educadores do Sesc Osasco Mauro e Avelino e o convidado Educador Bruno Lucca do Sesc Belenzinho,de-ate,sempre,proxima,sempre,7,17h,undefined,2023-09-26 00:00:00,2023-09-26 00:00:00,2023-09-26 00:00:00,,,0,tarde
96000317103373,150,6,atividade física,11,Atividade Física,96,Sorocaba,interior,0,0,outros,Semana Move,Desafio contra o relógio,com educadores em atividades físicas do Sesc Sorocaba,de-ate,sempre,proxima,sempre,7,07h15,undefined,2023-09-26 00:00:00,2023-09-23 00:00:00,2023-10-01 00:00:00,,,0,manhã
96000317102506,40,6,atividade física,11,Atividade Física,96,Sorocaba,interior,1,0,outros,Semana Move,"1, 2, 3... fitness!",Com educadores de atividades fisicoesportivas do Sesc Sorocaba,de-ate,sempre,proxima,sempre,7,18h30,undefined,2023-09-26 00:00:00,2023-09-26 00:00:00,2023-09-29 00:00:00,,,0,noite
96000317026110,80,6,atividade física,11,Atividade Física,96,Sorocaba,interior,1,0,outros,Semana Move,Yoga Flow,"com Jaqueline Alamino, professora de yoga",de-ate,sempre,proxima,sempre,7,19h30,undefined,2023-09-26 00:00:00,2023-09-26 00:00:00,2023-09-29 00:00:00,,,0,noite
53000006105880,40,6,atividade física,14,Outros,53,Santana,capital,0,0,outros,,Recreação Orientada de Futsal Feminino,Com educadores do Sesc,de-ate,sempre,proxima,sempre,7,19h30,undefined,2023-09-26 00:00:00,2023-09-26 00:00:00,2023-12-19 00:00:00,,,0,noite
64000004970404,50,6,atividade física,14,Outros,64,Carmo,capital,1,0,outros,Semana Move,Espaço mini jogos de rebater: mini tênis e badminton,,de-ate,sempre,proxima,sempre,7,09h30,undefined,2023-09-26 00:00:00,2023-09-26 00:00:00,2023-09-30 00:00:00,,,0,manhã
66000017383109,500,6,atividade física,14,Outros,66,Vila Mariana,capital,0,0,outros,Semana Move,Explorando os Movimentos - Circuito de obstáculos,Ocupação e Vivência,de-ate,sempre,proxima,sempre,7,11h,undefined,2023-09-26 00:00:00,2023-09-23 00:00:00,2023-10-01 00:00:00,,,0,manhã
68000008659997,120,6,atividade física,14,Outros,68,Belenzinho,capital,0,0,outros,,Aula Aberta de Basquete Feminino,"Com Rodrigo do ""Instituto Recanto Verde Sol Basketball""",de-ate,sempre,proxima,sempre,7,15h,undefined,2023-09-26 00:00:00,2023-09-26 00:00:00,2023-09-26 00:00:00,,,0,tarde
71000004291504,60,6,atividade física,14,Outros,71,Bertioga,interior,0,0,outros,,Recreação Vôlei,Terca 20h15  Quinta 20h15 - A partir de 16 anos,de-ate,sempre,proxima,sempre,7,19h30,undefined,2023-09-26 00:00:00,2023-09-21 00:00:00,2023-12-14 00:00:00,,,0,noite
73000004843169,100,6,atividade física,14,Outros,73,Guarulhos,capital,0,0,outros,Semana Move,Move Criança nas escolas: Mesabol,Com os Educadores do Sesc,de-ate,sempre,proxima,sempre,7,09h,undefined,2023-09-26 00:00:00,2023-09-26 00:00:00,2023-09-26 00:00:00,,,0,manhã
80000005163423,360,6,atividade física,14,Outros,80,Bauru,interior,0,0,outros,Semana Move,Move Esportes  Panna K.O.,,de-ate,sempre,proxima,sempre,7,18h,undefined,2023-09-26 00:00:00,2023-09-26 00:00:00,2023-10-01 00:00:00,,,0,noite
88000005139566,200,6,atividade física,14,Outros,88,Santo André,capital,0,0,crianças,Semana Move,Boxe,,de-ate,sempre,proxima,sempre,7,08h30,undefined,2023-09-26 00:00:00,2023-09-26 00:00:00,2023-10-01 00:00:00,,,0,manhã
88000005139525,200,6,atividade física,14,Outros,88,Santo André,capital,0,0,crianças,Semana Move,Capoeira,,de-ate,sempre,proxima,sempre,7,08h30,undefined,2023-09-26 00:00:00,2023-09-23 00:00:00,2023-09-29 00:00:00,,,0,manhã
96000322333569,15,9,'+ lazer,14,Outros,96,Sorocaba,interior,1,0,crianças,Espaço de Brincar,Mediação de leitura para bebês,"Com Alan Pablo, educador do programa Espaço de Brincar do Sesc Sorocaba",de-ate,sempre,proxima,sempre,7,16h30,undefined,2023-09-26 00:00:00,2023-09-26 00:00:00,2023-12-26 00:00:00,,,0,tarde
53000005968309,330,1,shows e espetáculos,1,Música,53,Santana,capital,0,0,outros,,"Gotas Azuis part. Faiska, Paulo Zinner e Eric Lentini","Lançamento do disco ""O cometa""",uma,nextW,proxima,qua,2,15h,undefined,2023-09-27 00:00:00,2023-09-27 00:00:00,2023-09-27 00:00:00,,,0,tarde
58000006636336,100,1,shows e espetáculos,1,Música,58,Pinheiros,capital,0,0,outros,,Tata Alves,"Lançamento do álbum ""Pele""",uma,nextW,proxima,qua,2,20h,undefined,2023-09-27 00:00:00,2023-09-27 00:00:00,2023-09-27 00:00:00,,,0,noite
63000013582942,400,1,shows e espetáculos,1,Música,63,Pompeia,capital,1,0,idosos,Segue o Baile,Segue o Baile,Com Sexteto Sucupira,uma,nextW,proxima,qua,2,17h,undefined,2023-09-27 00:00:00,2023-09-27 00:00:00,2023-09-27 00:00:00,,,0,tarde
78000006344482,350,1,shows e espetáculos,1,Música,78,Santos,interior,1,0,outros,,Zuzo Moussawer Quarteto,Projeto Bússola - show Canais Musicais,uma,nextW,proxima,qua,2,20h,undefined,2023-09-27 00:00:00,2023-09-27 00:00:00,2023-09-27 00:00:00,,,0,noite
93000005666741,220,1,shows e espetáculos,1,Música,93,Jundiaí,interior,0,0,outros,,MusiCasa,Festival de música da Fundação Casa,uma,nextW,proxima,qua,2,10h,undefined,2023-09-27 00:00:00,2023-09-26 00:00:00,2023-09-27 00:00:00,,,0,manhã
53000006140246,60,1,shows e espetáculos,11,Atividade Física,53,Santana,capital,0,0,outros,Semana Move,Basquete de Cadeira de Rodas,MOVE ESPORTES,uma,nextW,proxima,qua,2,19h30,undefined,2023-09-27 00:00:00,2023-09-27 00:00:00,2023-09-27 00:00:00,,,0,noite
63000013486540,70,1,shows e espetáculos,11,Atividade Física,63,Pompeia,capital,0,0,outros,Semana Move,Ciência e Tecnologia,com Gustavo Barquilha,uma,nextW,proxima,qua,2,18h,undefined,2023-09-27 00:00:00,2023-09-26 00:00:00,2023-09-28 00:00:00,,,0,noite
63000013486540,70,1,shows e espetáculos,11,Atividade Física,63,Pompeia,capital,0,0,outros,Semana Move,Ciência e Tecnologia,com Gustavo Barquilha,uma,nextW,proxima,qua,2,20h,undefined,2023-09-27 00:00:00,2023-09-26 00:00:00,2023-09-28 00:00:00,,,0,noite
65000003546703,50,1,shows e espetáculos,11,Atividade Física,65,Av. Paulista,capital,1,0,outros,Semana Move,Caminhadas: Chapada Diamantina e Trilha Inca,com Esdras Martins,uma,nextW,proxima,qua,2,19h30,undefined,2023-09-27 00:00:00,2023-09-27 00:00:00,2023-09-27 00:00:00,,,0,noite
68000008749432,400,1,shows e espetáculos,11,Atividade Física,68,Belenzinho,capital,0,0,outros,Semana Move,Aula Show - Baile Funk,com Educadores do Sesc Grupo DILADIM,uma,nextW,proxima,qua,2,19h,undefined,2023-09-27 00:00:00,2023-09-27 00:00:00,2023-09-27 00:00:00,,,0,noite
75000007972154,400,1,shows e espetáculos,11,Atividade Física,75,Campinas,interior,0,0,outros,Semana Move,Circuito Sesc de Esportes - Skate com Sandro Dias,,uma,nextW,proxima,qua,2,10h,undefined,2023-09-27 00:00:00,2023-09-26 00:00:00,2023-09-30 00:00:00,,,0,manhã
76000004514227,200,1,shows e espetáculos,11,Atividade Física,76,Ribeirão Preto,interior,0,0,outros,Semana Move,Basquete para Todos,Com Mahmoud Abdul-Rauf,uma,nextW,proxima,qua,2,19h,undefined,2023-09-27 00:00:00,2023-09-27 00:00:00,2023-09-27 00:00:00,,,0,noite
80000005182460,450,1,shows e espetáculos,11,Atividade Física,80,Bauru,interior,0,0,jovens,Semana Move,Move Esportes  Vôlei nas escolas,"Com Dani Lins, atleta do Sesi Vôlei Bauru, medalhista de ouro nas Olimpíadas em Londres 2012.",uma,nextW,proxima,qua,2,11h,undefined,2023-09-27 00:00:00,2023-09-27 00:00:00,2023-09-27 00:00:00,,,0,manhã
85000003189350,500,1,shows e espetáculos,11,Atividade Física,85,Birigui,interior,0,0,outros,Semana Move,Clínica e Bate Papo com Emanuel Rego,,uma,nextW,proxima,qua,2,14h,undefined,2023-09-27 00:00:00,2023-09-26 00:00:00,2023-09-30 00:00:00,,,0,tarde
62000007895240,280,1,shows e espetáculos,2,Teatro,62,Consolação,capital,0,0,outros,,A hora do lobo - um debate com o filme Dogville de Lars von Trier,de Christiane Jatahy,uma,nextW,proxima,qua,2,20h,undefined,2023-09-27 00:00:00,2023-09-22 00:00:00,2023-10-15 00:00:00,,,0,noite
63000013035250,40,1,shows e espetáculos,2,Teatro,63,Pompeia,capital,0,0,outros,,Nica,Com Elisa Band e Gilda Nomacce,uma,nextW,proxima,qua,2,20h30,undefined,2023-09-27 00:00:00,2023-09-21 00:00:00,2023-10-06 00:00:00,1,Audiodescrição  Tradução em Libras,0,noite
58000006764712,100,1,shows e espetáculos,4,Dança,58,Pinheiros,capital,0,0,outros,Coisas da Dança,O Diário de duas bicicletas,Com Ana Catarina Vieira e Ângelo Madureira,uma,nextW,proxima,qua,2,19h30,undefined,2023-09-27 00:00:00,2023-09-26 00:00:00,2023-10-04 00:00:00,,,0,noite
63000013200479,70,1,shows e espetáculos,4,Dança,63,Pompeia,capital,0,0,outros,,A beleza revela-se acessória,com Pol Pi,uma,nextW,proxima,qua,2,19h30,undefined,2023-09-27 00:00:00,2023-09-26 00:00:00,2023-09-27 00:00:00,,,0,noite
65000003471964,100,1,shows e espetáculos,4,Dança,65,Av. Paulista,capital,1,0,outros,Nas Alturas,Waacking Disco Club,Com: Waacking Time,uma,nextW,proxima,qua,2,20h,undefined,2023-09-27 00:00:00,2023-09-27 00:00:00,2023-09-27 00:00:00,,,0,noite
66000017285343,600,1,shows e espetáculos,4,Dança,66,Vila Mariana,capital,0,0,outros,,The Ecstatic [O Êxtase] (SUI/RSA),Bienal de Dança. Com Jeremy Nedd e Impilo Mapantsula,uma,nextW,proxima,qua,2,21h,undefined,2023-09-27 00:00:00,2023-09-27 00:00:00,2023-09-28 00:00:00,,,0,noite
86000004149389,234,1,shows e espetáculos,4,Dança,86,Araraquara,interior,0,0,outros,,18:22 - FIDA,Com Rhys Dennis (London - Inglaterra) - FIDA,uma,nextW,proxima,qua,2,20h50,undefined,2023-09-27 00:00:00,2023-09-27 00:00:00,2023-09-27 00:00:00,1,Audiodescrição,0,noite
86000004102579,234,1,shows e espetáculos,4,Dança,86,Araraquara,interior,0,0,outros,,Carta aberta aos corpos não defs - FIDA,"Com João Paulo Lima, artista-performer",uma,nextW,proxima,qua,2,20h,undefined,2023-09-27 00:00:00,2023-09-27 00:00:00,2023-09-27 00:00:00,1,Audiodescrição,0,noite
83000004041433,50,1,shows e espetáculos,6,Artes Visuais,83,Piracicaba,interior,1,0,outros,CRIA_experiências de invenção,Banho de Canto - Experiências de Invenção,,uma,nextW,proxima,qua,2,17h15,undefined,2023-09-27 00:00:00,2023-09-27 00:00:00,2023-10-25 00:00:00,,,0,tarde
63000013624688,50,1,shows e espetáculos,7,Literatura,63,Pompeia,capital,0,0,outros,Afriklube de Leitura,Afriklube de Leitura - lançamento e apresentação do livro: lírios no quintal,Com  Ailton Moreira e Leonel Mendes,uma,nextW,proxima,qua,2,19h30,undefined,2023-09-27 00:00:00,2023-09-27 00:00:00,2023-09-27 00:00:00,1,Tradução em Libras,0,noite
75000008050815,100,1,shows e espetáculos,7,Literatura,75,Campinas,interior,0,0,outros,,Novo [Na estante],com Rita Carelli,uma,nextW,proxima,qua,2,09h,undefined,2023-09-27 00:00:00,2023-09-21 00:00:00,2023-10-31 00:00:00,,,0,manhã
75000007953323,15,1,shows e espetáculos,7,Literatura,75,Campinas,interior,1,0,outros,,[NA ESTANTE] Rita Carelli,com Rita Carelli,uma,nextW,proxima,qua,2,09h,undefined,2023-09-27 00:00:00,2023-09-21 00:00:00,2023-10-31 00:00:00,,,0,manhã
83000003878570,60,1,shows e espetáculos,7,Literatura,83,Piracicaba,interior,1,0,outros,,AYA - Palavras que resistem e florescem,Com Sarau das Pretas,uma,nextW,proxima,qua,2,20h,undefined,2023-09-27 00:00:00,2023-09-27 00:00:00,2023-09-27 00:00:00,,,0,noite
62000007789757,20,2,cursos e oficinas,1,Música,62,Consolação,capital,0,0,crianças,Centro de Música,Canto para crianças e pré-adolescentes,Com Solange Assumpção,primeira,nextW,proxima,qua,2,18h,undefined,2023-09-27 00:00:00,2023-09-27 00:00:00,2023-11-29 00:00:00,,,0,noite
62000007789688,15,2,cursos e oficinas,1,Música,62,Consolação,capital,0,0,jovens,Centro de Música,Canto para jovens,Com Solange Assumpção,primeira,nextW,proxima,qua,2,16h15,undefined,2023-09-27 00:00:00,2023-09-27 00:00:00,2023-11-29 00:00:00,,,0,tarde
62000007789811,30,2,cursos e oficinas,1,Música,62,Consolação,capital,0,0,outros,Centro de Música,Canto - Continuidade,Com Solange Assumpção,primeira,nextW,proxima,qua,2,19h45,undefined,2023-09-27 00:00:00,2023-09-27 00:00:00,2023-11-29 00:00:00,,,0,noite
62000007799672,20,2,cursos e oficinas,1,Música,62,Consolação,capital,0,0,outros,Centro de Música,Trilha musical para audiovisual,Com Julia Teles,primeira,nextW,proxima,qua,2,16h30,undefined,2023-09-27 00:00:00,2023-09-27 00:00:00,2023-11-08 00:00:00,,,0,tarde
66000017469124,15,2,cursos e oficinas,1,Música,66,Vila Mariana,capital,0,0,outros,Centro de Música,Aspectos Técnicos do Violão na Música Brasileira [CM 2° SEMESTRE 2023] - SELEÇÃO,com Mayki Fabiani,primeira,nextW,proxima,qua,2,11h,undefined,2023-09-27 00:00:00,2023-09-27 00:00:00,2023-11-29 00:00:00,,,0,manhã
66000017383702,12,2,cursos e oficinas,1,Música,66,Vila Mariana,capital,0,0,outros,Centro de Música,Camerata de Cordas: Violino [CM 2° SEMESTRE 2023],com Valdir Maia,primeira,nextW,proxima,qua,2,19h,undefined,2023-09-27 00:00:00,2023-09-27 00:00:00,2023-11-29 00:00:00,,,0,noite
66000017469174,20,2,cursos e oficinas,1,Música,66,Vila Mariana,capital,0,0,outros,Centro de Música,Camerata de Cordas: Violino [CM 2° SEMESTRE 2023] - SELEÇÃO,com Valdir Maia,primeira,nextW,proxima,qua,2,19h,undefined,2023-09-27 00:00:00,2023-09-27 00:00:00,2023-11-29 00:00:00,,,0,noite
66000017382701,12,2,cursos e oficinas,1,Música,66,Vila Mariana,capital,0,0,outros,Centro de Música,Improvisação Vocal Colaborativa [CM 2° SEMESTRE - 2023],com Zuza Gonçalves,primeira,nextW,proxima,qua,2,20h,undefined,2023-09-27 00:00:00,2023-09-27 00:00:00,2023-11-29 00:00:00,,,0,noite
66000017468860,20,2,cursos e oficinas,1,Música,66,Vila Mariana,capital,0,0,outros,Centro de Música,Improvisação Vocal Colaborativa [CM 2° SEMESTRE - 2023] - SELEÇÃO,com Zuza Gonçalves,primeira,nextW,proxima,qua,2,20h,undefined,2023-09-27 00:00:00,2023-09-27 00:00:00,2023-11-29 00:00:00,,,0,noite
66000017382745,15,2,cursos e oficinas,1,Música,66,Vila Mariana,capital,0,0,outros,Centro de Música,Poesia Cantada - Turma A [CM 2° SEMESTRE - 2023],com Zuza Gonçalves,primeira,nextW,proxima,qua,2,18h,undefined,2023-09-27 00:00:00,2023-09-27 00:00:00,2023-10-04 00:00:00,,,0,noite
66000017468716,15,2,cursos e oficinas,1,Música,66,Vila Mariana,capital,0,0,outros,Centro de Música,Prática em Violão [CM 2° SEMESTRE 2023] - SELEÇÃO,com Mayki Fabiani,primeira,nextW,proxima,qua,2,09h45,undefined,2023-09-27 00:00:00,2023-09-27 00:00:00,2023-11-29 00:00:00,,,0,manhã
73000004722771,30,2,cursos e oficinas,1,Música,73,Guarulhos,capital,0,0,outros,Centro de Música,Canto Coral,com Anne Maryse Baldovino,primeira,nextW,proxima,qua,2,16h30,undefined,2023-09-27 00:00:00,2023-09-27 00:00:00,2023-11-08 00:00:00,,,0,tarde
73000004722701,16,2,cursos e oficinas,1,Música,73,Guarulhos,capital,0,0,outros,Centro de Música,Canto para iniciantes,com Anne Maryse Baldovino,primeira,nextW,proxima,qua,2,10h,undefined,2023-09-27 00:00:00,2023-09-27 00:00:00,2023-11-08 00:00:00,,,0,manhã
73000004722739,20,2,cursos e oficinas,1,Música,73,Guarulhos,capital,0,0,outros,Centro de Música,Continuidade em Canto,com Anne Maryse Baldovino,primeira,nextW,proxima,qua,2,14h,undefined,2023-09-27 00:00:00,2023-09-27 00:00:00,2023-11-08 00:00:00,,,0,tarde
76000004269253,50,2,cursos e oficinas,1,Música,76,Ribeirão Preto,interior,0,0,idosos,,Eu canto porque o instante existe,com Luara Pepita,de-ate,sempre,proxima,sempre,7,13h30,undefined,2023-09-27 00:00:00,2023-09-27 00:00:00,2023-10-25 00:00:00,,,0,tarde
81000004363019,25,2,cursos e oficinas,1,Música,81,Taubaté,interior,0,0,idosos,,"Memória Musical, ao som da Vitrola",com o DJ Jefferson Scratch,de-ate,sempre,proxima,sempre,7,14h,undefined,2023-09-27 00:00:00,2023-09-27 00:00:00,2023-09-27 00:00:00,,,0,tarde
83000003574958,20,2,cursos e oficinas,1,Música,83,Piracicaba,interior,0,0,outros,,Laboratório Musical - Juventudes,,de-ate,sempre,proxima,sempre,7,18h,undefined,2023-09-27 00:00:00,2023-09-27 00:00:00,2023-09-27 00:00:00,,,0,noite
62000007772216,30,2,cursos e oficinas,10,Saúde,62,Consolação,capital,0,0,outros,,Plantas medicinais e saberes populares  Corpo em seus chakras,"Percurso II - Com Romária Sampaio, da iniciativa Receitas da Vó",de-ate,sempre,proxima,sempre,7,19h,undefined,2023-09-27 00:00:00,2023-09-27 00:00:00,2023-09-27 00:00:00,,,0,noite
77000305571475,50,2,cursos e oficinas,10,Saúde,77,S. J. Campos,interior,0,0,outros,Mesa Brasil Sesc,Receitas na mesa,,de-ate,sempre,proxima,sempre,7,14h,undefined,2023-09-27 00:00:00,2023-09-27 00:00:00,2023-12-08 00:00:00,,,0,tarde
78000006280836,100,2,cursos e oficinas,10,Saúde,78,Santos,interior,0,0,outros,Mesa Brasil Sesc,Treinamento de Boas práticas - Mesa Brasil,Apenas para Instituições Sociais cadastradas,de-ate,sempre,proxima,sempre,7,15h,undefined,2023-09-27 00:00:00,2023-09-27 00:00:00,2023-09-28 00:00:00,,,0,tarde
88000005416795,30,2,cursos e oficinas,10,Saúde,88,Santo André,capital,0,0,outros,Mesa Brasil Sesc,Práticas para alimentação saudável e manipulação de alimentos,"Oficinas realizadas na Instituição Assistencial Mei Mei, em SBC, pela estagiáira acadêmica.",de-ate,sempre,proxima,sempre,7,09h,undefined,2023-09-27 00:00:00,2023-09-27 00:00:00,2023-09-27 00:00:00,,,0,manhã
93000005941399,40,2,cursos e oficinas,10,Saúde,93,Jundiaí,interior,0,0,outros,,Move Nas empresas,cm educadores do Sesc  e convidado Equipe Bonatus,uma,nextW,proxima,qua,2,14h,undefined,2023-09-27 00:00:00,2023-09-27 00:00:00,2023-09-29 00:00:00,,,0,tarde
93000005989805,30,2,cursos e oficinas,10,Saúde,93,Jundiaí,interior,0,0,outros,Semana Move,Bem Viver - Respirar para relaxar especial na Semana Move,com equipe da Bionatus,uma,nextW,proxima,qua,2,11h30,undefined,2023-09-27 00:00:00,2023-09-27 00:00:00,2023-09-27 00:00:00,,,0,manhã
93000005989805,30,2,cursos e oficinas,10,Saúde,93,Jundiaí,interior,0,0,outros,Semana Move,Bem Viver - Respirar para relaxar especial na Semana Move,com equipe da Bionatus,uma,nextW,proxima,qua,2,14h30,undefined,2023-09-27 00:00:00,2023-09-27 00:00:00,2023-09-27 00:00:00,,,0,tarde
93000005989805,30,2,cursos e oficinas,10,Saúde,93,Jundiaí,interior,0,0,outros,Semana Move,Bem Viver - Respirar para relaxar especial na Semana Move,com equipe da Bionatus,uma,nextW,proxima,qua,2,18h30,undefined,2023-09-27 00:00:00,2023-09-27 00:00:00,2023-09-27 00:00:00,,,0,noite
67000002823714,20,2,cursos e oficinas,11,Atividade Física,67,São Caetano,capital,0,0,outros,Semana Move,Move Empresa: aula especial de ALONGAMENTO na Micro Ambiental,Com educadores Sesc,uma,nextW,proxima,qua,2,09h,undefined,2023-09-27 00:00:00,2023-09-27 00:00:00,2023-09-27 00:00:00,,,0,manhã
67000002823714,20,2,cursos e oficinas,11,Atividade Física,67,São Caetano,capital,0,0,outros,Semana Move,Move Empresa: aula especial de ALONGAMENTO na Micro Ambiental,Com educadores Sesc,uma,nextW,proxima,qua,2,09h30,undefined,2023-09-27 00:00:00,2023-09-27 00:00:00,2023-09-27 00:00:00,,,0,manhã
67000002823714,20,2,cursos e oficinas,11,Atividade Física,67,São Caetano,capital,0,0,outros,Semana Move,Move Empresa: aula especial de ALONGAMENTO na Micro Ambiental,Com educadores Sesc,uma,nextW,proxima,qua,2,10h,undefined,2023-09-27 00:00:00,2023-09-27 00:00:00,2023-09-27 00:00:00,,,0,manhã
67000002823744,30,2,cursos e oficinas,11,Atividade Física,67,São Caetano,capital,0,0,outros,Semana Move,Move Empresa: aula especial de INICIAÇÃO À CORRIDA na Lumiar,Com educadores Sesc,uma,nextW,proxima,qua,2,17h30,undefined,2023-09-27 00:00:00,2023-09-27 00:00:00,2023-09-27 00:00:00,,,0,tarde
93000005908513,25,2,cursos e oficinas,14,Outros,93,Jundiaí,interior,0,0,outros,Comunidades Ativas,Comunidades Ativas,,primeira,nextW,proxima,qua,2,14h,undefined,2023-09-27 00:00:00,2023-09-27 00:00:00,2023-10-18 00:00:00,,,0,tarde
77000312090056,15,2,cursos e oficinas,3,Circo,77,S. J. Campos,interior,1,0,outros,,Em equilíbrio,Com Guilherme Lira,de-ate,sempre,proxima,sempre,7,20h,undefined,2023-09-27 00:00:00,2023-09-27 00:00:00,2023-10-11 00:00:00,,,0,noite
72000000557504,65,2,cursos e oficinas,4,Dança,72,Mogi Das Cruzes,capital,1,0,idosos,,Dança de salão para pessoas idosas,Com Angela Pauletti,primeira,nextW,proxima,qua,2,16h,undefined,2023-09-27 00:00:00,2023-09-27 00:00:00,2023-09-27 00:00:00,,,0,tarde
84000005300787,25,2,cursos e oficinas,4,Dança,84,Rio Preto,interior,0,0,outros,,Danças de matriz Afro- Brasileiras,"com  Cláudia Prestes, capoeirista, dançarina e arte-educadora",primeira,nextW,proxima,qua,2,19h30,undefined,2023-09-27 00:00:00,2023-09-27 00:00:00,2023-11-22 00:00:00,,,0,noite
91000002135658,60,2,cursos e oficinas,4,Dança,91,Campo Limpo,capital,1,0,outros,,Curso de Dança: Voguing,Com Juani,primeira,nextW,proxima,qua,2,18h30,undefined,2023-09-27 00:00:00,2023-09-27 00:00:00,2023-09-27 00:00:00,,,0,noite
95000002851393,50,2,cursos e oficinas,4,Dança,95,Osasco,capital,0,0,outros,,Vem Dançar: Samba Rock,Com Nícolas Dantas,de-ate,sempre,proxima,sempre,7,18h30,undefined,2023-09-27 00:00:00,2023-09-27 00:00:00,2023-09-27 00:00:00,,,0,noite
62000007422877,30,2,cursos e oficinas,5,Cinema,62,Consolação,capital,0,0,outros,Cineclube da Leitura,No trecho e na cena,Com Natasha Rodrigues e Paloma Franca Amorim,primeira,nextW,proxima,qua,2,19h,undefined,2023-09-27 00:00:00,2023-09-27 00:00:00,2023-11-29 00:00:00,,,0,noite
70000005579579,15,2,cursos e oficinas,5,Cinema,70,Santo Amaro,capital,0,0,outros,,Animação STOP MOTION com Ralph Friedericks,,primeira,nextW,proxima,qua,2,17h,undefined,2023-09-27 00:00:00,2023-09-27 00:00:00,2023-09-27 00:00:00,,,0,tarde
72000000567169,23,2,cursos e oficinas,5,Cinema,72,Mogi Das Cruzes,capital,0,0,outros,,Direção de Arte: da concepção à execução de um projeto de arte para vídeo,Com Liara Pinheiro,primeira,nextW,proxima,qua,2,19h,undefined,2023-09-27 00:00:00,2023-09-27 00:00:00,2023-09-27 00:00:00,,,0,noite
52000005404649,10,2,cursos e oficinas,6,Artes Visuais,52,24 De Maio,capital,0,0,outros,,Entalhe e pintura de animais em madeira,com Oficina Cigarra,primeira,nextW,proxima,qua,2,10h,undefined,2023-09-27 00:00:00,2023-09-27 00:00:00,2023-10-11 00:00:00,,,0,manhã
52000005406787,10,2,cursos e oficinas,6,Artes Visuais,52,24 De Maio,capital,0,0,outros,Vestimenta,Camisa descomplicada: corte e costura,Com Francielle Rocha,primeira,nextW,proxima,qua,2,10h,undefined,2023-09-27 00:00:00,2023-09-27 00:00:00,2023-11-01 00:00:00,,,0,manhã
52000005417929,10,2,cursos e oficinas,6,Artes Visuais,52,24 De Maio,capital,0,0,outros,Vestimenta,Tricô intermediário - tranças e brioche,com Cris Bertoluci,primeira,nextW,proxima,qua,2,15h,undefined,2023-09-27 00:00:00,2023-09-27 00:00:00,2023-11-01 00:00:00,,,0,tarde
52000005630872,15,2,cursos e oficinas,6,Artes Visuais,52,24 De Maio,capital,1,0,idosos,,Plantão de dúvidas sobre o celular,com Bruno Fiorelli,uma,nextW,proxima,qua,2,16h,undefined,2023-09-27 00:00:00,2023-09-27 00:00:00,2023-10-04 00:00:00,,,0,tarde
53000006247260,15,2,cursos e oficinas,6,Artes Visuais,53,Santana,capital,0,0,outros,,"Crochê: bolsas, sacolas e objetos de decoração",Com Thiago Rezende (Homem na Agulha),primeira,nextW,proxima,qua,2,19h30,undefined,2023-09-27 00:00:00,2023-09-27 00:00:00,2023-11-29 00:00:00,,,0,noite
53000006186628,20,2,cursos e oficinas,6,Artes Visuais,53,Santana,capital,0,0,outros,,Sapataria artesanal: confecção de sandálias com reaproveitamento de materiais,Com Atairu Sapatos Artesanais,primeira,nextW,proxima,qua,2,16h,undefined,2023-09-27 00:00:00,2023-09-27 00:00:00,2023-09-27 00:00:00,,,0,tarde
56000005033628,15,2,cursos e oficinas,6,Artes Visuais,56,Itaquera,capital,1,0,outros,,Introdução à Costura com Máquinas,com Educadores de Tecnologias e Artes,uma,nextW,proxima,qua,2,14h,undefined,2023-09-27 00:00:00,2023-09-27 00:00:00,2023-09-27 00:00:00,,,0,tarde
57000007328674,15,2,cursos e oficinas,6,Artes Visuais,57,Ipiranga,capital,0,0,outros,,[PRESENCIAL] Cerâmica regional Brasileira: um olhar sobre as produções regionais,Com Jean-Jacques Armand Vidal,primeira,nextW,proxima,qua,2,18h,undefined,2023-09-27 00:00:00,2023-09-27 00:00:00,2023-10-25 00:00:00,,,0,noite
57000007328347,15,2,cursos e oficinas,6,Artes Visuais,57,Ipiranga,capital,0,0,outros,,[PRESENCIAL] Iniciação à Cerâmica,Com Jean-Jacques Armand Vidal,primeira,nextW,proxima,qua,2,14h,undefined,2023-09-27 00:00:00,2023-09-27 00:00:00,2023-10-25 00:00:00,,,0,tarde
57000007077423,15,2,cursos e oficinas,6,Artes Visuais,57,Ipiranga,capital,0,0,outros,,Confeccionando um macacão de trabalho,com Leopoldo Ponce,primeira,nextW,proxima,qua,2,18h30,undefined,2023-09-27 00:00:00,2023-09-27 00:00:00,2023-11-01 00:00:00,,,0,noite
57000007167235,15,2,cursos e oficinas,6,Artes Visuais,57,Ipiranga,capital,0,0,outros,,Narrativas em dobras: livro-sanfonado,com Lúcia Ishikawa,primeira,nextW,proxima,qua,2,15h,undefined,2023-09-27 00:00:00,2023-09-27 00:00:00,2023-10-04 00:00:00,,,0,tarde
61000000854243,20,2,cursos e oficinas,6,Artes Visuais,61,Florêncio,capital,0,0,outros,,Arquivos instantâneos: práticas artísticas e de colecionismo em espaços digitais,"Com Nathalia Lavigne, curadora e critica de arte",primeira,nextW,proxima,qua,2,10h,undefined,2023-09-27 00:00:00,2023-09-27 00:00:00,2023-10-04 00:00:00,,,0,manhã
62000007111257,12,2,cursos e oficinas,6,Artes Visuais,62,Consolação,capital,0,0,outros,,Criação Musical com Instrumentos Virtuais,Com Maurício Perez,primeira,nextW,proxima,qua,2,19h,undefined,2023-09-27 00:00:00,2023-09-27 00:00:00,2023-10-18 00:00:00,,,0,noite
63000013329141,10,2,cursos e oficinas,6,Artes Visuais,63,Pompeia,capital,0,0,outros,CURSOS REGULARES PRESENCIAIS 2º SEM/2023,[Labcine] Direção de fotografia para iniciantes,com Sladká Meduza e convidadas/es/os,primeira,nextW,proxima,qua,2,19h,undefined,2023-09-27 00:00:00,2023-09-27 00:00:00,2023-11-29 00:00:00,,,0,noite
63000013380468,20,2,cursos e oficinas,6,Artes Visuais,63,Pompeia,capital,0,0,outros,CURSOS REGULARES PRESENCIAIS 2º SEM/2023,Caligrafia e lettering,com Filipe Grimaldi,primeira,nextW,proxima,qua,2,19h,undefined,2023-09-27 00:00:00,2023-09-27 00:00:00,2023-12-06 00:00:00,,,0,noite
63000013164511,15,2,cursos e oficinas,6,Artes Visuais,63,Pompeia,capital,0,0,outros,CURSOS REGULARES PRESENCIAIS 2º SEM/2023,Cerâmica - Intermediário,com Sheila Ortega,primeira,nextW,proxima,qua,2,14h30,undefined,2023-09-27 00:00:00,2023-09-27 00:00:00,2023-11-29 00:00:00,,,0,tarde
63000013164814,12,2,cursos e oficinas,6,Artes Visuais,63,Pompeia,capital,0,0,outros,CURSOS REGULARES PRESENCIAIS 2º SEM/2023,Corpos e composições com cerâmica fria - Intermediário,com Fabiano de Almeida,primeira,nextW,proxima,qua,2,10h30,undefined,2023-09-27 00:00:00,2023-09-27 00:00:00,2023-11-29 00:00:00,,,0,manhã
63000013184439,10,2,cursos e oficinas,6,Artes Visuais,63,Pompeia,capital,0,0,outros,CURSOS REGULARES PRESENCIAIS 2º SEM/2023,Costura Reimaginada em Bolsas e Sacolas - Intermediário,com Simone Guanabara,primeira,nextW,proxima,qua,2,10h30,undefined,2023-09-27 00:00:00,2023-09-27 00:00:00,2023-11-29 00:00:00,,,0,manhã
63000013330246,15,2,cursos e oficinas,6,Artes Visuais,63,Pompeia,capital,0,0,outros,CURSOS REGULARES PRESENCIAIS 2º SEM/2023,"Desenvolvimento de Projeto Fotográfico, do Analógico ao Digital",com Ed Viggiani,primeira,nextW,proxima,qua,2,10h30,undefined,2023-09-27 00:00:00,2023-09-27 00:00:00,2023-11-29 00:00:00,,,0,manhã
63000013329958,10,2,cursos e oficinas,6,Artes Visuais,63,Pompeia,capital,0,0,outros,CURSOS REGULARES PRESENCIAIS 2º SEM/2023,Design de Acessórios de Moda para Impressão 3D,com Alice Jardim,primeira,nextW,proxima,qua,2,14h30,undefined,2023-09-27 00:00:00,2023-09-27 00:00:00,2023-11-29 00:00:00,,,0,tarde
63000013207081,15,2,cursos e oficinas,6,Artes Visuais,63,Pompeia,capital,0,0,outros,CURSOS REGULARES PRESENCIAIS 2º SEM/2023,Gravura em Metal - desenvolvimento de projetos - Intermediário,Com Helena Freddi,primeira,nextW,proxima,qua,2,14h30,undefined,2023-09-27 00:00:00,2023-09-27 00:00:00,2023-11-29 00:00:00,,,0,tarde
63000013207406,15,2,cursos e oficinas,6,Artes Visuais,63,Pompeia,capital,0,0,outros,CURSOS REGULARES PRESENCIAIS 2º SEM/2023,Introdução à litografia,Com Adriana Moreno,primeira,nextW,proxima,qua,2,10h30,undefined,2023-09-27 00:00:00,2023-09-27 00:00:00,2023-11-29 00:00:00,,,0,manhã
63000013330293,11,2,cursos e oficinas,6,Artes Visuais,63,Pompeia,capital,0,0,outros,CURSOS REGULARES PRESENCIAIS 2º SEM/2023,Investigações no Processo Preto e Branco da Fotografia - Intermediário,com Edison Angeloni,primeira,nextW,proxima,qua,2,19h,undefined,2023-09-27 00:00:00,2023-09-27 00:00:00,2023-11-29 00:00:00,,,0,noite
63000013192840,10,2,cursos e oficinas,6,Artes Visuais,63,Pompeia,capital,0,0,outros,CURSOS REGULARES PRESENCIAIS 2º SEM/2023,Macramê básico,com Maria Gabrielle Oliveira,primeira,nextW,proxima,qua,2,14h30,undefined,2023-09-27 00:00:00,2023-09-27 00:00:00,2023-11-29 00:00:00,,,0,tarde
63000013208025,15,2,cursos e oficinas,6,Artes Visuais,63,Pompeia,capital,0,0,outros,CURSOS REGULARES PRESENCIAIS 2º SEM/2023,Modelagem com papel de cabeça e busto,Com Gigi Manfrinato,primeira,nextW,proxima,qua,2,19h,undefined,2023-09-27 00:00:00,2023-09-27 00:00:00,2023-11-29 00:00:00,,,0,noite
63000013178252,10,2,cursos e oficinas,6,Artes Visuais,63,Pompeia,capital,0,0,outros,CURSOS REGULARES PRESENCIAIS 2º SEM/2023,Objetos vestíveis: roupa tela - Intermediário,com Alexandre dos Anjos,primeira,nextW,proxima,qua,2,14h30,undefined,2023-09-27 00:00:00,2023-09-27 00:00:00,2023-11-29 00:00:00,,,0,tarde
63000013387734,20,2,cursos e oficinas,6,Artes Visuais,63,Pompeia,capital,0,0,outros,CURSOS REGULARES PRESENCIAIS 2º SEM/2023,Para Começar a Pintar com Acrílica - Introdução,com Renata Ribak,primeira,nextW,proxima,qua,2,10h30,undefined,2023-09-27 00:00:00,2023-09-27 00:00:00,2023-11-22 00:00:00,,,0,manhã
63000013380418,20,2,cursos e oficinas,6,Artes Visuais,63,Pompeia,capital,0,0,outros,CURSOS REGULARES PRESENCIAIS 2º SEM/2023,Pintura de letra popular,com Filipe Grimaldi,primeira,nextW,proxima,qua,2,14h30,undefined,2023-09-27 00:00:00,2023-09-27 00:00:00,2023-12-06 00:00:00,,,0,tarde
63000013207354,15,2,cursos e oficinas,6,Artes Visuais,63,Pompeia,capital,0,0,outros,CURSOS REGULARES PRESENCIAIS 2º SEM/2023,Práticas tipográficas: experimentos gráficos com tipos móveis,Com Sílvia Nastari,primeira,nextW,proxima,qua,2,19h,undefined,2023-09-27 00:00:00,2023-09-27 00:00:00,2023-11-29 00:00:00,,,0,noite
63000013192784,12,2,cursos e oficinas,6,Artes Visuais,63,Pompeia,capital,0,0,outros,CURSOS REGULARES PRESENCIAIS 2º SEM/2023,Processos criativos para o figurino,com Carolina Casarin,primeira,nextW,proxima,qua,2,19h,undefined,2023-09-27 00:00:00,2023-09-27 00:00:00,2023-11-29 00:00:00,,,0,noite
63000013192671,10,2,cursos e oficinas,6,Artes Visuais,63,Pompeia,capital,0,0,outros,CURSOS REGULARES PRESENCIAIS 2º SEM/2023,Renda de bilro - experimentações,com Gabriela Cherubini,primeira,nextW,proxima,qua,2,19h,undefined,2023-09-27 00:00:00,2023-09-27 00:00:00,2023-11-29 00:00:00,,,0,noite
63000013184682,15,2,cursos e oficinas,6,Artes Visuais,63,Pompeia,capital,0,0,outros,CURSOS REGULARES PRESENCIAIS 2º SEM/2023,"Tricô Intermediário - Top Down - Raglan, Pala Redonda e Contiguous",com Cris Bertoluci,primeira,nextW,proxima,qua,2,10h30,undefined,2023-09-27 00:00:00,2023-09-27 00:00:00,2023-11-29 00:00:00,,,0,manhã
64000004789725,10,2,cursos e oficinas,6,Artes Visuais,64,Carmo,capital,0,0,outros,,Impressões  Analógicas: Experimentações,com Luiza Zelada,primeira,nextW,proxima,qua,2,18h,undefined,2023-09-27 00:00:00,2023-09-27 00:00:00,2023-12-06 00:00:00,,,0,noite
65000003395683,10,2,cursos e oficinas,6,Artes Visuais,65,Av. Paulista,capital,1,0,outros,,Ateliê Aberto: Experimentações em Impressão 3D,"Com Alexandre Villares, Anita Cavaleiro e Maraiza Adami",de-ate,sempre,proxima,sempre,7,14h30,undefined,2023-09-27 00:00:00,2023-09-27 00:00:00,2023-12-13 00:00:00,,,0,tarde
65000003395624,10,2,cursos e oficinas,6,Artes Visuais,65,Av. Paulista,capital,1,0,outros,,Ateliê Aberto: Projeto Audiovisual para Arte Têxtil,Com Betina de Tella e Patrícia Campos,de-ate,sempre,proxima,sempre,7,10h30,undefined,2023-09-27 00:00:00,2023-09-27 00:00:00,2023-09-27 00:00:00,,,0,manhã
65000003482463,10,2,cursos e oficinas,6,Artes Visuais,65,Av. Paulista,capital,1,0,outros,,Ateliê Aberto: Tecnologias de Reciclagem de Plástico,Com Daniel Seda e Chico Simões,de-ate,sempre,proxima,sempre,7,19h30,undefined,2023-09-27 00:00:00,2023-09-27 00:00:00,2023-12-13 00:00:00,,,0,noite
66000017377056,15,2,cursos e oficinas,6,Artes Visuais,66,Vila Mariana,capital,0,0,outros,,Impressão 3D: criação de pingentes com modelagem,com Priscila Duarte Guerra,primeira,nextW,proxima,qua,2,19h,undefined,2023-09-27 00:00:00,2023-09-27 00:00:00,2023-10-04 00:00:00,,,0,noite
66000017071819,20,2,cursos e oficinas,6,Artes Visuais,66,Vila Mariana,capital,0,0,outros,,Letramento Digital: YouTube com afeto e consciência,com Coletivo Biscos,primeira,nextW,proxima,qua,2,15h,undefined,2023-09-27 00:00:00,2023-09-27 00:00:00,2023-10-11 00:00:00,,,0,tarde
67000002722407,15,2,cursos e oficinas,6,Artes Visuais,67,São Caetano,capital,0,0,outros,AteliETA,AteliETA: Descomplicando o patchwork em bolsas e sacolas,com Simone Guanabara,uma,nextW,proxima,qua,2,15h,undefined,2023-09-27 00:00:00,2023-09-27 00:00:00,2023-10-04 00:00:00,,,0,tarde
68000008499416,10,2,cursos e oficinas,6,Artes Visuais,68,Belenzinho,capital,0,0,outros,,Ateliê de escultura,Com Renato Almeida,primeira,nextW,proxima,qua,2,19h,undefined,2023-09-27 00:00:00,2023-09-27 00:00:00,2023-10-04 00:00:00,,,0,noite
68000008529797,12,2,cursos e oficinas,6,Artes Visuais,68,Belenzinho,capital,0,0,outros,,Curso de Encadernação, Amália Barrio,primeira,nextW,proxima,qua,2,19h,undefined,2023-09-27 00:00:00,2023-09-27 00:00:00,2023-10-04 00:00:00,,,0,noite
68000008706851,20,2,cursos e oficinas,6,Artes Visuais,68,Belenzinho,capital,0,0,outros,,Oficina de Caligrafia Árabe,Rafat Alnajar e Ponto Zero Refúgio,primeira,nextW,proxima,qua,2,14h,undefined,2023-09-27 00:00:00,2023-09-27 00:00:00,2023-11-08 00:00:00,,,0,tarde
68000008769966,12,2,cursos e oficinas,6,Artes Visuais,68,Belenzinho,capital,0,0,outros,Design.Lab,Design de Máscaras Low Poly a partir do Computador,"com Francisco Arlindo Alves, educador de Tecnologias e Artes",primeira,nextW,proxima,qua,2,10h,undefined,2023-09-27 00:00:00,2023-09-22 00:00:00,2023-10-06 00:00:00,,,0,manhã
68000008770981,10,2,cursos e oficinas,6,Artes Visuais,68,Belenzinho,capital,0,0,outros,Design.Lab,Estampa Africana - Adire: Símbolos e Narrativas,com Priscila Tâmara,primeira,nextW,proxima,qua,2,19h,undefined,2023-09-27 00:00:00,2023-09-27 00:00:00,2023-10-05 00:00:00,,,0,noite
68000008649363,10,2,cursos e oficinas,6,Artes Visuais,68,Belenzinho,capital,1,0,outros,,Estampando ecobags com a arte de Rubem Valentim,Jacqueline Paz,de-ate,sempre,proxima,sempre,7,14h,undefined,2023-09-27 00:00:00,2023-09-27 00:00:00,2023-10-01 00:00:00,,,0,tarde
70000005378833,15,2,cursos e oficinas,6,Artes Visuais,70,Santo Amaro,capital,0,0,crianças,,Compartilhe e edite  suas fotos,,primeira,nextW,proxima,qua,2,09h30,undefined,2023-09-27 00:00:00,2023-09-27 00:00:00,2023-12-13 00:00:00,,,0,manhã
76000004436828,15,2,cursos e oficinas,6,Artes Visuais,76,Ribeirão Preto,interior,1,0,outros,,Restauração de capas de vinil,Com Jennifer Amanda,primeira,nextW,proxima,qua,2,18h30,undefined,2023-09-27 00:00:00,2023-09-27 00:00:00,2023-09-29 00:00:00,,,0,noite
78000006653094,12,2,cursos e oficinas,6,Artes Visuais,78,Santos,interior,0,0,outros,,Elétrica para todas as pessoas,Com Antonio Celso Educador do Espaço de Tecnologias e Artes,primeira,nextW,proxima,qua,2,19h,undefined,2023-09-27 00:00:00,2023-09-27 00:00:00,2023-09-27 00:00:00,,,0,noite
78000006653155,15,2,cursos e oficinas,6,Artes Visuais,78,Santos,interior,0,0,outros,,Oficina Arte Pintura em Tecido,Com Fixxa,uma,nextW,proxima,qua,2,14h,undefined,2023-09-27 00:00:00,2023-09-27 00:00:00,2023-09-27 00:00:00,,,0,tarde
80000005020338,15,2,cursos e oficinas,6,Artes Visuais,80,Bauru,interior,1,0,outros,,"Caderno de artista: explorando materiais, técnicas e poéticas","Com Bruno Müller, educador de tecnologias e artes do Sesc.",primeira,nextW,proxima,qua,2,14h,undefined,2023-09-27 00:00:00,2023-09-27 00:00:00,2023-10-25 00:00:00,,,0,tarde
83000004053988,30,2,cursos e oficinas,6,Artes Visuais,83,Piracicaba,interior,0,0,outros,,(PRESENCIAL) Muito além dos slides,"com Maurício Pinheiro, educador de Tecnologias e Artes",uma,nextW,proxima,qua,2,19h30,undefined,2023-09-27 00:00:00,2023-09-27 00:00:00,2023-09-27 00:00:00,,,0,noite
84000005436521,15,2,cursos e oficinas,6,Artes Visuais,84,Rio Preto,interior,0,0,outros,,Curso básico de edição de vídeo,com Fernanda Barban e Zé Tomaz,primeira,nextW,proxima,qua,2,19h,undefined,2023-09-27 00:00:00,2023-09-27 00:00:00,2023-10-25 00:00:00,,,0,noite
84000005396805,20,2,cursos e oficinas,6,Artes Visuais,84,Rio Preto,interior,1,0,outros,,Letramento Digital - Segurança nas Redes Sociais,Com educadores do Espaço de Tecnologias e Artes,uma,nextW,proxima,qua,2,15h,undefined,2023-09-27 00:00:00,2023-09-27 00:00:00,2023-09-27 00:00:00,,,0,tarde
93000005849742,15,2,cursos e oficinas,6,Artes Visuais,93,Jundiaí,interior,1,0,outros,,Lanterna de papel,"Com Alline Lola, educadora em Tecnologias e Artes.",uma,nextW,proxima,qua,2,14h30,undefined,2023-09-27 00:00:00,2023-09-27 00:00:00,2023-10-04 00:00:00,,,0,tarde
94000006184818,15,2,cursos e oficinas,6,Artes Visuais,94,Bom Retiro,capital,0,0,outros,Cursos Regulares 2º Semestre 2023,Costura Criativa,com Teka,primeira,nextW,proxima,qua,2,19h,undefined,2023-09-27 00:00:00,2023-09-27 00:00:00,2023-10-25 00:00:00,,,0,noite
94000006184440,15,2,cursos e oficinas,6,Artes Visuais,94,Bom Retiro,capital,0,0,outros,Cursos Regulares 2º Semestre 2023,Design de brinquedos e fabricação digital,com Leonardo França e Tiago Schutzer,primeira,nextW,proxima,qua,2,09h,undefined,2023-09-27 00:00:00,2023-09-27 00:00:00,2023-10-25 00:00:00,,,0,manhã
94000006184702,15,2,cursos e oficinas,6,Artes Visuais,94,Bom Retiro,capital,0,0,outros,Cursos Regulares 2º Semestre 2023,Encadernação Manual: costuras aparentes/expostas,com Joyce Melguiso,primeira,nextW,proxima,qua,2,14h,undefined,2023-09-27 00:00:00,2023-09-27 00:00:00,2023-10-25 00:00:00,,,0,tarde
95000002802078,10,2,cursos e oficinas,6,Artes Visuais,95,Osasco,capital,0,0,outros,,Costura de A a Z,com o Coletivo Nós da Costura,primeira,nextW,proxima,qua,2,15h,undefined,2023-09-27 00:00:00,2023-09-27 00:00:00,2023-09-27 00:00:00,,,0,tarde
95000002802132,10,2,cursos e oficinas,6,Artes Visuais,95,Osasco,capital,1,0,outros,,Ateliê Aberto de Costura,com coletivo Nós da costura,de-ate,sempre,proxima,sempre,7,13h30,undefined,2023-09-27 00:00:00,2023-09-27 00:00:00,2023-09-27 00:00:00,,,0,tarde
96000315461288,12,2,cursos e oficinas,6,Artes Visuais,96,Sorocaba,interior,0,0,outros,,Bordado com Led,"Com Célia Harumi, educadora de tecnologias e artes",uma,nextW,proxima,qua,2,15h,undefined,2023-09-27 00:00:00,2023-09-27 00:00:00,2023-09-27 00:00:00,,,0,tarde
96000316894254,15,2,cursos e oficinas,6,Artes Visuais,96,Sorocaba,interior,0,0,outros,Cursos Livres,Laboratório de Documentário Audiovisual: Poéticas da Cidade,"Com Célia Harumi, educadora de tecnologias e artes no Sesc Sorocaba e Bruno Lottelli, cineasta e educador",primeira,nextW,proxima,qua,2,19h,undefined,2023-09-27 00:00:00,2023-09-27 00:00:00,2023-11-01 00:00:00,,,0,noite
53000006186589,20,2,cursos e oficinas,7,Literatura,53,Santana,capital,0,0,outros,,Escrita biográfica e autobiográfica,com Rodrigo Casarin,primeira,nextW,proxima,qua,2,10h,undefined,2023-09-27 00:00:00,2023-09-27 00:00:00,2023-10-25 00:00:00,,,0,manhã
65000003482692,20,2,cursos e oficinas,7,Literatura,65,Av. Paulista,capital,0,0,outros,,"Lendo mulheres, escrevendo com elas",com Lilian Sais,primeira,nextW,proxima,qua,2,19h,undefined,2023-09-27 00:00:00,2023-09-22 00:00:00,2023-09-29 00:00:00,,,0,noite
77000313007690,20,2,cursos e oficinas,7,Literatura,77,S. J. Campos,interior,0,0,outros,,As possibilidades criativas do diário,Ingrid Fagundez,de-ate,sempre,proxima,sempre,7,19h,undefined,2023-09-27 00:00:00,2023-09-27 00:00:00,2023-10-04 00:00:00,,,0,noite
58000006756105,30,2,cursos e oficinas,8,Educação,58,Pinheiros,capital,1,0,jovens,Juventudes,Passinho e Vogue,Com Jô Gomes e Jessy Velvet,primeira,nextW,proxima,qua,2,17h,undefined,2023-09-27 00:00:00,2023-09-27 00:00:00,2023-10-25 00:00:00,,,0,tarde
63000013554879,20,2,cursos e oficinas,8,Educação,63,Pompeia,capital,0,0,outros,Tecendo Autonomias,Aprimoramento de produtos,com Design Possível,primeira,nextW,proxima,qua,2,19h,undefined,2023-09-27 00:00:00,2023-09-27 00:00:00,2023-11-29 00:00:00,,,0,noite
65000003493461,30,2,cursos e oficinas,8,Educação,65,Av. Paulista,capital,0,0,outros,"Povos Brasileiros: Gastronomia, Moda e Literatura",História da Moda Decolonial,"Maria Nilda Santos, Brunno Almeida Maia, Hanayrá Negreiros e Dayana Molina",primeira,nextW,proxima,qua,2,19h,undefined,2023-09-27 00:00:00,2023-09-27 00:00:00,2023-10-11 00:00:00,,,0,noite
68000009165785,30,2,cursos e oficinas,8,Educação,68,Belenzinho,capital,1,0,jovens,Juventudes,Qualé Outras Vias [noite],,primeira,nextW,proxima,qua,2,19h,undefined,2023-09-27 00:00:00,2023-09-27 00:00:00,2023-11-29 00:00:00,,,0,noite
70000005549622,50,2,cursos e oficinas,8,Educação,70,Santo Amaro,capital,0,0,jovens,Juventudes,Juventudes - Turma B 2023,Turmas quartas e sextas,primeira,nextW,proxima,qua,2,15h,undefined,2023-09-27 00:00:00,2023-09-22 00:00:00,2023-12-01 00:00:00,,,0,tarde
71000004359684,20,2,cursos e oficinas,8,Educação,71,Bertioga,interior,0,0,jovens,,DJ Turntablism,Com Erick Jay e DJ RM,primeira,nextW,proxima,qua,2,19h,undefined,2023-09-27 00:00:00,2023-09-27 00:00:00,2023-11-01 00:00:00,,,0,noite
78000006479978,20,2,cursos e oficinas,8,Educação,78,Santos,interior,0,0,crianças,Curumim,Curumim - Atividades por inscrição (20 a 40 vagas),,primeira,nextW,proxima,qua,2,15h,undefined,2023-09-27 00:00:00,2023-09-21 00:00:00,2023-12-01 00:00:00,,,0,tarde
78000006570698,10,2,cursos e oficinas,8,Educação,78,Santos,interior,0,0,jovens,Juventudes,Clube do HQ para jovens.,,primeira,nextW,proxima,qua,2,13h30,undefined,2023-09-27 00:00:00,2023-09-27 00:00:00,2023-11-29 00:00:00,,,0,tarde
79000003096410,20,2,cursos e oficinas,8,Educação,79,Catanduva,interior,1,0,outros,,Crochê a Lá Vontê,Com Eulete Alvino,de-ate,sempre,proxima,sempre,7,16h,undefined,2023-09-27 00:00:00,2023-09-27 00:00:00,2023-09-27 00:00:00,,,0,tarde
82000005002545,12,2,cursos e oficinas,8,Educação,82,São Carlos,interior,0,0,outros,,Arduíno: Primeiros passos,Com Educador do Espaço de Tecnologias e Artes,uma,nextW,proxima,qua,2,18h30,undefined,2023-09-27 00:00:00,2023-09-27 00:00:00,2023-09-27 00:00:00,,,0,noite
85000003106104,80,2,cursos e oficinas,8,Educação,85,Birigui,interior,0,0,outros,,Alinhavando Redes Culturais,,de-ate,sempre,proxima,sempre,7,08h30,undefined,2023-09-27 00:00:00,2023-09-27 00:00:00,2023-12-13 00:00:00,,,0,manhã
86000003997916,10,2,cursos e oficinas,8,Educação,86,Araraquara,interior,1,0,outros,,Orinuno: carteira de dobradura em tecido,"Com Natalia Corbi, artesã",primeira,nextW,proxima,qua,2,19h,undefined,2023-09-27 00:00:00,2023-09-27 00:00:00,2023-09-29 00:00:00,,,0,noite
87000002922530,50,2,cursos e oficinas,8,Educação,87,Prudente,interior,0,0,crianças,,Atividades Cidadescola,Secretaria de Educação - Município de Presidente Prudente,de-ate,sempre,proxima,sempre,7,12h30,undefined,2023-09-27 00:00:00,2023-09-27 00:00:00,2023-12-13 00:00:00,,,0,tarde
89000001272157,50,2,cursos e oficinas,8,Educação,89,CPF,capital,0,0,outros,Cursos e Palestras,Etnografias urbanas: quando o campo é a cidade,"Com José Guilherme Cantor Magnani, Enrico Spaggiari, Mariana Hangai Vaz Guimarães Nogueira, Rodrigo Valentim Chiquetto e Yuri Bassichetto Tambucci",primeira,nextW,proxima,qua,2,14h30,undefined,2023-09-27 00:00:00,2023-09-27 00:00:00,2023-10-18 00:00:00,,,0,tarde
89000001068870,30,2,cursos e oficinas,8,Educação,89,CPF,capital,0,0,outros,Cursos e Palestras,Grupo de Estudos: Fotografia e Experiência,Com Inês Bonduki,primeira,nextW,proxima,qua,2,19h,undefined,2023-09-27 00:00:00,2023-09-27 00:00:00,2023-11-29 00:00:00,,,0,noite
89000001241765,30,2,cursos e oficinas,8,Educação,89,CPF,capital,0,0,outros,Cursos e Palestras,Laboratório Poético de Pesquisa em Artes,"com Tatiana Schunck, doutora em Artes da Cena pela UNICAMP, coordenadora pedagógica da pós graduação Especialização em Gestão Cultural Contemporânea da Escola Itaú Cultural, professora na graduação no Instituto Singularidades.",primeira,nextW,proxima,qua,2,15h,undefined,2023-09-27 00:00:00,2023-09-27 00:00:00,2023-11-01 00:00:00,,,0,tarde
89000001073815,30,2,cursos e oficinas,8,Educação,89,CPF,capital,0,0,outros,Cursos e Palestras,Nada mais moderno do que a arte contemporânea,Com Amilcar Packer,primeira,nextW,proxima,qua,2,10h,undefined,2023-09-27 00:00:00,2023-09-27 00:00:00,2023-10-04 00:00:00,,,0,manhã
89000001111661,25,2,cursos e oficinas,8,Educação,89,CPF,capital,0,0,outros,Cursos e Palestras,Pesquisas biográficas e autobiográficas,"Adriana Friedmann, André Gravatá, Calima Jabur, Elizabete Flory, Gabriel Levy, Lia Mattos, Luciana Betti, Luiza Christov e Sirlene Giannotti",primeira,nextW,proxima,qua,2,10h,undefined,2023-09-27 00:00:00,2023-09-27 00:00:00,2023-10-04 00:00:00,,,0,manhã
89000001235647,50,2,cursos e oficinas,8,Educação,89,CPF,capital,0,0,outros,Gestão do Esporte,Curso Sesc de Gestão do Esporte 2023/2024,Filosofia do esporte - Odilon e Luciana Itapema,primeira,nextW,proxima,qua,2,19h,undefined,2023-09-27 00:00:00,2023-09-27 00:00:00,2023-09-27 00:00:00,,,0,noite
72000000596108,30,2,cursos e oficinas,9,Meio Ambiente,72,Mogi Das Cruzes,capital,0,0,outros,,Recursos Hídricos e Sustentabilidade,Com Instituto Caminhos da Mata,primeira,nextW,proxima,qua,2,19h,undefined,2023-09-27 00:00:00,2023-09-27 00:00:00,2023-09-27 00:00:00,,,0,noite
78000006773550,30,2,cursos e oficinas,9,Meio Ambiente,78,Santos,interior,1,0,outros,Florestar: Áreas Verdes Educadoras - Ações regulares,Cuidados na Horta Aromática,com a agente de Educação Ambiental,uma,nextW,proxima,qua,2,16h30,undefined,2023-09-27 00:00:00,2023-09-27 00:00:00,2023-09-27 00:00:00,,,0,tarde
83000003987607,25,2,cursos e oficinas,9,Meio Ambiente,83,Piracicaba,interior,0,0,outros,,Clube da Horta setembro,,de-ate,sempre,proxima,sempre,7,16h,undefined,2023-09-27 00:00:00,2023-09-27 00:00:00,2023-09-27 00:00:00,,,0,tarde
96000319390229,120,2,cursos e oficinas,9,Meio Ambiente,96,Sorocaba,interior,1,0,outros,Florestar: Áreas Verdes Educadoras - Ações regulares,Crise Climática para Educadores,Com Luciano Fronttele da Plant-For-The-Planet Brasil e convidados,primeira,nextW,proxima,qua,2,19h,undefined,2023-09-27 00:00:00,2023-09-27 00:00:00,2023-11-22 00:00:00,,,0,noite
96000316993595,25,2,cursos e oficinas,9,Meio Ambiente,96,Sorocaba,interior,1,0,outros,Oficinas Ecopráticas,Cultivo de ervas aromáticas,"Com Marcos Bravin dos Santos, agente de educação ambiental do Sesc Sorocaba",uma,nextW,proxima,qua,2,19h,undefined,2023-09-27 00:00:00,2023-09-27 00:00:00,2023-09-27 00:00:00,,,0,noite
80000005187849,70,3,debates e paletras,10,Saúde,80,Bauru,interior,0,0,jovens,Sorriso é Coisa Séria,Sorriso é coisa séria,Com equipe de Saúde Bucal do Sesc Bauru,uma,nextW,proxima,qua,2,09h,undefined,2023-09-27 00:00:00,2023-09-27 00:00:00,2023-11-29 00:00:00,,,0,manhã
80000005187849,70,3,debates e paletras,10,Saúde,80,Bauru,interior,0,0,jovens,Sorriso é Coisa Séria,Sorriso é coisa séria,Com equipe de Saúde Bucal do Sesc Bauru,uma,nextW,proxima,qua,2,14h,undefined,2023-09-27 00:00:00,2023-09-27 00:00:00,2023-11-29 00:00:00,,,0,tarde
62000007886157,40,3,debates e paletras,11,Atividade Física,62,Consolação,capital,1,0,outros,Semana Move,MOVE ACADEMIA Atividade física e idadismo,com Alessandra Nascimento,uma,nextW,proxima,qua,2,10h,undefined,2023-09-27 00:00:00,2023-09-27 00:00:00,2023-09-29 00:00:00,,,0,manhã
72000000572979,150,3,debates e paletras,11,Atividade Física,72,Mogi Das Cruzes,capital,0,0,outros,Semana Move,Ciclo de debates: As barreiras e os acessos para a prática de atividade física,sob a ótica dos marcadores sociais (módulo 2),uma,nextW,proxima,qua,2,19h30,undefined,2023-09-27 00:00:00,2023-09-27 00:00:00,2023-09-27 00:00:00,1,Tradução em Libras,0,noite
80000005187155,60,3,debates e paletras,11,Atividade Física,80,Bauru,interior,1,0,outros,Semana Move,Move Esporte  Camp de Corrida - Corrida onde? Corrida para quem?,"Com Luciana Nardelli, educadora em atividades físico-esportivas do Sesc Pinheiros.",uma,nextW,proxima,qua,2,19h,undefined,2023-09-27 00:00:00,2023-09-27 00:00:00,2023-09-27 00:00:00,,,0,noite
88000005130584,300,3,debates e paletras,11,Atividade Física,88,Santo André,capital,0,0,outros,Simpósio de Esporte e Lazer do Grande ABC,A Lei Geral do Esporte e a estruturação da Rede Nacional de Desenvolvimento,com Juliana Picoli Agatte e José Luiz Ferrarezi,uma,nextW,proxima,qua,2,19h,undefined,2023-09-27 00:00:00,2023-09-27 00:00:00,2023-09-27 00:00:00,1,Tradução em Libras,0,noite
92000001533171,35,3,debates e paletras,14,Outros,92,Registro,interior,0,0,idosos,Trabalho Social com Idosos - TSI,Conexão 60+,Com técnico de referência do TSI,uma,nextW,proxima,qua,2,15h30,undefined,2023-09-27 00:00:00,2023-09-27 00:00:00,2023-12-27 00:00:00,,,0,tarde
73000004471200,30,3,debates e paletras,7,Literatura,73,Guarulhos,capital,0,0,outros,,Arte da Palavra,Circuito de Autores: Jéssica Balbino (MG) e Odailta Alves (PE),uma,nextW,proxima,qua,2,19h,undefined,2023-09-27 00:00:00,2023-09-27 00:00:00,2023-09-27 00:00:00,,,0,noite
86000004168336,60,3,debates e paletras,7,Literatura,86,Araraquara,interior,1,0,outros,Conversas literárias,Quartas Literárias,Com Rodolfo Sotratti e Teroca,uma,nextW,proxima,qua,2,20h,undefined,2023-09-27 00:00:00,2023-09-27 00:00:00,2023-09-27 00:00:00,,,0,noite
58000006737363,30,3,debates e paletras,8,Educação,58,Pinheiros,capital,0,0,outros,,Roteiro cultural acessível da Grande São Paulo.,Com Marina Arantes,uma,nextW,proxima,qua,2,10h,undefined,2023-09-27 00:00:00,2023-09-27 00:00:00,2023-09-27 00:00:00,,,0,manhã
62000007823571,35,3,debates e paletras,8,Educação,62,Consolação,capital,0,0,outros,,Programa de Preparação para a Aposentadoria,Com Gerência de Desenvolvimento de Pessoas,uma,nextW,proxima,qua,2,10h,undefined,2023-09-27 00:00:00,2023-09-26 00:00:00,2023-09-29 00:00:00,,,0,manhã
80000005223078,40,3,debates e paletras,8,Educação,80,Bauru,interior,0,0,outros,,SIPAT: Inteligência Emocional,com a Psicóloga Dra. Mayra Grava,uma,nextW,proxima,qua,2,14h,undefined,2023-09-27 00:00:00,2023-09-27 00:00:00,2023-09-27 00:00:00,,,0,tarde
80000005223078,40,3,debates e paletras,8,Educação,80,Bauru,interior,0,0,outros,,SIPAT: Inteligência Emocional,com a Psicóloga Dra. Mayra Grava,uma,nextW,proxima,qua,2,16h30,undefined,2023-09-27 00:00:00,2023-09-27 00:00:00,2023-09-27 00:00:00,,,0,tarde
83000003919433,60,3,debates e paletras,8,Educação,83,Piracicaba,interior,0,0,idosos,TSI Sociedade e Cidania,"Envelhecimento, cognição e demências",,uma,nextW,proxima,qua,2,14h,undefined,2023-09-27 00:00:00,2023-09-27 00:00:00,2023-09-27 00:00:00,,,0,tarde
89000001350998,40,3,debates e paletras,8,Educação,89,CPF,capital,0,0,outros,Experiências Estéticas,"A Esmola Cantada, a Reza e o Caruru no Samba da Bahia",Festas da cultura popular brasileira,uma,nextW,proxima,qua,2,19h,undefined,2023-09-27 00:00:00,2023-09-27 00:00:00,2023-09-27 00:00:00,,,0,noite
94000006087606,30,3,debates e paletras,8,Educação,94,Bom Retiro,capital,0,0,outros,Semana Move,Placemaking para Lideranças Comunitárias,Com Paola Caiuby,uma,nextW,proxima,qua,2,18h30,undefined,2023-09-27 00:00:00,2023-09-26 00:00:00,2023-09-28 00:00:00,,,0,noite
58000006768163,1000,4,exposições,6,Artes Visuais,58,Pinheiros,capital,0,0,outros,Retratistas da Morro,Formação de Professores e parceria com CEU Vila Atlântica,com educativo da exposição Retratistas do Morro,de-ate,sempre,proxima,sempre,7,10h,undefined,2023-09-27 00:00:00,2023-09-21 00:00:00,2023-10-04 00:00:00,,,0,manhã
77000309649362,1000,4,exposições,6,Artes Visuais,77,S. J. Campos,interior,0,0,outros,Viver até o fim o que me cabe! - Sidney Amaral: uma aproximação,Viver até o fim o que me cabe! - Sidney Amaral: uma aproximação,Curadoria Claudinei Roberto da Silva,de-ate,sempre,proxima,sempre,7,08h,undefined,2023-09-27 00:00:00,2023-09-27 00:00:00,2024-02-04 00:00:00,,,0,manhã
56000005089389,200,4,exposições,7,Literatura,56,Itaquera,capital,1,0,outros,,Ilustríssima Ilustradora - Elisa Carareto - A Avó Amarela - CCA Santa Marcelina,"Rua:  Rio do Oeste, 110 - Vila Carmosina - São Paulo/SP",de-ate,sempre,proxima,sempre,7,10h,undefined,2023-09-27 00:00:00,2023-09-27 00:00:00,2023-11-22 00:00:00,,,0,manhã
55000004429648,30,4,exposições,9,Meio Ambiente,55,Interlagos,capital,0,0,outros,Projeto Viva o Verde,Viveirista Mirim,,de-ate,sempre,proxima,sempre,7,10h,undefined,2023-09-27 00:00:00,2023-09-27 00:00:00,2023-11-30 00:00:00,,,0,manhã
59000000722045,279,5,filmes,5,Cinema,59,Cinesesc,capital,0,0,outros,,ESTRANHA FORMA DE VIDA + ENTREVISTA ALMODÓVAR,"Pedro Almodóvar, Espanha/França, 2023, 86', ficção",uma,nextW,proxima,qua,2,15h30,undefined,2023-09-27 00:00:00,2023-09-21 00:00:00,2023-09-27 00:00:00,1,Audiodescrição  Tradução em Libras  Closed Caption,0,tarde
59000000718048,279,5,filmes,5,Cinema,59,Cinesesc,capital,1,0,outros,,MIRADAS COMPARTILHADAS - CINEMAS INDÍGENAS RECENTES,MÃRI HI - A ÁRVORE DO SONHO  TERRITÓRIO PEQUI  MBORARAPÉ  YÃMÎ YAH-PÁ - FIM DA NOITE,uma,nextW,proxima,qua,2,20h30,undefined,2023-09-27 00:00:00,2023-09-27 00:00:00,2023-09-27 00:00:00,,,0,noite
84000005368282,236,5,filmes,5,Cinema,84,Rio Preto,interior,1,0,outros,Do Amor e Suas Variações,A porta ao Lado,"Dir: Julia Rezende. Brasil, 2023, 112 min.",uma,nextW,proxima,qua,2,19h,undefined,2023-09-27 00:00:00,2023-09-27 00:00:00,2023-09-27 00:00:00,,,0,noite
52000005476441,500,6,atividade física,11,Atividade Física,52,24 De Maio,capital,0,0,crianças,Semana Move,Bucketball,Semana MOVE,uma,nextW,proxima,qua,2,09h,undefined,2023-09-27 00:00:00,2023-09-26 00:00:00,2023-09-27 00:00:00,,,0,manhã
52000005476441,500,6,atividade física,11,Atividade Física,52,24 De Maio,capital,0,0,crianças,Semana Move,Bucketball,Semana MOVE,uma,nextW,proxima,qua,2,14h,undefined,2023-09-27 00:00:00,2023-09-26 00:00:00,2023-09-27 00:00:00,,,0,tarde
52000005232583,25,6,atividade física,11,Atividade Física,52,24 De Maio,capital,0,0,jovens,,Esporte Jovem - Tênis de Mesa,Com educadores do Sesc,de-ate,sempre,proxima,sempre,7,17h30,undefined,2023-09-27 00:00:00,2023-09-22 00:00:00,2023-12-29 00:00:00,,,0,tarde
52000005614551,30,6,atividade física,11,Atividade Física,52,24 De Maio,capital,0,0,outros,,Ginástica para Todos,Quarta 18h30  Sexta 18h30 - Acima de 12 anos,de-ate,sempre,proxima,sempre,7,18h30,undefined,2023-09-27 00:00:00,2023-09-22 00:00:00,2023-12-29 00:00:00,,,0,noite
52000005538479,150,6,atividade física,11,Atividade Física,52,24 De Maio,capital,0,0,outros,Corpo Consciente,Corpo Consciente Especial: Garuda,Com James D`Silva (criador do método) e equipe,uma,nextW,proxima,qua,2,18h30,undefined,2023-09-27 00:00:00,2023-09-27 00:00:00,2023-09-28 00:00:00,,,0,noite
52000005476497,30,6,atividade física,11,Atividade Física,52,24 De Maio,capital,0,0,outros,Semana Move,Crossminton,Semana MOVE,uma,nextW,proxima,qua,2,18h30,undefined,2023-09-27 00:00:00,2023-09-27 00:00:00,2023-09-29 00:00:00,,,0,noite
52000005232412,25,6,atividade física,11,Atividade Física,52,24 De Maio,capital,1,0,outros,,Esporte Adulto - Tênis de Mesa,Com educadores do Sesc,de-ate,sempre,proxima,sempre,7,19h,undefined,2023-09-27 00:00:00,2023-09-22 00:00:00,2023-12-29 00:00:00,,,0,noite
53000005849215,450,6,atividade física,11,Atividade Física,53,Santana,capital,0,0,outros,Semana Move,Circuito de Condicionamento Físico Aquático,Com educadores físico-esportivo,uma,nextW,proxima,qua,2,07h30,undefined,2023-09-27 00:00:00,2023-09-26 00:00:00,2023-09-29 00:00:00,,,0,manhã
55000004664688,60,6,atividade física,11,Atividade Física,55,Interlagos,capital,0,0,outros,Semana Move,Capoeira para iniciantes,,uma,nextW,proxima,qua,2,09h30,undefined,2023-09-27 00:00:00,2023-09-27 00:00:00,2023-09-27 00:00:00,,,0,manhã
55000004665021,100,6,atividade física,11,Atividade Física,55,Interlagos,capital,0,0,outros,Semana Move,Vivência de Chi Kung nas Empresas,,uma,nextW,proxima,qua,2,10h,undefined,2023-09-27 00:00:00,2023-09-27 00:00:00,2023-09-28 00:00:00,,,0,manhã
57000007441033,100,6,atividade física,11,Atividade Física,57,Ipiranga,capital,0,0,crianças,Semana Move,Semana Move na Casa de Cultura Chico Science,Com professores ligados ao Seimeikan Dojô,uma,nextW,proxima,qua,2,10h,undefined,2023-09-27 00:00:00,2023-09-27 00:00:00,2023-09-27 00:00:00,,,0,manhã
57000007441033,100,6,atividade física,11,Atividade Física,57,Ipiranga,capital,0,0,crianças,Semana Move,Semana Move na Casa de Cultura Chico Science,Com professores ligados ao Seimeikan Dojô,uma,nextW,proxima,qua,2,15h,undefined,2023-09-27 00:00:00,2023-09-27 00:00:00,2023-09-27 00:00:00,,,0,tarde
61000000859526,20,6,atividade física,11,Atividade Física,61,Florêncio,capital,0,0,outros,Semana Move,Move Academia - Powerlifting,Com Giuliano Leite. especialista em Powerlifting  e Weightlifting,uma,nextW,proxima,qua,2,17h45,undefined,2023-09-27 00:00:00,2023-09-27 00:00:00,2023-09-28 00:00:00,,,0,tarde
61000000859526,20,6,atividade física,11,Atividade Física,61,Florêncio,capital,0,0,outros,Semana Move,Move Academia - Powerlifting,Com Giuliano Leite. especialista em Powerlifting  e Weightlifting,uma,nextW,proxima,qua,2,18h45,undefined,2023-09-27 00:00:00,2023-09-27 00:00:00,2023-09-28 00:00:00,,,0,noite
62000007973687,30,6,atividade física,11,Atividade Física,62,Consolação,capital,1,0,outros,,Relacionamento com Empresas - GPA,Com educadores(as) do Sesc,uma,nextW,proxima,qua,2,16h,undefined,2023-09-27 00:00:00,2023-09-27 00:00:00,2023-09-27 00:00:00,,,0,tarde
62000007880478,60,6,atividade física,11,Atividade Física,62,Consolação,capital,1,0,outros,Semana Move,MOVE ESPORTES Futsal - Movimentação Tática,Com Fernanda Grande,uma,nextW,proxima,qua,2,07h10,undefined,2023-09-27 00:00:00,2023-09-26 00:00:00,2023-09-29 00:00:00,,,0,manhã
62000007914130,100,6,atividade física,11,Atividade Física,62,Consolação,capital,1,0,outros,Semana Move,MOVE ESPORTES Tênis de Mesa,Na estação Higienópolis-Mackenzie,uma,nextW,proxima,qua,2,11h30,undefined,2023-09-27 00:00:00,2023-09-26 00:00:00,2023-09-29 00:00:00,,,0,manhã
63000013486458,50,6,atividade física,11,Atividade Física,63,Pompeia,capital,0,0,outros,Semana Move,Testes funcionais para a corrida,com Bruno Muniz,de-ate,sempre,proxima,sempre,7,19h,undefined,2023-09-27 00:00:00,2023-09-27 00:00:00,2023-09-30 00:00:00,,,0,noite
64000004982634,30,6,atividade física,11,Atividade Física,64,Carmo,capital,0,0,outros,Semana Move,Aulão Esportivo PSE,Com educadores em atividades fisicoesportivas do Sesc.,uma,nextW,proxima,qua,2,18h,undefined,2023-09-27 00:00:00,2023-09-27 00:00:00,2023-09-28 00:00:00,,,0,noite
64000004964025,20,6,atividade física,11,Atividade Física,64,Carmo,capital,1,0,outros,Semana Move,Aula aberta de Acroyoga,com Andreza Gomide,uma,nextW,proxima,qua,2,18h,undefined,2023-09-27 00:00:00,2023-09-25 00:00:00,2023-09-27 00:00:00,,,0,noite
64000004953397,20,6,atividade física,11,Atividade Física,64,Carmo,capital,1,0,outros,Semana Move,Aula aberta de danças urbanas,com Igor Gasparini,uma,nextW,proxima,qua,2,15h,undefined,2023-09-27 00:00:00,2023-09-25 00:00:00,2023-09-29 00:00:00,,,0,tarde
65000003546471,100,6,atividade física,11,Atividade Física,65,Av. Paulista,capital,0,0,outros,Semana Move,Floorball,Com Associação Brasileira de Floorball,uma,nextW,proxima,qua,2,13h,undefined,2023-09-27 00:00:00,2023-09-27 00:00:00,2023-09-29 00:00:00,,,0,tarde
65000003546448,50,6,atividade física,11,Atividade Física,65,Av. Paulista,capital,0,0,outros,Semana Move,Spikeball,Com Spikeball Brasil,uma,nextW,proxima,qua,2,07h,undefined,2023-09-27 00:00:00,2023-09-26 00:00:00,2023-09-29 00:00:00,,,0,manhã
66000017382610,20,6,atividade física,11,Atividade Física,66,Vila Mariana,capital,0,0,crianças,Semana Move,AGENDAMENTO: Apresentação e Vivência de Nado Artístico - PCD,Agendamento para Instituições que atuam com Pessoas com Deficiência,de-ate,sempre,proxima,sempre,7,12h,undefined,2023-09-27 00:00:00,2023-09-27 00:00:00,2023-09-29 00:00:00,,,0,tarde
66000017251231,50,6,atividade física,11,Atividade Física,66,Vila Mariana,capital,0,0,outros,Semana Move,Aula Aberta - Breaking,Com TF Style Cia de Dança,de-ate,sempre,proxima,sempre,7,18h30,undefined,2023-09-27 00:00:00,2023-09-27 00:00:00,2023-09-29 00:00:00,,,0,noite
66000017458621,50,6,atividade física,11,Atividade Física,66,Vila Mariana,capital,0,0,outros,Semana Move,Encontro de Breaking,,uma,nextW,proxima,qua,2,19h30,undefined,2023-09-27 00:00:00,2023-09-27 00:00:00,2023-09-29 00:00:00,,,0,noite
66000017388603,100,6,atividade física,11,Atividade Física,66,Vila Mariana,capital,0,0,outros,Semana Move,Imersão 15 MIM: Momento Individual do Movimento,Prática aprofundada para funcionários e colaboradores,uma,nextW,proxima,qua,2,08h,undefined,2023-09-27 00:00:00,2023-09-27 00:00:00,2023-09-29 00:00:00,,,0,manhã
66000017388603,100,6,atividade física,11,Atividade Física,66,Vila Mariana,capital,0,0,outros,Semana Move,Imersão 15 MIM: Momento Individual do Movimento,Prática aprofundada para funcionários e colaboradores,uma,nextW,proxima,qua,2,16h,undefined,2023-09-27 00:00:00,2023-09-27 00:00:00,2023-09-29 00:00:00,,,0,tarde
67000002801335,30,6,atividade física,11,Atividade Física,67,São Caetano,capital,0,0,outros,Semana Move,Move Zen: aula especial de RESPIRAÇÃO GUIADA,com André Cepukas,de-ate,sempre,proxima,sempre,7,07h,undefined,2023-09-27 00:00:00,2023-09-27 00:00:00,2023-09-28 00:00:00,,,0,manhã
67000002801303,30,6,atividade física,11,Atividade Física,67,São Caetano,capital,1,0,outros,Semana Move,Move Academia: aula especial de AERO BOXE,com Abajur Promoções e Eventos,de-ate,sempre,proxima,sempre,7,08h,undefined,2023-09-27 00:00:00,2023-09-27 00:00:00,2023-09-28 00:00:00,,,0,manhã
70000005579955,50,6,atividade física,11,Atividade Física,70,Santo Amaro,capital,0,0,crianças,Semana Move,Corfebol,,uma,nextW,proxima,qua,2,08h,undefined,2023-09-27 00:00:00,2023-09-23 00:00:00,2023-09-27 00:00:00,,,0,manhã
70000005572189,25,6,atividade física,11,Atividade Física,70,Santo Amaro,capital,0,0,idosos,,Esporte Idoso - Aula especial,com educador José Ronaldo,de-ate,sempre,proxima,sempre,7,15h,undefined,2023-09-27 00:00:00,2023-09-27 00:00:00,2023-12-29 00:00:00,,,0,tarde
71000004405268,400,6,atividade física,11,Atividade Física,71,Bertioga,interior,0,0,crianças,Semana Move,Move Criança - Ações nas escolas (Vista Linda) e Assoc. N. Senhora de Fátima,,uma,nextW,proxima,qua,2,08h,undefined,2023-09-27 00:00:00,2023-09-26 00:00:00,2023-09-29 00:00:00,,,0,manhã
71000004435095,30,6,atividade física,11,Atividade Física,71,Bertioga,interior,0,0,jovens,,Esporte Jovem - Multimodalidade,,de-ate,sempre,proxima,sempre,7,10h,undefined,2023-09-27 00:00:00,2023-09-22 00:00:00,2023-12-08 00:00:00,,,0,manhã
71000004315221,50,6,atividade física,11,Atividade Física,71,Bertioga,interior,0,0,outros,Semana Move,Vivência de Standup Paddle no Cantão do Indaiá - Semana Move,,uma,nextW,proxima,qua,2,09h,undefined,2023-09-27 00:00:00,2023-09-27 00:00:00,2023-09-30 00:00:00,,,0,manhã
72000000590283,50,6,atividade física,11,Atividade Física,72,Mogi Das Cruzes,capital,0,0,outros,,Copa Sesc - Voleibol Misto (quarteto),Inscrições de 15 agosto a 06 setembro,de-ate,sempre,proxima,sempre,7,19h,undefined,2023-09-27 00:00:00,2023-09-27 00:00:00,2023-10-18 00:00:00,,,0,noite
72000000647999,30,6,atividade física,11,Atividade Física,72,Mogi Das Cruzes,capital,0,0,outros,,Esporte Adulto - Futsal Feminino,Com Educadores do  Físico Esportivo do Sesc,de-ate,sempre,proxima,sempre,7,19h30,undefined,2023-09-27 00:00:00,2023-09-22 00:00:00,2023-12-29 00:00:00,,,0,noite
72000000646622,40,6,atividade física,11,Atividade Física,72,Mogi Das Cruzes,capital,0,0,outros,,Hidroginástica,Com educadores do Sesc,de-ate,sempre,proxima,sempre,7,16h15,undefined,2023-09-27 00:00:00,2023-09-22 00:00:00,2023-12-29 00:00:00,,,0,tarde
72000000647865,25,6,atividade física,11,Atividade Física,72,Mogi Das Cruzes,capital,0,0,outros,,Práticas Aquáticas,Com educadores do Sesc,de-ate,sempre,proxima,sempre,7,18h30,undefined,2023-09-27 00:00:00,2023-09-22 00:00:00,2023-12-29 00:00:00,,,0,noite
73000004944077,30,6,atividade física,11,Atividade Física,73,Guarulhos,capital,0,0,crianças,Semana Move,SUPYOGA,Plataforma Flutuante com Estela Viva Mais por você,uma,nextW,proxima,qua,2,08h,undefined,2023-09-27 00:00:00,2023-09-27 00:00:00,2023-09-27 00:00:00,,,0,manhã
73000004944077,30,6,atividade física,11,Atividade Física,73,Guarulhos,capital,0,0,crianças,Semana Move,SUPYOGA,Plataforma Flutuante com Estela Viva Mais por você,uma,nextW,proxima,qua,2,15h,undefined,2023-09-27 00:00:00,2023-09-27 00:00:00,2023-09-27 00:00:00,,,0,tarde
73000004944077,30,6,atividade física,11,Atividade Física,73,Guarulhos,capital,0,0,crianças,Semana Move,SUPYOGA,Plataforma Flutuante com Estela Viva Mais por você,uma,nextW,proxima,qua,2,19h30,undefined,2023-09-27 00:00:00,2023-09-27 00:00:00,2023-09-27 00:00:00,,,0,noite
73000004705080,25,6,atividade física,11,Atividade Física,73,Guarulhos,capital,0,0,outros,,Triatlhon,Curso Modular de Triatlhon,de-ate,sempre,proxima,sempre,7,07h30,undefined,2023-09-27 00:00:00,2023-09-22 00:00:00,2023-12-01 00:00:00,,,0,manhã
73000004883091,50,6,atividade física,11,Atividade Física,73,Guarulhos,capital,1,0,outros,Semana Move,Aula aberta de Práticas corporais: Acro Yoga,Com  Andreza Gomide e Bianca Bertogna,de-ate,sempre,proxima,sempre,7,09h30,undefined,2023-09-27 00:00:00,2023-09-27 00:00:00,2023-09-30 00:00:00,,,0,manhã
75000008232600,100,6,atividade física,11,Atividade Física,75,Campinas,interior,0,0,outros,Semana Move,Move Empresa,DPaschoal,uma,nextW,proxima,qua,2,11h,undefined,2023-09-27 00:00:00,2023-09-27 00:00:00,2023-09-27 00:00:00,,,0,manhã
75000008232600,100,6,atividade física,11,Atividade Física,75,Campinas,interior,0,0,outros,Semana Move,Move Empresa,DPaschoal,uma,nextW,proxima,qua,2,14h,undefined,2023-09-27 00:00:00,2023-09-27 00:00:00,2023-09-27 00:00:00,,,0,tarde
75000007971764,360,6,atividade física,11,Atividade Física,75,Campinas,interior,0,0,outros,Semana Move,Nado Artístico,,uma,nextW,proxima,qua,2,07h,undefined,2023-09-27 00:00:00,2023-09-26 00:00:00,2023-09-27 00:00:00,,,0,manhã
76000004432890,300,6,atividade física,11,Atividade Física,76,Ribeirão Preto,interior,0,0,outros,Semana Move,Flashmob - movimente-se,Semana MOVE,de-ate,sempre,proxima,sempre,7,16h30,undefined,2023-09-27 00:00:00,2023-09-27 00:00:00,2023-09-27 00:00:00,,,0,tarde
76000004432829,300,6,atividade física,11,Atividade Física,76,Ribeirão Preto,interior,0,0,outros,Semana Move,Ginástica Multifuncional nas Empresas,Semana MOVE,uma,nextW,proxima,qua,2,08h,undefined,2023-09-27 00:00:00,2023-09-27 00:00:00,2023-09-29 00:00:00,,,0,manhã
77000313092420,80,6,atividade física,11,Atividade Física,77,S. J. Campos,interior,0,0,outros,Semana Move,Encontro de condicionamento físico aquático,Com educadoras do Sesc,de-ate,sempre,proxima,sempre,7,18h30,undefined,2023-09-27 00:00:00,2023-09-27 00:00:00,2023-09-28 00:00:00,,,0,noite
77000314609818,25,6,atividade física,11,Atividade Física,77,S. J. Campos,interior,0,0,outros,Semana Move,Meditação do coração,Com educadores do Sesc,uma,nextW,proxima,qua,2,15h,undefined,2023-09-27 00:00:00,2023-09-27 00:00:00,2023-09-28 00:00:00,,,0,tarde
78000006720584,200,6,atividade física,11,Atividade Física,78,Santos,interior,0,0,crianças,Semana Move,Ginástica Rítmica  - Move Criança,Vivência de ginástica rítmica para crianças,uma,nextW,proxima,qua,2,08h30,undefined,2023-09-27 00:00:00,2023-09-26 00:00:00,2023-09-27 00:00:00,,,0,manhã
78000006720687,50,6,atividade física,11,Atividade Física,78,Santos,interior,0,0,outros,Semana Move,Alongamento - Move Academia,,uma,nextW,proxima,qua,2,15h30,undefined,2023-09-27 00:00:00,2023-09-27 00:00:00,2023-09-29 00:00:00,,,0,tarde
78000006720557,200,6,atividade física,11,Atividade Física,78,Santos,interior,0,0,outros,Semana Move,Aula aberta de Tênis - Move Esportes,,uma,nextW,proxima,qua,2,16h30,undefined,2023-09-27 00:00:00,2023-09-26 00:00:00,2023-09-29 00:00:00,,,0,tarde
79000003165885,300,6,atividade física,11,Atividade Física,79,Catanduva,interior,1,0,crianças,Semana Move,AirTrack,,de-ate,sempre,proxima,sempre,7,10h,undefined,2023-09-27 00:00:00,2023-09-26 00:00:00,2023-09-29 00:00:00,,,0,manhã
79000003172796,60,6,atividade física,11,Atividade Física,79,Catanduva,interior,1,0,outros,Semana Move,(Curumim e Esporte Criança) Materiais de Ginástica Rítmica,Com equipes Esporte Facil,de-ate,sempre,proxima,sempre,7,14h,undefined,2023-09-27 00:00:00,2023-09-26 00:00:00,2023-09-29 00:00:00,,,0,tarde
79000003172753,50,6,atividade física,11,Atividade Física,79,Catanduva,interior,1,0,outros,Semana Move,Materiais de Ginástica Rítmica para Educadores,Com equipes Esporte Facil,de-ate,sempre,proxima,sempre,7,10h,undefined,2023-09-27 00:00:00,2023-09-27 00:00:00,2023-09-27 00:00:00,,,0,manhã
80000005254505,25,6,atividade física,11,Atividade Física,80,Bauru,interior,0,0,outros,,Esporte Adulto - Futsal Feminino,Quarta 20h  Sexta 20h - A partir de 16 anos,de-ate,sempre,proxima,sempre,7,20h,undefined,2023-09-27 00:00:00,2023-09-22 00:00:00,2023-12-29 00:00:00,,,0,noite
80000005306891,30,6,atividade física,11,Atividade Física,80,Bauru,interior,0,0,outros,Semana Move,Camp de Corrida - Treino Aberto,Com educadores em atividades físico-esportivas do Sesc.,uma,nextW,proxima,qua,2,20h,undefined,2023-09-27 00:00:00,2023-09-27 00:00:00,2023-09-29 00:00:00,,,0,noite
81000004186692,20,6,atividade física,11,Atividade Física,81,Taubaté,interior,0,0,crianças,,PMT - Parceria Comum-Unidade em Ação - Tênis 7 a 12 anos,"com profissionais da Secretaria Municipal de Esporte, Lazer e Qualidade de vida",de-ate,sempre,proxima,sempre,7,14h,undefined,2023-09-27 00:00:00,2023-09-27 00:00:00,2023-11-29 00:00:00,,,0,tarde
81000004186868,25,6,atividade física,11,Atividade Física,81,Taubaté,interior,0,0,idosos,,PMT - Parceria Comum-Unidade em Ação - Tênis Idosos,"com profissionais da Secretaria Municipal de Esporte, Lazer e Qualidade de vida",de-ate,sempre,proxima,sempre,7,16h,undefined,2023-09-27 00:00:00,2023-09-27 00:00:00,2023-11-29 00:00:00,,,0,tarde
81000004188325,12,6,atividade física,11,Atividade Física,81,Taubaté,interior,0,0,jovens,,PMT - Parceria Comum-Unidade em Ação - Beach Tênis 10 a 13 anos,"com profissionais da Secretaria Municipal de Esporte, Lazer e Qualidade de vida",de-ate,sempre,proxima,sempre,7,15h,undefined,2023-09-27 00:00:00,2023-09-27 00:00:00,2023-11-29 00:00:00,,,0,tarde
81000004186780,20,6,atividade física,11,Atividade Física,81,Taubaté,interior,0,0,jovens,,PMT - Parceria Comum-Unidade em Ação - Tênis 13 a 16 anos,"com profissionais da Secretaria Municipal de Esporte, Lazer e Qualidade de vida",de-ate,sempre,proxima,sempre,7,15h,undefined,2023-09-27 00:00:00,2023-09-27 00:00:00,2023-11-29 00:00:00,,,0,tarde
81000004188236,30,6,atividade física,11,Atividade Física,81,Taubaté,interior,0,0,jovens,,PMT - Parceria Comum-Unidade em Ação - Vôlei de Areia 13 a 16 anos,"com profissionais da Secretaria Municipal de Esporte, Lazer e Qualidade de vida",de-ate,sempre,proxima,sempre,7,14h,undefined,2023-09-27 00:00:00,2023-09-27 00:00:00,2023-11-29 00:00:00,,,0,tarde
81000004409436,25,6,atividade física,11,Atividade Física,81,Taubaté,interior,0,0,outros,,Condicionamento Físico Aquático,Quarta 10h  Sexta 10h - A partir de 12 anos,de-ate,sempre,proxima,sempre,7,10h,undefined,2023-09-27 00:00:00,2023-09-22 00:00:00,2023-12-29 00:00:00,,,0,manhã
81000004409516,25,6,atividade física,11,Atividade Física,81,Taubaté,interior,0,0,outros,,Condicionamento Físico Aquático,Quarta 16h  Sexta 16h - A partir de 12 anos,de-ate,sempre,proxima,sempre,7,16h,undefined,2023-09-27 00:00:00,2023-09-22 00:00:00,2023-12-29 00:00:00,,,0,tarde
81000004188503,12,6,atividade física,11,Atividade Física,81,Taubaté,interior,0,0,outros,,PMT - Parceria Comum-Unidade em Ação - Beach Tênis Adulto,"com profissionais da Secretaria Municipal de Esporte, Lazer e Qualidade de vida",de-ate,sempre,proxima,sempre,7,17h,undefined,2023-09-27 00:00:00,2023-09-27 00:00:00,2023-11-29 00:00:00,,,0,tarde
81000004188414,30,6,atividade física,11,Atividade Física,81,Taubaté,interior,0,0,outros,,PMT - Parceria Comum-Unidade em Ação - Vôlei de Areia Adulto,"com profissionais da Secretaria Municipal de Esporte, Lazer e Qualidade de vida",de-ate,sempre,proxima,sempre,7,16h,undefined,2023-09-27 00:00:00,2023-09-27 00:00:00,2023-11-29 00:00:00,,,0,tarde
82000004938149,300,6,atividade física,11,Atividade Física,82,São Carlos,interior,0,0,outros,Semana Move,Vivência de Tai Chi Chuan: Sesc Empresa,Semana MOVE,uma,nextW,proxima,qua,2,08h,undefined,2023-09-27 00:00:00,2023-09-27 00:00:00,2023-09-29 00:00:00,,,0,manhã
82000004969034,10,6,atividade física,11,Atividade Física,82,São Carlos,interior,1,0,outros,Semana Move,"Core, controle e coordenação",Com educadores do Sesc,uma,nextW,proxima,qua,2,16h,undefined,2023-09-27 00:00:00,2023-09-27 00:00:00,2023-09-29 00:00:00,,,0,tarde
83000004067273,200,6,atividade física,11,Atividade Física,83,Piracicaba,interior,0,0,crianças,Semana Move,Aulas abertas Programa Sesc de Esportes. GMF e Atividades Aquáticas,Com educadores do Sesc,uma,nextW,proxima,qua,2,14h30,undefined,2023-09-27 00:00:00,2023-09-26 00:00:00,2023-09-29 00:00:00,,,0,tarde
83000004041342,250,6,atividade física,11,Atividade Física,83,Piracicaba,interior,0,0,outros,Semana Move,"Circuito Equilíbrio, Gravidade e Força",Com equipe Ativiva,uma,nextW,proxima,qua,2,14h,undefined,2023-09-27 00:00:00,2023-09-26 00:00:00,2023-09-29 00:00:00,,,0,tarde
84000005403543,100,6,atividade física,11,Atividade Física,84,Rio Preto,interior,0,0,outros,Semana Move,Clínica de Basquete Jovem,com Prof. Dirce Oliveira,de-ate,sempre,proxima,sempre,7,17h30,undefined,2023-09-27 00:00:00,2023-09-27 00:00:00,2023-09-29 00:00:00,,,0,tarde
84000005403437,100,6,atividade física,11,Atividade Física,84,Rio Preto,interior,0,0,outros,Semana Move,Tai-Chi na empresa!,Com Mestre Jim Kelly,uma,nextW,proxima,qua,2,10h,undefined,2023-09-27 00:00:00,2023-09-27 00:00:00,2023-09-28 00:00:00,,,0,manhã
85000003212580,15,6,atividade física,11,Atividade Física,85,Birigui,interior,0,0,outros,,Práticas Aquáticas,Com educadores do Sesc,de-ate,sempre,proxima,sempre,7,18h30,undefined,2023-09-27 00:00:00,2023-09-22 00:00:00,2023-12-29 00:00:00,,,0,noite
85000003228424,25,6,atividade física,11,Atividade Física,85,Birigui,interior,0,0,outros,Corrida do Fogo,Do zero ao 6 km,Com educadores do Sesc,de-ate,sempre,proxima,sempre,7,18h30,undefined,2023-09-27 00:00:00,2023-09-22 00:00:00,2023-12-01 00:00:00,,,0,noite
85000003187440,60,6,atividade física,11,Atividade Física,85,Birigui,interior,0,0,outros,Semana Move,Pedalada e Caminhada Consciente,Plenitude Bem Estar,uma,nextW,proxima,qua,2,08h30,undefined,2023-09-27 00:00:00,2023-09-27 00:00:00,2023-09-29 00:00:00,,,0,manhã
85000003214778,20,6,atividade física,11,Atividade Física,85,Birigui,interior,0,0,outros,Semana Move,Remar e nadar,Com educadores do Sesc,uma,nextW,proxima,qua,2,18h,undefined,2023-09-27 00:00:00,2023-09-27 00:00:00,2023-09-27 00:00:00,,,0,noite
86000004102684,120,6,atividade física,11,Atividade Física,86,Araraquara,interior,0,0,outros,Semana Move,Da Peteca ao Badminton: Vivências esportivas nas empresas,Com Jacaré Ki Pira,uma,nextW,proxima,qua,2,09h,undefined,2023-09-27 00:00:00,2023-09-26 00:00:00,2023-09-27 00:00:00,,,0,manhã
86000004102684,120,6,atividade física,11,Atividade Física,86,Araraquara,interior,0,0,outros,Semana Move,Da Peteca ao Badminton: Vivências esportivas nas empresas,Com Jacaré Ki Pira,uma,nextW,proxima,qua,2,14h,undefined,2023-09-27 00:00:00,2023-09-26 00:00:00,2023-09-27 00:00:00,,,0,tarde
87000002969791,20,6,atividade física,11,Atividade Física,87,Prudente,interior,0,0,jovens,,Esporte Jovem de 13 a 16 anos. Basquete Feminino,com educador de atividades físicas do Sesc Thermas,de-ate,sempre,proxima,sempre,7,16h,undefined,2023-09-27 00:00:00,2023-09-22 00:00:00,2023-11-29 00:00:00,,,0,tarde
87000002985963,20,6,atividade física,11,Atividade Física,87,Prudente,interior,0,0,outros,Semana Move,Conheça nossa Ginástica Multifuncional,Com educadores de atividades físico-esportivas do Sesc,uma,nextW,proxima,qua,2,19h,undefined,2023-09-27 00:00:00,2023-09-26 00:00:00,2023-09-27 00:00:00,,,0,noite
88000005238255,150,6,atividade física,11,Atividade Física,88,Santo André,capital,0,0,outros,Semana Move,Roda de Capoeira para pessoas idosas, com o Mestre Diolino Pereira de Brito,uma,nextW,proxima,qua,2,08h30,undefined,2023-09-27 00:00:00,2023-09-27 00:00:00,2023-09-27 00:00:00,,,0,manhã
92000001516713,300,6,atividade física,11,Atividade Física,92,Registro,interior,0,0,crianças,Semana Move,Pedal seguro e trânsito empático,Caiçara Recreação,uma,nextW,proxima,qua,2,08h,undefined,2023-09-27 00:00:00,2023-09-27 00:00:00,2023-09-29 00:00:00,,,0,manhã
92000001507948,300,6,atividade física,11,Atividade Física,92,Registro,interior,1,0,crianças,Semana Move,Apresentação esportiva de Bike Trial,Sp Hawks,uma,nextW,proxima,qua,2,10h,undefined,2023-09-27 00:00:00,2023-09-27 00:00:00,2023-10-01 00:00:00,,,0,manhã
92000001508578,300,6,atividade física,11,Atividade Física,92,Registro,interior,1,0,outros,Semana Move,Pedal virtual - Desafio 500k de bike indoor com tecnologia avatar,Zaxistools,de-ate,sempre,proxima,sempre,7,14h,undefined,2023-09-27 00:00:00,2023-09-27 00:00:00,2023-09-28 00:00:00,,,0,tarde
93000005837798,300,6,atividade física,11,Atividade Física,93,Jundiaí,interior,0,0,outros,Semana Move,Move Empresa,,uma,nextW,proxima,qua,2,10h,undefined,2023-09-27 00:00:00,2023-09-27 00:00:00,2023-09-29 00:00:00,,,0,manhã
95000002878843,20,6,atividade física,11,Atividade Física,95,Osasco,capital,0,0,outros,,Ginástica para Todos,"Quartas, 16h às 17h30 - A partir de 12 anos",de-ate,sempre,proxima,sempre,7,16h,undefined,2023-09-27 00:00:00,2023-09-27 00:00:00,2023-11-29 00:00:00,,,0,tarde
95000002873386,10,6,atividade física,11,Atividade Física,95,Osasco,capital,0,0,outros,,Práticas Corporais - Alongamento e Mobilidade Articular I (set/out/nov),"Quartas, 9h",de-ate,sempre,proxima,sempre,7,09h,undefined,2023-09-27 00:00:00,2023-09-27 00:00:00,2023-11-29 00:00:00,,,0,manhã
95000002875603,10,6,atividade física,11,Atividade Física,95,Osasco,capital,0,0,outros,,Práticas Corporais - Alongamento e Mobilidade Articular IV (set/out/nov),"Quartas, 15h - Acima de 12 anos",de-ate,sempre,proxima,sempre,7,15h,undefined,2023-09-27 00:00:00,2023-09-27 00:00:00,2023-11-29 00:00:00,,,0,tarde
95000002813462,200,6,atividade física,11,Atividade Física,95,Osasco,capital,0,0,outros,Semana Move,Práticas Corporais Meditativas,Com os educadores Mauro e Avelino,de-ate,sempre,proxima,sempre,7,14h30,undefined,2023-09-27 00:00:00,2023-09-27 00:00:00,2023-09-27 00:00:00,,,0,tarde
96000320685748,50,6,atividade física,11,Atividade Física,96,Sorocaba,interior,1,0,outros,Semana Move,Treinando Basquete com Roseli do Carmo,"Com Roseli do Carmo, ex atleta da seleção Brasileira, medalhista de prata Atlanta 96 e atual diretora do basquete feminino da CBB",de-ate,sempre,proxima,sempre,7,18h30,undefined,2023-09-27 00:00:00,2023-09-27 00:00:00,2023-09-30 00:00:00,,,0,noite
71000004321182,60,6,atividade física,14,Outros,71,Bertioga,interior,0,0,outros,,Recreação Futebol Society,Quarta 18h30 - A partir de 50 anos,de-ate,sempre,proxima,sempre,7,18h30,undefined,2023-09-27 00:00:00,2023-09-27 00:00:00,2023-12-27 00:00:00,,,0,noite
71000004321124,60,6,atividade física,14,Outros,71,Bertioga,interior,0,0,outros,,Recreação Futebol Society,Quarta 18h30 - De 16 a 49 anos,de-ate,sempre,proxima,sempre,7,18h30,undefined,2023-09-27 00:00:00,2023-09-27 00:00:00,2023-12-27 00:00:00,,,0,noite
71000004200780,25,6,atividade física,14,Outros,71,Bertioga,interior,0,0,outros,Recreação Hóspedes II,Ritmos,,de-ate,sempre,proxima,sempre,7,15h30,undefined,2023-09-27 00:00:00,2023-09-27 00:00:00,2023-12-27 00:00:00,,,0,tarde
73000004818752,100,6,atividade física,14,Outros,73,Guarulhos,capital,0,0,outros,Semana Move,Move Criança nas escolas: Spikeball,,de-ate,sempre,proxima,sempre,7,09h,undefined,2023-09-27 00:00:00,2023-09-27 00:00:00,2023-09-27 00:00:00,,,0,manhã
78000006853089,30,6,atividade física,14,Outros,78,Santos,interior,0,0,outros,,Recreação de Futebol Soçaite Feminino,Recreação esportiva livre,de-ate,sempre,proxima,sempre,7,19h30,undefined,2023-09-27 00:00:00,2023-09-22 00:00:00,2023-12-22 00:00:00,,,0,noite
85000003218241,40,6,atividade física,14,Outros,85,Birigui,interior,0,0,crianças,Semana Move,Nadar e jogar,Com educadores Sesc,de-ate,sempre,proxima,sempre,7,09h30,undefined,2023-09-27 00:00:00,2023-09-27 00:00:00,2023-09-29 00:00:00,,,0,manhã
86000004063327,45,6,atividade física,14,Outros,86,Araraquara,interior,0,0,outros,Semana Move,Visita ao Centro de Treinamento do Comitê Paralímpico Brasileiro,Para convidados de Araraquara e cidades da região,uma,nextW,proxima,qua,2,08h,undefined,2023-09-27 00:00:00,2023-09-27 00:00:00,2023-09-27 00:00:00,,,0,manhã
88000005139680,200,6,atividade física,14,Outros,88,Santo André,capital,0,0,outros,Semana Move,Gol-a-gol,,de-ate,sempre,proxima,sempre,7,09h,undefined,2023-09-27 00:00:00,2023-09-26 00:00:00,2023-09-27 00:00:00,,,0,manhã
76000004397608,40,8,turismo,12,Turismo,76,Ribeirão Preto,interior,0,0,outros,,Onde nasce o Velho Chico - São Roque de Minas - MG,,primeira,nextW,proxima,qua,2,07h,undefined,2023-09-27 00:00:00,2023-09-27 00:00:00,2023-10-01 00:00:00,,,0,manhã
52000005565210,45,9,'+ lazer,14,Outros,52,24 De Maio,capital,0,0,crianças,Espaço de Brincar,Voa no céu e corta vento - petecas e bumerangues,com educadores do Espaço de Brincar,de-ate,sempre,proxima,sempre,7,14h30,undefined,2023-09-27 00:00:00,2023-09-27 00:00:00,2023-09-29 00:00:00,,,0,tarde
52000005260103,40,9,'+ lazer,14,Outros,52,24 De Maio,capital,0,0,outros,Espaço de Brincar,Roda de Paternidades,,de-ate,sempre,proxima,sempre,7,18h30,undefined,2023-09-27 00:00:00,2023-09-27 00:00:00,2023-09-27 00:00:00,,,0,noite
71000004200393,20,9,'+ lazer,14,Outros,71,Bertioga,interior,0,0,crianças,Recreação Hóspedes II,Malabares,,de-ate,sempre,proxima,sempre,7,17h,undefined,2023-09-27 00:00:00,2023-09-27 00:00:00,2023-12-27 00:00:00,,,0,tarde
88000005048753,20,9,'+ lazer,14,Outros,88,Santo André,capital,0,0,crianças,Espaço de Brincar,Caminhos do Brincar - O Brincar que vem da Terra,Com equipe de educadoras do Espaço de Brincar,de-ate,sempre,proxima,sempre,7,14h,undefined,2023-09-27 00:00:00,2023-09-27 00:00:00,2023-11-10 00:00:00,,,0,tarde
63000013493170,800,1,shows e espetáculos,1,Música,63,Pompeia,capital,0,0,outros,,Fat Family,Show de 25 anos de carreira,uma,nextW,proxima,qui,3,21h30,undefined,2023-09-28 00:00:00,2023-09-28 00:00:00,2023-09-28 00:00:00,,,0,noite
64000005009820,120,1,shows e espetáculos,1,Música,64,Carmo,capital,0,0,outros,,Medulla,,uma,nextW,proxima,qui,3,19h,undefined,2023-09-28 00:00:00,2023-09-28 00:00:00,2023-09-28 00:00:00,,,0,noite
72000000591544,140,1,shows e espetáculos,1,Música,72,Mogi Das Cruzes,capital,0,0,outros,,Tietê Bossa Jazz,,uma,nextW,proxima,qui,3,20h,undefined,2023-09-28 00:00:00,2023-09-28 00:00:00,2023-09-28 00:00:00,,,0,noite
75000007747358,200,1,shows e espetáculos,1,Música,75,Campinas,interior,0,0,outros,,Cybertones,,uma,nextW,proxima,qui,3,20h,undefined,2023-09-28 00:00:00,2023-09-28 00:00:00,2023-09-28 00:00:00,,,0,noite
79000003122965,200,1,shows e espetáculos,1,Música,79,Catanduva,interior,1,0,outros,Corpos: A Grandeza de Ser,Revoada,Rap Plus Size,uma,nextW,proxima,qui,3,20h,undefined,2023-09-28 00:00:00,2023-09-28 00:00:00,2023-09-28 00:00:00,,,0,noite
83000003964922,100,1,shows e espetáculos,1,Música,83,Piracicaba,interior,1,0,outros,No Palco do Sesc,Brazú Quintê,Show: Divinare,uma,nextW,proxima,qui,3,20h,undefined,2023-09-28 00:00:00,2023-09-28 00:00:00,2023-09-28 00:00:00,,,0,noite
84000005337214,300,1,shows e espetáculos,1,Música,84,Rio Preto,interior,0,0,outros,,Ekena,,uma,nextW,proxima,qui,3,21h,undefined,2023-09-28 00:00:00,2023-09-28 00:00:00,2023-09-28 00:00:00,,,0,noite
88000005141881,200,1,shows e espetáculos,1,Música,88,Santo André,capital,1,0,outros,,Rodrigo Régis,Vamos chamar o sol,uma,nextW,proxima,qui,3,20h,undefined,2023-09-28 00:00:00,2023-09-28 00:00:00,2023-09-28 00:00:00,,,0,noite
93000005749585,220,1,shows e espetáculos,1,Música,93,Jundiaí,interior,0,0,outros,,Duo Ana de Oliveira e Sérgio Raz - ARMORIANDO,Lançamento Selo Sesc,uma,nextW,proxima,qui,3,20h,undefined,2023-09-28 00:00:00,2023-09-28 00:00:00,2023-09-28 00:00:00,,,0,noite
95000002765985,900,1,shows e espetáculos,1,Música,95,Osasco,capital,0,0,outros,,Aláfia,Além do Lá,uma,nextW,proxima,qui,3,20h30,undefined,2023-09-28 00:00:00,2023-09-28 00:00:00,2023-09-28 00:00:00,,,0,noite
53000006120572,60,1,shows e espetáculos,11,Atividade Física,53,Santana,capital,0,0,outros,Semana Move,Festival de Esportes - Copa Caps,MOVE EMPRESA,uma,nextW,proxima,qui,3,10h30,undefined,2023-09-28 00:00:00,2023-09-28 00:00:00,2023-09-28 00:00:00,,,0,manhã
58000006772637,100,1,shows e espetáculos,11,Atividade Física,58,Pinheiros,capital,0,0,outros,Semana Move,Semana Move 2023 - Clínica com Mahmoud Abdoul Raulf,,uma,nextW,proxima,qui,3,19h,undefined,2023-09-28 00:00:00,2023-09-28 00:00:00,2023-09-28 00:00:00,,,0,noite
63000013486540,70,1,shows e espetáculos,11,Atividade Física,63,Pompeia,capital,0,0,outros,Semana Move,Ciência e Tecnologia,com Gustavo Barquilha,uma,nextW,proxima,qui,3,18h30,undefined,2023-09-28 00:00:00,2023-09-26 00:00:00,2023-09-28 00:00:00,,,0,noite
65000003546576,50,1,shows e espetáculos,11,Atividade Física,65,Av. Paulista,capital,1,0,outros,Semana Move,"Montanhismo: Montanhas, Escaladas e Conquistas",com Waldemar Niclevickz,uma,nextW,proxima,qui,3,19h30,undefined,2023-09-28 00:00:00,2023-09-28 00:00:00,2023-09-28 00:00:00,,,0,noite
75000007972154,400,1,shows e espetáculos,11,Atividade Física,75,Campinas,interior,0,0,outros,Semana Move,Circuito Sesc de Esportes - Skate com Sandro Dias,,uma,nextW,proxima,qui,3,10h,undefined,2023-09-28 00:00:00,2023-09-26 00:00:00,2023-09-30 00:00:00,,,0,manhã
85000003189350,500,1,shows e espetáculos,11,Atividade Física,85,Birigui,interior,0,0,outros,Semana Move,Clínica e Bate Papo com Emanuel Rego,,uma,nextW,proxima,qui,3,14h,undefined,2023-09-28 00:00:00,2023-09-26 00:00:00,2023-09-30 00:00:00,,,0,tarde
57000007274848,200,1,shows e espetáculos,2,Teatro,57,Ipiranga,capital,0,0,outros,,Selvagem,De Mike Bartlett,uma,nextW,proxima,qui,3,20h,undefined,2023-09-28 00:00:00,2023-09-23 00:00:00,2023-10-22 00:00:00,1,Tradução em Libras,0,noite
58000006707553,98,1,shows e espetáculos,2,Teatro,58,Pinheiros,capital,0,0,outros,,"E VOCÊS, QUEM SÃO?",Samuel de Assis,uma,nextW,proxima,qui,3,20h,undefined,2023-09-28 00:00:00,2023-09-21 00:00:00,2023-10-28 00:00:00,,,0,noite
62000007895240,280,1,shows e espetáculos,2,Teatro,62,Consolação,capital,0,0,outros,,A hora do lobo - um debate com o filme Dogville de Lars von Trier,de Christiane Jatahy,uma,nextW,proxima,qui,3,20h,undefined,2023-09-28 00:00:00,2023-09-22 00:00:00,2023-10-15 00:00:00,,,0,noite
63000013035250,40,1,shows e espetáculos,2,Teatro,63,Pompeia,capital,0,0,outros,,Nica,Com Elisa Band e Gilda Nomacce,uma,nextW,proxima,qui,3,20h30,undefined,2023-09-28 00:00:00,2023-09-21 00:00:00,2023-10-06 00:00:00,1,Audiodescrição  Tradução em Libras,0,noite
70000005426245,270,1,shows e espetáculos,2,Teatro,70,Santo Amaro,capital,0,0,outros,,A Falecida,,uma,nextW,proxima,qui,3,20h,undefined,2023-09-28 00:00:00,2023-09-22 00:00:00,2023-10-01 00:00:00,,,0,noite
84000005400529,236,1,shows e espetáculos,2,Teatro,84,Rio Preto,interior,0,0,outros,,Um Dia a Menos,Monólogo de Ana Beatriz Nogueira,uma,nextW,proxima,qui,3,20h,undefined,2023-09-28 00:00:00,2023-09-28 00:00:00,2023-09-29 00:00:00,,,0,noite
93000005925029,200,1,shows e espetáculos,2,Teatro,93,Jundiaí,interior,0,0,outros,,Simão e os Protetores das Florestas,Com Teatro de Mamulengo do Mestre Valdeck de Garanhuns,uma,nextW,proxima,qui,3,15h,undefined,2023-09-28 00:00:00,2023-09-28 00:00:00,2023-09-29 00:00:00,,,0,tarde
52000005508001,216,1,shows e espetáculos,4,Dança,52,24 De Maio,capital,0,0,outros,,Clamores,Mithkal Alzghair (Síria/França),uma,nextW,proxima,qui,3,20h,undefined,2023-09-28 00:00:00,2023-09-28 00:00:00,2023-09-29 00:00:00,,,0,noite
66000017285343,600,1,shows e espetáculos,4,Dança,66,Vila Mariana,capital,0,0,outros,,The Ecstatic [O Êxtase] (SUI/RSA),Bienal de Dança. Com Jeremy Nedd e Impilo Mapantsula,uma,nextW,proxima,qui,3,21h,undefined,2023-09-28 00:00:00,2023-09-27 00:00:00,2023-09-28 00:00:00,,,0,noite
83000003924487,150,1,shows e espetáculos,4,Dança,83,Piracicaba,interior,0,1,outros,,Playlist,Com Colar de Lina,uma,nextW,proxima,qui,3,19h,undefined,2023-09-28 00:00:00,2023-09-28 00:00:00,2023-09-28 00:00:00,,,0,noite
86000004136334,234,1,shows e espetáculos,4,Dança,86,Araraquara,interior,0,0,outros,,Inflexão  - FIDA,Com Alexandre Julianetti e Luzinete Silva,uma,nextW,proxima,qui,3,20h,undefined,2023-09-28 00:00:00,2023-09-28 00:00:00,2023-09-28 00:00:00,1,Audiodescrição,0,noite
86000004149417,234,1,shows e espetáculos,4,Dança,86,Araraquara,interior,0,0,outros,,Na beira do mundo - Do outro lado de mim,Com Dasha Lavrennikov,uma,nextW,proxima,qui,3,20h30,undefined,2023-09-28 00:00:00,2023-09-28 00:00:00,2023-09-28 00:00:00,1,Audiodescrição,0,noite
53000006181582,60,1,shows e espetáculos,7,Literatura,53,Santana,capital,1,0,outros,,Contos de Brincar,com gRUPO êBA!,uma,nextW,proxima,qui,3,14h,undefined,2023-09-28 00:00:00,2023-09-21 00:00:00,2023-09-28 00:00:00,1,Tradução em Libras,0,tarde
75000008236587,40,1,shows e espetáculos,7,Literatura,75,Campinas,interior,0,0,outros,,A arvore e a aranha,Com Valdo Matos,uma,nextW,proxima,qui,3,15h,undefined,2023-09-28 00:00:00,2023-09-28 00:00:00,2023-09-28 00:00:00,,,0,tarde
75000008050815,100,1,shows e espetáculos,7,Literatura,75,Campinas,interior,0,0,outros,,Novo [Na estante],com Rita Carelli,uma,nextW,proxima,qui,3,09h,undefined,2023-09-28 00:00:00,2023-09-21 00:00:00,2023-10-31 00:00:00,,,0,manhã
75000007953323,15,1,shows e espetáculos,7,Literatura,75,Campinas,interior,1,0,outros,,[NA ESTANTE] Rita Carelli,com Rita Carelli,uma,nextW,proxima,qui,3,09h,undefined,2023-09-28 00:00:00,2023-09-21 00:00:00,2023-10-31 00:00:00,,,0,manhã
52000005334373,50,1,shows e espetáculos,8,Educação,52,24 De Maio,capital,1,0,outros,,Fé é Samba na Bahia - Mestras e Mestres do Recôncavo Baiano,17º Caruru de São Cosme Damião da Casa Mestre Ananias,uma,nextW,proxima,qui,3,18h30,undefined,2023-09-28 00:00:00,2023-09-28 00:00:00,2023-09-28 00:00:00,,,0,noite
56000005114286,60,1,shows e espetáculos,8,Educação,56,Itaquera,capital,1,0,idosos,,Vamos dançar: forró! No movimento da sanfona,com projeto No Movimento da Sanfona,uma,nextW,proxima,qui,3,10h30,undefined,2023-09-28 00:00:00,2023-09-28 00:00:00,2023-09-28 00:00:00,,,0,manhã
53000005700075,200,10,serviços,7,Literatura,53,Santana,capital,1,0,outros,,Empréstimo,Obra Social São Benedito,de-ate,nextW,proxima,qui,3,10h,undefined,2023-09-28 00:00:00,2023-09-28 00:00:00,2023-11-23 00:00:00,,,0,
89000001189815,30,2,cursos e oficinas,1,Música,89,CPF,capital,0,0,outros,Cursos e Palestras,Alquimia da Canção - Módulo V,Com Eduardo Gudin,uma,nextW,proxima,qui,3,17h,undefined,2023-09-28 00:00:00,2023-09-21 00:00:00,2023-09-28 00:00:00,,,0,tarde
61000000852225,40,2,cursos e oficinas,10,Saúde,61,Florêncio,capital,0,0,idosos,,TaiChi Balance,"Com Luciano Imoto, instrutor de artes marciais",uma,nextW,proxima,qui,3,14h,undefined,2023-09-28 00:00:00,2023-09-21 00:00:00,2023-09-28 00:00:00,,,0,tarde
70000005800189,22,2,cursos e oficinas,10,Saúde,70,Santo Amaro,capital,0,0,outros,Espaço de Brincar,Giz Natural com Legumes Cozidos,Atividade desenvolvida pela equipe do SESC(infantojuvenil e alimentação),uma,nextW,proxima,qui,3,16h,undefined,2023-09-28 00:00:00,2023-09-22 00:00:00,2023-09-28 00:00:00,,,0,tarde
84000005056547,80,2,cursos e oficinas,10,Saúde,84,Rio Preto,interior,0,0,crianças,Curumim,Aniversariantes do Mês - Curumim,,uma,nextW,proxima,qui,3,14h,undefined,2023-09-28 00:00:00,2023-09-28 00:00:00,2023-12-01 00:00:00,,,0,tarde
84000005457639,20,2,cursos e oficinas,10,Saúde,84,Rio Preto,interior,1,0,idosos,,Cérebro ativo,"Com Marina Pereira Zaiden e Marina Soares Facioli, terapeutas ocupacionais.",uma,nextW,proxima,qui,3,15h,undefined,2023-09-28 00:00:00,2023-09-21 00:00:00,2023-09-28 00:00:00,,,0,tarde
93000005941399,40,2,cursos e oficinas,10,Saúde,93,Jundiaí,interior,0,0,outros,,Move Nas empresas,cm educadores do Sesc  e convidado Equipe Bonatus,uma,nextW,proxima,qui,3,10h,undefined,2023-09-28 00:00:00,2023-09-27 00:00:00,2023-09-29 00:00:00,,,0,manhã
93000005941399,40,2,cursos e oficinas,10,Saúde,93,Jundiaí,interior,0,0,outros,,Move Nas empresas,cm educadores do Sesc  e convidado Equipe Bonatus,uma,nextW,proxima,qui,3,14h,undefined,2023-09-28 00:00:00,2023-09-27 00:00:00,2023-09-29 00:00:00,,,0,tarde
96000323103866,20,2,cursos e oficinas,10,Saúde,96,Sorocaba,interior,1,0,outros,,O Nascimento da Voz,"Com Danielle Domingos, cantora e compositora e Camila Nogueira, doula e parteira",uma,nextW,proxima,qui,3,09h30,undefined,2023-09-28 00:00:00,2023-09-28 00:00:00,2023-09-28 00:00:00,,,0,manhã
67000002823667,30,2,cursos e oficinas,11,Atividade Física,67,São Caetano,capital,0,0,outros,Semana Move,Move Academia: capacitação em PILATES,com educadores Sesc / para a Secretaria de Esportes e Lazer de Mauá,uma,nextW,proxima,qui,3,08h,undefined,2023-09-28 00:00:00,2023-09-28 00:00:00,2023-09-28 00:00:00,,,0,manhã
67000002823698,30,2,cursos e oficinas,11,Atividade Física,67,São Caetano,capital,0,0,outros,Semana Move,Move Empresa: aula especial de YOGA e LABORAL na RDC Viagens,Com educadores Sesc,uma,nextW,proxima,qui,3,07h30,undefined,2023-09-28 00:00:00,2023-09-26 00:00:00,2023-09-28 00:00:00,,,0,manhã
67000002823698,30,2,cursos e oficinas,11,Atividade Física,67,São Caetano,capital,0,0,outros,Semana Move,Move Empresa: aula especial de YOGA e LABORAL na RDC Viagens,Com educadores Sesc,uma,nextW,proxima,qui,3,10h,undefined,2023-09-28 00:00:00,2023-09-26 00:00:00,2023-09-28 00:00:00,,,0,manhã
67000002823698,30,2,cursos e oficinas,11,Atividade Física,67,São Caetano,capital,0,0,outros,Semana Move,Move Empresa: aula especial de YOGA e LABORAL na RDC Viagens,Com educadores Sesc,uma,nextW,proxima,qui,3,16h,undefined,2023-09-28 00:00:00,2023-09-26 00:00:00,2023-09-28 00:00:00,,,0,tarde
80000005187272,30,2,cursos e oficinas,11,Atividade Física,80,Bauru,interior,0,0,outros,Semana Move,Camp de Corrida - Treino a base de...comida,"Com Thais Almeida, nutricionista esportiva",uma,nextW,proxima,qui,3,19h30,undefined,2023-09-28 00:00:00,2023-09-28 00:00:00,2023-09-28 00:00:00,,,0,noite
88000005186351,40,2,cursos e oficinas,11,Atividade Física,88,Santo André,capital,0,0,outros,Simpósio de Esporte e Lazer do Grande ABC,"Corpo, movimento e ritmo",Vivência,uma,nextW,proxima,qui,3,18h,undefined,2023-09-28 00:00:00,2023-09-28 00:00:00,2023-09-28 00:00:00,,,0,noite
88000005130621,40,2,cursos e oficinas,11,Atividade Física,88,Santo André,capital,0,0,outros,Simpósio de Esporte e Lazer do Grande ABC,Esporte para todos,Ação Formativa,uma,nextW,proxima,qui,3,08h,undefined,2023-09-28 00:00:00,2023-09-28 00:00:00,2023-09-28 00:00:00,,,0,manhã
91000002149726,20,2,cursos e oficinas,2,Teatro,91,Campo Limpo,capital,0,0,outros,,Modos Criativos 1 - Canção dramatúrgica,Imersão: modos criativos com Coletivo Ópera Urbe,primeira,nextW,proxima,qui,3,18h30,undefined,2023-09-28 00:00:00,2023-09-26 00:00:00,2023-09-28 00:00:00,,,0,noite
91000002148375,20,2,cursos e oficinas,3,Circo,91,Campo Limpo,capital,1,0,idosos,,Trabalho Social com Idosos: Oficina Corpo e Comicidade.,,uma,nextW,proxima,qui,3,16h,undefined,2023-09-28 00:00:00,2023-09-21 00:00:00,2023-09-28 00:00:00,,,0,tarde
89000001343447,30,2,cursos e oficinas,5,Cinema,89,CPF,capital,0,0,outros,Cursos e Palestras,"O cinema de Carlos Saura, um olhar crítico sobre a Espanha",Com Ignacio del Valle Dávila,primeira,nextW,proxima,qui,3,10h,undefined,2023-09-28 00:00:00,2023-09-28 00:00:00,2023-09-29 00:00:00,,,0,manhã
63000013395316,15,2,cursos e oficinas,6,Artes Visuais,63,Pompeia,capital,0,0,outros,CURSOS REGULARES PRESENCIAIS 2º SEM/2023,Encontros de Áfricas em Brasis,Com Ericah Azeviche e convidado: Mumu de Oliveira,primeira,nextW,proxima,qui,3,19h,undefined,2023-09-28 00:00:00,2023-09-21 00:00:00,2023-11-30 00:00:00,,,0,noite
66000017421963,15,2,cursos e oficinas,6,Artes Visuais,66,Vila Mariana,capital,0,0,outros,,Tardes de Desenho Experimental,"com Thiago Ruiz, educador do Espaço de Tecnologias e Artes",uma,nextW,proxima,qui,3,14h,undefined,2023-09-28 00:00:00,2023-09-28 00:00:00,2023-09-28 00:00:00,,,0,tarde
67000002816497,15,2,cursos e oficinas,6,Artes Visuais,67,São Caetano,capital,0,0,outros,,Estamparias Afrikanas,Com Japhette Ozias,uma,nextW,proxima,qui,3,18h30,undefined,2023-09-28 00:00:00,2023-09-21 00:00:00,2023-10-19 00:00:00,,,0,noite
70000005486749,15,2,cursos e oficinas,6,Artes Visuais,70,Santo Amaro,capital,0,0,outros,,Armazenamento em nuvem,Com Karina Rhomberg,uma,nextW,proxima,qui,3,14h,undefined,2023-09-28 00:00:00,2023-09-21 00:00:00,2023-10-19 00:00:00,,,0,tarde
71000004233707,20,2,cursos e oficinas,6,Artes Visuais,71,Bertioga,interior,0,0,outros,,Fotos de Produtos com Inteligência Artificial,com Luciano Bezerra - Educador de Tecnologias e Artes,de-ate,sempre,proxima,sempre,7,16h,undefined,2023-09-28 00:00:00,2023-09-28 00:00:00,2023-09-28 00:00:00,,,0,tarde
77000311318622,15,2,cursos e oficinas,6,Artes Visuais,77,S. J. Campos,interior,1,0,outros,,Bordado em folha seca - turma 2,Com Nádia Pupo,uma,nextW,proxima,qui,3,14h30,undefined,2023-09-28 00:00:00,2023-09-28 00:00:00,2023-10-05 00:00:00,,,0,tarde
80000005186223,15,2,cursos e oficinas,6,Artes Visuais,80,Bauru,interior,1,0,outros,,Construindo piões com origami modular,"Com Diego Pessoa, educador de Tecnologias e Artes do Sesc.",uma,nextW,proxima,qui,3,19h,undefined,2023-09-28 00:00:00,2023-09-28 00:00:00,2023-09-28 00:00:00,,,0,noite
84000005468487,10,2,cursos e oficinas,6,Artes Visuais,84,Rio Preto,interior,1,0,outros,,Laboratório de Costura Criativa,com Educadores do Tecnologias e Artes,uma,nextW,proxima,qui,3,15h,undefined,2023-09-28 00:00:00,2023-09-21 00:00:00,2023-09-28 00:00:00,,,0,tarde
67000002658578,60,2,cursos e oficinas,7,Literatura,67,São Caetano,capital,0,0,outros,Universo Literário - BiblioSesc,Ilustração de livros infantis,Com Amma,uma,nextW,proxima,qui,3,13h30,undefined,2023-09-28 00:00:00,2023-09-28 00:00:00,2023-09-28 00:00:00,,,0,tarde
78000006669749,25,2,cursos e oficinas,7,Literatura,78,Santos,interior,0,0,outros,,Criação literária: De ficcionista para ficcionista: da ideia à história,com escritor Javier A. Contreras,uma,nextW,proxima,qui,3,19h,undefined,2023-09-28 00:00:00,2023-09-21 00:00:00,2023-10-05 00:00:00,,,0,noite
96000314072613,40,2,cursos e oficinas,7,Literatura,96,Sorocaba,interior,1,0,outros,,Clube de Escrita Sorocaba,Com Clube de Escrita Sorocaba,de-ate,sempre,proxima,sempre,7,19h,undefined,2023-09-28 00:00:00,2023-09-28 00:00:00,2023-11-30 00:00:00,,,0,noite
68000008737993,10,2,cursos e oficinas,8,Educação,68,Belenzinho,capital,1,0,outros,Virada Sustentável,Oficina de absorventes reutilizáveis,com Michele Carvalho,uma,nextW,proxima,qui,3,14h,undefined,2023-09-28 00:00:00,2023-09-21 00:00:00,2023-09-28 00:00:00,,,0,tarde
78000006533217,15,2,cursos e oficinas,8,Educação,78,Santos,interior,0,0,outros,Miudezas: uma exploração minuciosa,Espaço de Brincar: Encontro de Educadores,Projeto Miudezas,uma,nextW,proxima,qui,3,12h30,undefined,2023-09-28 00:00:00,2023-09-28 00:00:00,2023-11-23 00:00:00,,,0,tarde
94000006206058,15,2,cursos e oficinas,8,Educação,94,Bom Retiro,capital,1,0,crianças,Criar: Crianças e suas Rotinas,Cantigas de Berço,com Ligia Fiocco,uma,nextW,proxima,qui,3,10h30,undefined,2023-09-28 00:00:00,2023-09-21 00:00:00,2023-09-28 00:00:00,,,0,manhã
94000006183850,15,2,cursos e oficinas,8,Educação,94,Bom Retiro,capital,1,0,crianças,Criar: Crianças e suas Rotinas,Rodas Afetivas: Sono,com Iara Rodrigues Santos de Souza e Kata Yalodê,uma,nextW,proxima,qui,3,17h,undefined,2023-09-28 00:00:00,2023-09-28 00:00:00,2023-09-28 00:00:00,,,0,tarde
96000325586311,40,2,cursos e oficinas,8,Educação,96,Sorocaba,interior,1,0,idosos,,Dança Circular  -  Explorando as expressões corporais em sua pluralidade,Com o focalizador Lucas Lannes,de-ate,sempre,proxima,sempre,7,13h30,undefined,2023-09-28 00:00:00,2023-09-28 00:00:00,2023-12-21 00:00:00,,,0,tarde
70000005476494,100,2,cursos e oficinas,9,Meio Ambiente,70,Santo Amaro,capital,1,0,outros,,Alimentos Orgânicos  e Agroecológicos,Projeto Ideias e Ações Para um Novo Tempo - Feira Permanente de Alimentos Orgânicos e Agroecológicos - Programação Meio Ambiente,uma,nextW,proxima,qui,3,11h,undefined,2023-09-28 00:00:00,2023-09-28 00:00:00,2023-09-28 00:00:00,,,0,manhã
76000004346269,15,2,cursos e oficinas,9,Meio Ambiente,76,Ribeirão Preto,interior,0,0,outros,,Oficinas Criativas - Design de Iluminação e mobiliário, Com André Costa,uma,nextW,proxima,qui,3,13h,undefined,2023-09-28 00:00:00,2023-09-21 00:00:00,2023-09-28 00:00:00,,,0,tarde
96000316945020,15,2,cursos e oficinas,9,Meio Ambiente,96,Sorocaba,interior,1,0,outros,Oficinas Ecopráticas,Produzindo adubo com resíduos da cozinha: compostagem e minhocário,Com agentes de educação ambiental do Sesc Sorocaba,uma,nextW,proxima,qui,3,10h,undefined,2023-09-28 00:00:00,2023-09-28 00:00:00,2023-09-28 00:00:00,,,0,manhã
77000313198467,100,3,debates e paletras,11,Atividade Física,77,S. J. Campos,interior,0,0,outros,Semana Move,A ciência do hábito no exercício físico: estratégias de intervenção,"Com Fábio Dominski, doutor em Ciências do Movimento Humano",uma,nextW,proxima,qui,3,19h30,undefined,2023-09-28 00:00:00,2023-09-28 00:00:00,2023-09-28 00:00:00,,,0,noite
80000005172187,15,3,debates e paletras,11,Atividade Física,80,Bauru,interior,0,0,outros,Semana Move,Move Academia  Dicas da Semana: Padrões de movimento e prevenção de dores,"Com Gabriel Gimenez, fisioterapeuta esportivo e corredor amador.",uma,nextW,proxima,qui,3,15h30,undefined,2023-09-28 00:00:00,2023-09-28 00:00:00,2023-09-29 00:00:00,,,0,tarde
80000005172187,15,3,debates e paletras,11,Atividade Física,80,Bauru,interior,0,0,outros,Semana Move,Move Academia  Dicas da Semana: Padrões de movimento e prevenção de dores,"Com Gabriel Gimenez, fisioterapeuta esportivo e corredor amador.",uma,nextW,proxima,qui,3,17h,undefined,2023-09-28 00:00:00,2023-09-28 00:00:00,2023-09-29 00:00:00,,,0,tarde
80000005172187,15,3,debates e paletras,11,Atividade Física,80,Bauru,interior,0,0,outros,Semana Move,Move Academia  Dicas da Semana: Padrões de movimento e prevenção de dores,"Com Gabriel Gimenez, fisioterapeuta esportivo e corredor amador.",uma,nextW,proxima,qui,3,18h30,undefined,2023-09-28 00:00:00,2023-09-28 00:00:00,2023-09-29 00:00:00,,,0,noite
80000005172187,15,3,debates e paletras,11,Atividade Física,80,Bauru,interior,0,0,outros,Semana Move,Move Academia  Dicas da Semana: Padrões de movimento e prevenção de dores,"Com Gabriel Gimenez, fisioterapeuta esportivo e corredor amador.",uma,nextW,proxima,qui,3,20h,undefined,2023-09-28 00:00:00,2023-09-28 00:00:00,2023-09-29 00:00:00,,,0,noite
88000005130660,300,3,debates e paletras,11,Atividade Física,88,Santo André,capital,0,0,outros,Simpósio de Esporte e Lazer do Grande ABC,Esporte para todas as idades,com Larissa Galatti e Fábio Henrique,uma,nextW,proxima,qui,3,10h15,undefined,2023-09-28 00:00:00,2023-09-28 00:00:00,2023-09-28 00:00:00,1,Tradução em Libras,0,manhã
88000005130710,300,3,debates e paletras,11,Atividade Física,88,Santo André,capital,0,0,outros,Simpósio de Esporte e Lazer do Grande ABC,Mulheres no esporte: Que acesso é esse?,com Aira Bonfim e Daniela Lopes,uma,nextW,proxima,qui,3,16h,undefined,2023-09-28 00:00:00,2023-09-28 00:00:00,2023-09-28 00:00:00,1,Tradução em Libras,0,tarde
88000005130734,300,3,debates e paletras,11,Atividade Física,88,Santo André,capital,0,0,outros,Simpósio de Esporte e Lazer do Grande ABC,Programas e ações públicas de lazer: histórias e perspectivas,com Ana Elenara Pintos,uma,nextW,proxima,qui,3,14h,undefined,2023-09-28 00:00:00,2023-09-28 00:00:00,2023-09-28 00:00:00,1,Tradução em Libras,0,tarde
56000005170354,25,3,debates e paletras,14,Outros,56,Itaquera,capital,0,0,outros,,Saica São Mateus 1 (Relações Institucionais),Formação de Educadores,uma,nextW,proxima,qui,3,14h,undefined,2023-09-28 00:00:00,2023-09-28 00:00:00,2023-09-28 00:00:00,,,0,tarde
81000004338986,30,3,debates e paletras,14,Outros,81,Taubaté,interior,0,0,jovens,Juventudes,Juventudes 2023 - 13 a 17 anos,com Educadores do Programa Juventudes,uma,nextW,proxima,qui,3,18h,undefined,2023-09-28 00:00:00,2023-09-21 00:00:00,2023-12-07 00:00:00,,,0,noite
76000004238583,30,3,debates e paletras,7,Literatura,76,Ribeirão Preto,interior,0,0,outros,,Arte da Palavra,Com Jéssica Balbino (MG) e Odailta Alves (PE) mediação de Érica Amêndola,uma,nextW,proxima,qui,3,19h,undefined,2023-09-28 00:00:00,2023-09-28 00:00:00,2023-09-28 00:00:00,,,0,noite
62000007823571,35,3,debates e paletras,8,Educação,62,Consolação,capital,0,0,outros,,Programa de Preparação para a Aposentadoria,Com Gerência de Desenvolvimento de Pessoas,uma,nextW,proxima,qui,3,10h,undefined,2023-09-28 00:00:00,2023-09-26 00:00:00,2023-09-29 00:00:00,,,0,manhã
62000008131735,30,3,debates e paletras,8,Educação,62,Consolação,capital,1,0,idosos,Prosa 60+,Memória Afetiva e Perspectivas para o Futuro,,uma,nextW,proxima,qui,3,10h,undefined,2023-09-28 00:00:00,2023-09-28 00:00:00,2023-09-28 00:00:00,,,0,manhã
65000003345416,60,3,debates e paletras,8,Educação,65,Av. Paulista,capital,1,0,outros,Aquilombamento nas margens,Aquilombamento nas margens: Castiel Vitorino Brasileiro,,uma,nextW,proxima,qui,3,19h30,undefined,2023-09-28 00:00:00,2023-09-28 00:00:00,2023-09-28 00:00:00,,,0,noite
68000008799942,50,3,debates e paletras,8,Educação,68,Belenzinho,capital,1,0,outros,Programa de Turismo Social,Turismo: Embarque nessa!!,"Com Fernanda Vargas, Cadu de Castro e Helio Hintze",uma,nextW,proxima,qui,3,19h,undefined,2023-09-28 00:00:00,2023-09-28 00:00:00,2023-09-28 00:00:00,,,0,noite
73000004919534,20,3,debates e paletras,8,Educação,73,Guarulhos,capital,1,0,idosos,,Ponto de Encontro,reunião do Trabalho Social com Idosos no Sesc Guarulhos,uma,nextW,proxima,qui,3,14h,undefined,2023-09-28 00:00:00,2023-09-28 00:00:00,2023-09-28 00:00:00,,,0,tarde
80000005153188,50,3,debates e paletras,8,Educação,80,Bauru,interior,0,0,idosos,,Ponto de Encontro: Canções Inesquecíveis da Música Popular Brasileira,Com Equipe Sesc e Grupo Gota Dágua.,uma,nextW,proxima,qui,3,14h,undefined,2023-09-28 00:00:00,2023-09-28 00:00:00,2023-09-28 00:00:00,,,0,tarde
80000005247632,40,3,debates e paletras,8,Educação,80,Bauru,interior,0,0,outros,,SIPAT: Assédio,com o advogado Gelson AJ,uma,nextW,proxima,qui,3,13h15,undefined,2023-09-28 00:00:00,2023-09-28 00:00:00,2023-09-28 00:00:00,,,0,tarde
80000005247632,40,3,debates e paletras,8,Educação,80,Bauru,interior,0,0,outros,,SIPAT: Assédio,com o advogado Gelson AJ,uma,nextW,proxima,qui,3,18h,undefined,2023-09-28 00:00:00,2023-09-28 00:00:00,2023-09-28 00:00:00,,,0,noite
94000006087606,30,3,debates e paletras,8,Educação,94,Bom Retiro,capital,0,0,outros,Semana Move,Placemaking para Lideranças Comunitárias,Com Paola Caiuby,uma,nextW,proxima,qui,3,18h30,undefined,2023-09-28 00:00:00,2023-09-26 00:00:00,2023-09-28 00:00:00,,,0,noite
78000006700218,150,3,debates e paletras,9,Meio Ambiente,78,Santos,interior,0,0,outros,Florestar: Áreas Verdes Educadoras - Ações regulares,Farmácias Vivas - Plantas Fitoterápicas,Com Dr Marcos Roberto Furlan,uma,nextW,proxima,qui,3,19h,undefined,2023-09-28 00:00:00,2023-09-28 00:00:00,2023-09-28 00:00:00,1,Tradução em Libras,0,noite
76000004419619,100,4,exposições,6,Artes Visuais,76,Ribeirão Preto,interior,1,0,outros,O que os olhos alcançam - Cristiano Mascaro,Abertura Exposição O que os olhos alcançam de Cristiano Mascaro,Com Cristiano Mascaro e Rubens Fernandes Junior,de-ate,sempre,proxima,sempre,7,20h,undefined,2023-09-28 00:00:00,2023-09-28 00:00:00,2023-09-28 00:00:00,,,0,noite
83000004062507,150,4,exposições,6,Artes Visuais,83,Piracicaba,interior,0,0,jovens,CRIA_experiências de invenção,PLANTANDO SONHOS,Grupo de Anhumas,de-ate,sempre,proxima,sempre,7,09h,undefined,2023-09-28 00:00:00,2023-09-28 00:00:00,2023-09-28 00:00:00,,,0,manhã
56000005089425,200,4,exposições,7,Literatura,56,Itaquera,capital,1,0,outros,,Ilustríssima Ilustradora-Elisa Carareto-A Avó Amarela-Paroq S Francisc de Assis,"Rua Miguel Rachid, 997 - Ermelino Matarazzo - São Paulo/SP",de-ate,sempre,proxima,sempre,7,10h,undefined,2023-09-28 00:00:00,2023-09-28 00:00:00,2023-11-23 00:00:00,,,0,manhã
59000000718153,279,5,filmes,5,Cinema,59,Cinesesc,capital,0,0,outros,,BRAINWASHED - SEX-CAMERA-POWER  - sessão espelho,"Nina, Menkes, EUA, 2022,107 min., documentário,14 anos",uma,nextW,proxima,qui,3,20h30,undefined,2023-09-28 00:00:00,2023-09-28 00:00:00,2023-09-28 00:00:00,,,0,noite
59000000715678,279,5,filmes,5,Cinema,59,Cinesesc,capital,1,0,outros,,Homem Aranha - Através do Aranhaverso   EMEF Jardim Guarani,,uma,nextW,proxima,qui,3,10h30,undefined,2023-09-28 00:00:00,2023-09-28 00:00:00,2023-09-28 00:00:00,1,Audiodescrição  Braille  Tradução em Libras,0,manhã
92000001537238,170,5,filmes,5,Cinema,92,Registro,interior,1,0,outros,,Documentário - Nas Beiras do Ribeira,,uma,nextW,proxima,qui,3,20h,undefined,2023-09-28 00:00:00,2023-09-21 00:00:00,2023-12-12 00:00:00,,,0,noite
52000005476059,300,6,atividade física,11,Atividade Física,52,24 De Maio,capital,0,0,crianças,Semana Move,Hóquei - Semana Move,Semana MOVE,uma,nextW,proxima,qui,3,09h,undefined,2023-09-28 00:00:00,2023-09-28 00:00:00,2023-10-01 00:00:00,,,0,manhã
52000005476059,300,6,atividade física,11,Atividade Física,52,24 De Maio,capital,0,0,crianças,Semana Move,Hóquei - Semana Move,Semana MOVE,uma,nextW,proxima,qui,3,14h,undefined,2023-09-28 00:00:00,2023-09-28 00:00:00,2023-10-01 00:00:00,,,0,tarde
52000005538479,150,6,atividade física,11,Atividade Física,52,24 De Maio,capital,0,0,outros,Corpo Consciente,Corpo Consciente Especial: Garuda,Com James D`Silva (criador do método) e equipe,uma,nextW,proxima,qui,3,18h30,undefined,2023-09-28 00:00:00,2023-09-27 00:00:00,2023-09-28 00:00:00,,,0,noite
53000005849215,450,6,atividade física,11,Atividade Física,53,Santana,capital,0,0,outros,Semana Move,Circuito de Condicionamento Físico Aquático,Com educadores físico-esportivo,uma,nextW,proxima,qui,3,07h30,undefined,2023-09-28 00:00:00,2023-09-26 00:00:00,2023-09-29 00:00:00,,,0,manhã
55000004786476,200,6,atividade física,11,Atividade Física,55,Interlagos,capital,0,0,outros,Semana Move,Meditação de Relaxamento,Empresa Globant - Sipat 2023,uma,nextW,proxima,qui,3,13h,undefined,2023-09-28 00:00:00,2023-09-28 00:00:00,2023-09-28 00:00:00,,,0,tarde
55000004665021,100,6,atividade física,11,Atividade Física,55,Interlagos,capital,0,0,outros,Semana Move,Vivência de Chi Kung nas Empresas,,uma,nextW,proxima,qui,3,10h,undefined,2023-09-28 00:00:00,2023-09-27 00:00:00,2023-09-28 00:00:00,,,0,manhã
56000005159929,280,6,atividade física,11,Atividade Física,56,Itaquera,capital,0,0,jovens,,Olimpíadas Escolares - DRE Itaquera (Relações Institucionais),Handebol,de-ate,sempre,proxima,sempre,7,09h,undefined,2023-09-28 00:00:00,2023-09-28 00:00:00,2023-09-28 00:00:00,,,0,manhã
56000005160012,280,6,atividade física,11,Atividade Física,56,Itaquera,capital,0,0,jovens,,Olimpíadas Escolares - DRE Itaquera (Relações Institucionais),Voleibol,de-ate,sempre,proxima,sempre,7,09h,undefined,2023-09-28 00:00:00,2023-09-28 00:00:00,2023-10-20 00:00:00,,,0,manhã
56000005089583,30,6,atividade física,11,Atividade Física,56,Itaquera,capital,0,0,outros,Semana Move,Move Empresa - Saúde e Bem-Estar,Programa de relacionamento com empresas,uma,nextW,proxima,qui,3,09h,undefined,2023-09-28 00:00:00,2023-09-28 00:00:00,2023-09-28 00:00:00,,,0,manhã
61000000849207,200,6,atividade física,11,Atividade Física,61,Florêncio,capital,0,0,crianças,Semana Move,Move Criança - Circuito de jogos e desafios,com equipe da Cia do Tomate na EMEI São Bento,de-ate,sempre,proxima,sempre,7,09h,undefined,2023-09-28 00:00:00,2023-09-28 00:00:00,2023-09-29 00:00:00,,,0,manhã
61000000859526,20,6,atividade física,11,Atividade Física,61,Florêncio,capital,0,0,outros,Semana Move,Move Academia - Powerlifting,Com Giuliano Leite. especialista em Powerlifting  e Weightlifting,uma,nextW,proxima,qui,3,07h,undefined,2023-09-28 00:00:00,2023-09-27 00:00:00,2023-09-28 00:00:00,,,0,manhã
61000000859526,20,6,atividade física,11,Atividade Física,61,Florêncio,capital,0,0,outros,Semana Move,Move Academia - Powerlifting,Com Giuliano Leite. especialista em Powerlifting  e Weightlifting,uma,nextW,proxima,qui,3,12h,undefined,2023-09-28 00:00:00,2023-09-27 00:00:00,2023-09-28 00:00:00,,,0,tarde
61000000853473,100,6,atividade física,11,Atividade Física,61,Florêncio,capital,0,0,outros,Semana Move,Move Esportes - Curling de mesa,Semana MOVE,de-ate,sempre,proxima,sempre,7,10h,undefined,2023-09-28 00:00:00,2023-09-28 00:00:00,2023-09-29 00:00:00,,,0,manhã
62000007880506,50,6,atividade física,11,Atividade Física,62,Consolação,capital,1,0,outros,Semana Move,MOVE ESPORTES Handebol - Sistema Defensivo.,Com Thamiris Madeira,uma,nextW,proxima,qui,3,20h,undefined,2023-09-28 00:00:00,2023-09-26 00:00:00,2023-09-28 00:00:00,,,0,noite
62000007914130,100,6,atividade física,11,Atividade Física,62,Consolação,capital,1,0,outros,Semana Move,MOVE ESPORTES Tênis de Mesa,Na estação Higienópolis-Mackenzie,uma,nextW,proxima,qui,3,11h30,undefined,2023-09-28 00:00:00,2023-09-26 00:00:00,2023-09-29 00:00:00,,,0,manhã
62000007880534,60,6,atividade física,11,Atividade Física,62,Consolação,capital,1,0,outros,Semana Move,MOVE ESPORTES Vôlei - Sistema Tático,Com Ellen Barretos,uma,nextW,proxima,qui,3,07h10,undefined,2023-09-28 00:00:00,2023-09-28 00:00:00,2023-09-29 00:00:00,,,0,manhã
64000004982634,30,6,atividade física,11,Atividade Física,64,Carmo,capital,0,0,outros,Semana Move,Aulão Esportivo PSE,Com educadores em atividades fisicoesportivas do Sesc.,uma,nextW,proxima,qui,3,18h,undefined,2023-09-28 00:00:00,2023-09-27 00:00:00,2023-09-28 00:00:00,,,0,noite
64000004963992,20,6,atividade física,11,Atividade Física,64,Carmo,capital,1,0,outros,Semana Move,Aula aberta de Taissô,com Márcio Rogério Melitto,uma,nextW,proxima,qui,3,09h,undefined,2023-09-28 00:00:00,2023-09-26 00:00:00,2023-09-28 00:00:00,,,0,manhã
65000003546471,100,6,atividade física,11,Atividade Física,65,Av. Paulista,capital,0,0,outros,Semana Move,Floorball,Com Associação Brasileira de Floorball,uma,nextW,proxima,qui,3,13h,undefined,2023-09-28 00:00:00,2023-09-27 00:00:00,2023-09-29 00:00:00,,,0,tarde
65000003546448,50,6,atividade física,11,Atividade Física,65,Av. Paulista,capital,0,0,outros,Semana Move,Spikeball,Com Spikeball Brasil,uma,nextW,proxima,qui,3,07h,undefined,2023-09-28 00:00:00,2023-09-26 00:00:00,2023-09-29 00:00:00,,,0,manhã
66000017458621,50,6,atividade física,11,Atividade Física,66,Vila Mariana,capital,0,0,outros,Semana Move,Encontro de Breaking,,uma,nextW,proxima,qui,3,19h30,undefined,2023-09-28 00:00:00,2023-09-27 00:00:00,2023-09-29 00:00:00,,,0,noite
66000017388603,100,6,atividade física,11,Atividade Física,66,Vila Mariana,capital,0,0,outros,Semana Move,Imersão 15 MIM: Momento Individual do Movimento,Prática aprofundada para funcionários e colaboradores,uma,nextW,proxima,qui,3,08h,undefined,2023-09-28 00:00:00,2023-09-27 00:00:00,2023-09-29 00:00:00,,,0,manhã
66000017388603,100,6,atividade física,11,Atividade Física,66,Vila Mariana,capital,0,0,outros,Semana Move,Imersão 15 MIM: Momento Individual do Movimento,Prática aprofundada para funcionários e colaboradores,uma,nextW,proxima,qui,3,16h,undefined,2023-09-28 00:00:00,2023-09-27 00:00:00,2023-09-29 00:00:00,,,0,tarde
68000009017744,65,6,atividade física,11,Atividade Física,68,Belenzinho,capital,0,0,outros,Semana Move,Aula Especial CFA,com DJ,de-ate,sempre,proxima,sempre,7,18h30,undefined,2023-09-28 00:00:00,2023-09-26 00:00:00,2023-09-29 00:00:00,,,0,noite
68000008749908,45,6,atividade física,11,Atividade Física,68,Belenzinho,capital,1,0,outros,Semana Move,Calistenia,Emily Pimenta e Gustavo Perrotti,uma,nextW,proxima,qui,3,09h,undefined,2023-09-28 00:00:00,2023-09-26 00:00:00,2023-09-28 00:00:00,,,0,manhã
68000008749908,45,6,atividade física,11,Atividade Física,68,Belenzinho,capital,1,0,outros,Semana Move,Calistenia,Emily Pimenta e Gustavo Perrotti,uma,nextW,proxima,qui,3,18h,undefined,2023-09-28 00:00:00,2023-09-26 00:00:00,2023-09-28 00:00:00,,,0,noite
71000004405268,400,6,atividade física,11,Atividade Física,71,Bertioga,interior,0,0,crianças,Semana Move,Move Criança - Ações nas escolas (Vista Linda) e Assoc. N. Senhora de Fátima,,uma,nextW,proxima,qui,3,08h,undefined,2023-09-28 00:00:00,2023-09-26 00:00:00,2023-09-29 00:00:00,,,0,manhã
71000004466953,15,6,atividade física,11,Atividade Física,71,Bertioga,interior,0,0,jovens,,Oficina de Surfe e Fotografia - EPJ Surfe,,uma,nextW,proxima,qui,3,15h30,undefined,2023-09-28 00:00:00,2023-09-26 00:00:00,2023-09-28 00:00:00,,,0,tarde
71000004317457,20,6,atividade física,11,Atividade Física,71,Bertioga,interior,0,0,outros,Semana Move,Flow Whell - aulas em grupo GMF - Semana Move,,de-ate,sempre,proxima,sempre,7,07h,undefined,2023-09-28 00:00:00,2023-09-28 00:00:00,2023-09-29 00:00:00,,,0,manhã
71000004315221,50,6,atividade física,11,Atividade Física,71,Bertioga,interior,0,0,outros,Semana Move,Vivência de Standup Paddle no Cantão do Indaiá - Semana Move,,uma,nextW,proxima,qui,3,09h,undefined,2023-09-28 00:00:00,2023-09-27 00:00:00,2023-09-30 00:00:00,,,0,manhã
72000000573021,60,6,atividade física,11,Atividade Física,72,Mogi Das Cruzes,capital,1,0,outros,Semana Move,"Boxe para Todes, com Ariane Carmona",Move Academia,uma,nextW,proxima,qui,3,16h30,undefined,2023-09-28 00:00:00,2023-09-28 00:00:00,2023-09-28 00:00:00,,,0,tarde
72000000573021,60,6,atividade física,11,Atividade Física,72,Mogi Das Cruzes,capital,1,0,outros,Semana Move,"Boxe para Todes, com Ariane Carmona",Move Academia,uma,nextW,proxima,qui,3,19h30,undefined,2023-09-28 00:00:00,2023-09-28 00:00:00,2023-09-28 00:00:00,,,0,noite
73000004944105,30,6,atividade física,11,Atividade Física,73,Guarulhos,capital,0,0,crianças,Semana Move,Aula aberta de Surf,Com Estela Viva Mais Por Você,uma,nextW,proxima,qui,3,08h,undefined,2023-09-28 00:00:00,2023-09-28 00:00:00,2023-09-28 00:00:00,,,0,manhã
73000004944105,30,6,atividade física,11,Atividade Física,73,Guarulhos,capital,0,0,crianças,Semana Move,Aula aberta de Surf,Com Estela Viva Mais Por Você,uma,nextW,proxima,qui,3,15h,undefined,2023-09-28 00:00:00,2023-09-28 00:00:00,2023-09-28 00:00:00,,,0,tarde
73000004944105,30,6,atividade física,11,Atividade Física,73,Guarulhos,capital,0,0,crianças,Semana Move,Aula aberta de Surf,Com Estela Viva Mais Por Você,uma,nextW,proxima,qui,3,19h30,undefined,2023-09-28 00:00:00,2023-09-28 00:00:00,2023-09-28 00:00:00,,,0,noite
75000007746362,45,6,atividade física,11,Atividade Física,75,Campinas,interior,0,0,outros,,Jogo amistoso Vôlei  jovem Vôlei Misto,,de-ate,sempre,proxima,sempre,7,17h30,undefined,2023-09-28 00:00:00,2023-09-28 00:00:00,2023-09-28 00:00:00,,,0,tarde
75000007972211,300,6,atividade física,11,Atividade Física,75,Campinas,interior,0,0,outros,Semana Move,Atividades Circenses,,de-ate,sempre,proxima,sempre,7,07h,undefined,2023-09-28 00:00:00,2023-09-28 00:00:00,2023-09-29 00:00:00,,,0,manhã
75000007807449,500,6,atividade física,11,Atividade Física,75,Campinas,interior,0,0,outros,Semana Move,Maratona de Hidroginástica,,uma,nextW,proxima,qui,3,07h,undefined,2023-09-28 00:00:00,2023-09-28 00:00:00,2023-09-29 00:00:00,,,0,manhã
76000004432829,300,6,atividade física,11,Atividade Física,76,Ribeirão Preto,interior,0,0,outros,Semana Move,Ginástica Multifuncional nas Empresas,Semana MOVE,uma,nextW,proxima,qui,3,08h,undefined,2023-09-28 00:00:00,2023-09-27 00:00:00,2023-09-29 00:00:00,,,0,manhã
76000004433072,50,6,atividade física,11,Atividade Física,76,Ribeirão Preto,interior,0,0,outros,Semana Move,Move Água - condicionamento físico aquático,Com educadores de atividades físico esportivas do Sesc Ribeirão Preto,uma,nextW,proxima,qui,3,15h30,undefined,2023-09-28 00:00:00,2023-09-28 00:00:00,2023-09-28 00:00:00,,,0,tarde
76000004433072,50,6,atividade física,11,Atividade Física,76,Ribeirão Preto,interior,0,0,outros,Semana Move,Move Água - condicionamento físico aquático,Com educadores de atividades físico esportivas do Sesc Ribeirão Preto,uma,nextW,proxima,qui,3,16h30,undefined,2023-09-28 00:00:00,2023-09-28 00:00:00,2023-09-28 00:00:00,,,0,tarde
76000004433072,50,6,atividade física,11,Atividade Física,76,Ribeirão Preto,interior,0,0,outros,Semana Move,Move Água - condicionamento físico aquático,Com educadores de atividades físico esportivas do Sesc Ribeirão Preto,uma,nextW,proxima,qui,3,17h30,undefined,2023-09-28 00:00:00,2023-09-28 00:00:00,2023-09-28 00:00:00,,,0,tarde
76000004433072,50,6,atividade física,11,Atividade Física,76,Ribeirão Preto,interior,0,0,outros,Semana Move,Move Água - condicionamento físico aquático,Com educadores de atividades físico esportivas do Sesc Ribeirão Preto,uma,nextW,proxima,qui,3,18h30,undefined,2023-09-28 00:00:00,2023-09-28 00:00:00,2023-09-28 00:00:00,,,0,noite
76000004433072,50,6,atividade física,11,Atividade Física,76,Ribeirão Preto,interior,0,0,outros,Semana Move,Move Água - condicionamento físico aquático,Com educadores de atividades físico esportivas do Sesc Ribeirão Preto,uma,nextW,proxima,qui,3,19h30,undefined,2023-09-28 00:00:00,2023-09-28 00:00:00,2023-09-28 00:00:00,,,0,noite
77000314609818,25,6,atividade física,11,Atividade Física,77,S. J. Campos,interior,0,0,outros,Semana Move,Meditação do coração,Com educadores do Sesc,uma,nextW,proxima,qui,3,15h,undefined,2023-09-28 00:00:00,2023-09-27 00:00:00,2023-09-28 00:00:00,,,0,tarde
78000006720630,300,6,atividade física,11,Atividade Física,78,Santos,interior,0,0,jovens,Semana Move,Floorball - Move Esportes,Vivência de floorball para crianças,uma,nextW,proxima,qui,3,08h30,undefined,2023-09-28 00:00:00,2023-09-28 00:00:00,2023-09-29 00:00:00,,,0,manhã
78000006720557,200,6,atividade física,11,Atividade Física,78,Santos,interior,0,0,outros,Semana Move,Aula aberta de Tênis - Move Esportes,,uma,nextW,proxima,qui,3,16h30,undefined,2023-09-28 00:00:00,2023-09-26 00:00:00,2023-09-29 00:00:00,,,0,tarde
78000006607995,70,6,atividade física,11,Atividade Física,78,Santos,interior,0,0,outros,Semana Move,Movimento Consciente - Move Zen,,uma,nextW,proxima,qui,3,10h30,undefined,2023-09-28 00:00:00,2023-09-26 00:00:00,2023-09-28 00:00:00,,,0,manhã
78000006608028,50,6,atividade física,11,Atividade Física,78,Santos,interior,0,0,outros,Semana Move,Pilates Solo - Move Academia,,uma,nextW,proxima,qui,3,14h30,undefined,2023-09-28 00:00:00,2023-09-26 00:00:00,2023-09-28 00:00:00,,,0,tarde
78000006704101,100,6,atividade física,11,Atividade Física,78,Santos,interior,0,0,outros,Semana Move,Ritmo e Movimento - Move Crianças,,uma,nextW,proxima,qui,3,08h30,undefined,2023-09-28 00:00:00,2023-09-28 00:00:00,2023-09-29 00:00:00,,,0,manhã
82000004938149,300,6,atividade física,11,Atividade Física,82,São Carlos,interior,0,0,outros,Semana Move,Vivência de Tai Chi Chuan: Sesc Empresa,Semana MOVE,uma,nextW,proxima,qui,3,08h,undefined,2023-09-28 00:00:00,2023-09-27 00:00:00,2023-09-29 00:00:00,,,0,manhã
82000005006191,600,6,atividade física,11,Atividade Física,82,São Carlos,interior,1,0,outros,Semana Move,Ginástica artística com aparelhos,,de-ate,sempre,proxima,sempre,7,18h30,undefined,2023-09-28 00:00:00,2023-09-26 00:00:00,2023-10-01 00:00:00,,,0,noite
82000004968586,30,6,atividade física,11,Atividade Física,82,São Carlos,interior,1,0,outros,Semana Move,Percussão no Bioball,Com educadores do Sesc,uma,nextW,proxima,qui,3,19h30,undefined,2023-09-28 00:00:00,2023-09-26 00:00:00,2023-09-28 00:00:00,,,0,noite
82000004968549,40,6,atividade física,11,Atividade Física,82,São Carlos,interior,1,0,outros,Semana Move,Pilates de Solo,Com educadores do Sesc,uma,nextW,proxima,qui,3,16h,undefined,2023-09-28 00:00:00,2023-09-26 00:00:00,2023-09-28 00:00:00,,,0,tarde
83000004067273,200,6,atividade física,11,Atividade Física,83,Piracicaba,interior,0,0,crianças,Semana Move,Aulas abertas Programa Sesc de Esportes. GMF e Atividades Aquáticas,Com educadores do Sesc,uma,nextW,proxima,qui,3,14h30,undefined,2023-09-28 00:00:00,2023-09-26 00:00:00,2023-09-29 00:00:00,,,0,tarde
83000004041342,250,6,atividade física,11,Atividade Física,83,Piracicaba,interior,0,0,outros,Semana Move,"Circuito Equilíbrio, Gravidade e Força",Com equipe Ativiva,uma,nextW,proxima,qui,3,14h,undefined,2023-09-28 00:00:00,2023-09-26 00:00:00,2023-09-29 00:00:00,,,0,tarde
84000005403437,100,6,atividade física,11,Atividade Física,84,Rio Preto,interior,0,0,outros,Semana Move,Tai-Chi na empresa!,Com Mestre Jim Kelly,uma,nextW,proxima,qui,3,10h,undefined,2023-09-28 00:00:00,2023-09-27 00:00:00,2023-09-28 00:00:00,,,0,manhã
85000003223657,80,6,atividade física,11,Atividade Física,85,Birigui,interior,0,0,crianças,Semana Move,Pista de Skate,Com educadores,de-ate,sempre,proxima,sempre,7,14h,undefined,2023-09-28 00:00:00,2023-09-28 00:00:00,2023-10-01 00:00:00,,,0,tarde
85000003187440,60,6,atividade física,11,Atividade Física,85,Birigui,interior,0,0,outros,Semana Move,Pedalada e Caminhada Consciente,Plenitude Bem Estar,uma,nextW,proxima,qui,3,08h30,undefined,2023-09-28 00:00:00,2023-09-27 00:00:00,2023-09-29 00:00:00,,,0,manhã
86000004040251,40,6,atividade física,11,Atividade Física,86,Araraquara,interior,0,0,outros,Semana Move,Mini Vôlei para educadores,Formação Pedagógica,uma,nextW,proxima,qui,3,19h30,undefined,2023-09-28 00:00:00,2023-09-28 00:00:00,2023-09-28 00:00:00,,,0,noite
87000002966850,25,6,atividade física,11,Atividade Física,87,Prudente,interior,0,0,outros,Semana Move,Aula aberta de Natural Flow,Com equipe Natural Treine,de-ate,sempre,proxima,sempre,7,08h,undefined,2023-09-28 00:00:00,2023-09-28 00:00:00,2023-09-30 00:00:00,,,0,manhã
87000002968398,40,6,atividade física,11,Atividade Física,87,Prudente,interior,0,0,outros,Semana Move,Circuito de Habilidades Aquáticas,Com a equipe Viva Mais Por Você,de-ate,sempre,proxima,sempre,7,08h,undefined,2023-09-28 00:00:00,2023-09-28 00:00:00,2023-10-01 00:00:00,,,0,manhã
88000005139607,750,6,atividade física,11,Atividade Física,88,Santo André,capital,0,0,crianças,Semana Move,Resistência Aeróbia na água,,de-ate,sempre,proxima,sempre,7,08h,undefined,2023-09-28 00:00:00,2023-09-27 00:00:00,2023-09-28 00:00:00,,,0,manhã
92000001516713,300,6,atividade física,11,Atividade Física,92,Registro,interior,0,0,crianças,Semana Move,Pedal seguro e trânsito empático,Caiçara Recreação,uma,nextW,proxima,qui,3,08h,undefined,2023-09-28 00:00:00,2023-09-27 00:00:00,2023-09-29 00:00:00,,,0,manhã
92000001507948,300,6,atividade física,11,Atividade Física,92,Registro,interior,1,0,crianças,Semana Move,Apresentação esportiva de Bike Trial,Sp Hawks,uma,nextW,proxima,qui,3,10h,undefined,2023-09-28 00:00:00,2023-09-27 00:00:00,2023-10-01 00:00:00,,,0,manhã
92000001521311,50,6,atividade física,11,Atividade Física,92,Registro,interior,1,0,outros,Semana Move,Dança circular e a celebração da união e harmonia,Com Marta Negrão e Maria Isabel Ramponi,uma,nextW,proxima,qui,3,15h30,undefined,2023-09-28 00:00:00,2023-09-26 00:00:00,2023-09-28 00:00:00,,,0,tarde
92000001508199,30,6,atividade física,11,Atividade Física,92,Registro,interior,1,0,outros,Semana Move,Pedal virtual - Desafio de bike indoor com tecnologia,Zaxistools,uma,nextW,proxima,qui,3,19h,undefined,2023-09-28 00:00:00,2023-09-28 00:00:00,2023-09-28 00:00:00,,,0,noite
93000005886702,20,6,atividade física,11,Atividade Física,93,Jundiaí,interior,0,0,outros,Semana Move,Hatha Yoga,com BioNathus Yoga,de-ate,sempre,proxima,sempre,7,09h,undefined,2023-09-28 00:00:00,2023-09-28 00:00:00,2023-09-29 00:00:00,,,0,manhã
93000005837798,300,6,atividade física,11,Atividade Física,93,Jundiaí,interior,0,0,outros,Semana Move,Move Empresa,,uma,nextW,proxima,qui,3,10h,undefined,2023-09-28 00:00:00,2023-09-27 00:00:00,2023-09-29 00:00:00,,,0,manhã
94000006087671,30,6,atividade física,11,Atividade Física,94,Bom Retiro,capital,0,0,outros,Semana Move,Surfe na Ginástica Natural,Com Leandro Dantas,de-ate,sempre,proxima,sempre,7,09h,undefined,2023-09-28 00:00:00,2023-09-28 00:00:00,2023-09-29 00:00:00,,,0,manhã
94000006112817,150,6,atividade física,11,Atividade Física,94,Bom Retiro,capital,0,0,outros,Semana Move,Surfitness e slackline,Com Abajur Eventos,uma,nextW,proxima,qui,3,11h30,undefined,2023-09-28 00:00:00,2023-09-28 00:00:00,2023-09-29 00:00:00,,,0,manhã
96000317044254,20,6,atividade física,11,Atividade Física,96,Sorocaba,interior,1,0,outros,Semana Move,Viva Flow,Com Equipe Viva Mais,uma,nextW,proxima,qui,3,08h,undefined,2023-09-28 00:00:00,2023-09-28 00:00:00,2023-09-29 00:00:00,,,0,manhã
96000317044254,20,6,atividade física,11,Atividade Física,96,Sorocaba,interior,1,0,outros,Semana Move,Viva Flow,Com Equipe Viva Mais,uma,nextW,proxima,qui,3,14h,undefined,2023-09-28 00:00:00,2023-09-28 00:00:00,2023-09-29 00:00:00,,,0,tarde
96000317044254,20,6,atividade física,11,Atividade Física,96,Sorocaba,interior,1,0,outros,Semana Move,Viva Flow,Com Equipe Viva Mais,uma,nextW,proxima,qui,3,18h30,undefined,2023-09-28 00:00:00,2023-09-28 00:00:00,2023-09-29 00:00:00,,,0,noite
73000004843121,100,6,atividade física,14,Outros,73,Guarulhos,capital,0,0,outros,Semana Move,Move Criança nas escolas: Mini Tênis,Com os Educadores do Sesc,de-ate,sempre,proxima,sempre,7,09h,undefined,2023-09-28 00:00:00,2023-09-28 00:00:00,2023-09-28 00:00:00,,,0,manhã
86000004040245,300,6,atividade física,14,Outros,86,Araraquara,interior,0,0,crianças,Semana Move,Práticas recreativas de Mini Vôlei,,de-ate,sempre,proxima,sempre,7,14h,undefined,2023-09-28 00:00:00,2023-09-28 00:00:00,2023-09-30 00:00:00,,,0,tarde
88000005139707,200,6,atividade física,14,Outros,88,Santo André,capital,0,0,outros,Semana Move,Futmesa,,de-ate,sempre,proxima,sempre,7,09h,undefined,2023-09-28 00:00:00,2023-09-28 00:00:00,2023-09-29 00:00:00,,,0,manhã
81000004427063,40,8,turismo,12,Turismo,81,Taubaté,interior,0,0,idosos,,TSI visita Sesc Itaquera,,uma,nextW,proxima,qui,3,07h30,undefined,2023-09-28 00:00:00,2023-09-28 00:00:00,2023-09-28 00:00:00,,,0,manhã
71000004201330,30,9,'+ lazer,14,Outros,71,Bertioga,interior,0,0,crianças,Recreação Hóspedes II,Jogos Cooperativos,,de-ate,sempre,proxima,sempre,7,11h,undefined,2023-09-28 00:00:00,2023-09-28 00:00:00,2023-12-28 00:00:00,,,0,manhã
71000004297791,15,9,'+ lazer,14,Outros,71,Bertioga,interior,1,0,crianças,Recreação Hóspedes II,Gincana Digital,Requer uso de smartphone pessoal,de-ate,sempre,proxima,sempre,7,17h30,undefined,2023-09-28 00:00:00,2023-09-28 00:00:00,2023-12-21 00:00:00,,,0,tarde
75000007643303,50,9,'+ lazer,14,Outros,75,Campinas,interior,0,0,outros,Espaço de Brincar,Brincares,Com Educadoras do Espaço de Brincar.,de-ate,sempre,proxima,sempre,7,14h,undefined,2023-09-28 00:00:00,2023-09-28 00:00:00,2023-10-01 00:00:00,,,0,tarde
85000003076713,10,9,'+ lazer,14,Outros,85,Birigui,interior,0,0,outros,,Painel interativo com bolinhas,com Deva Baktha e Natásia dos Anjos,de-ate,sempre,proxima,sempre,7,16h,undefined,2023-09-28 00:00:00,2023-09-28 00:00:00,2023-09-29 00:00:00,,,0,tarde
58000006749114,1000,1,shows e espetáculos,1,Música,58,Pinheiros,capital,0,0,outros,,Tássia Reis canta Alcione,,uma,nextW,proxima,sex,4,21h,undefined,2023-09-29 00:00:00,2023-09-29 00:00:00,2023-09-29 00:00:00,,,0,noite
64000004995025,120,1,shows e espetáculos,1,Música,64,Carmo,capital,1,0,idosos,Shows - TSI,Sarau Dançante,"""De Par em Par"", com Lilian Jardim",uma,nextW,proxima,sex,4,17h30,undefined,2023-09-29 00:00:00,2023-09-29 00:00:00,2023-09-29 00:00:00,,,0,tarde
66000017190784,1200,1,shows e espetáculos,1,Música,66,Vila Mariana,capital,0,0,outros,,Fabiana Cozza,Tributo a Luiz Carlos da Vila. Part. Rita Benneditto.,uma,nextW,proxima,sex,4,21h,undefined,2023-09-29 00:00:00,2023-09-29 00:00:00,2023-09-30 00:00:00,,,0,noite
67000002849409,90,1,shows e espetáculos,1,Música,67,São Caetano,capital,0,0,outros,Cena Aberta,Nara Dom,Tributo a Gal Costa,uma,nextW,proxima,sex,4,20h,undefined,2023-09-29 00:00:00,2023-09-29 00:00:00,2023-09-29 00:00:00,,,0,noite
68000008738552,384,1,shows e espetáculos,1,Música,68,Belenzinho,capital,0,0,outros,,Carlos Careqa,SOMOS TODOS ESTRANGEIROS,uma,nextW,proxima,sex,4,21h,undefined,2023-09-29 00:00:00,2023-09-29 00:00:00,2023-09-29 00:00:00,,,0,noite
68000008712773,800,1,shows e espetáculos,1,Música,68,Belenzinho,capital,0,0,outros,Música Extrema,Vulcano,,uma,nextW,proxima,sex,4,20h30,undefined,2023-09-29 00:00:00,2023-09-29 00:00:00,2023-09-29 00:00:00,,,0,noite
70000005499979,100,1,shows e espetáculos,1,Música,70,Santo Amaro,capital,1,0,outros,Música ao cair da tarde,Cadu Barros,,uma,nextW,proxima,sex,4,19h,undefined,2023-09-29 00:00:00,2023-09-29 00:00:00,2023-09-29 00:00:00,,,0,noite
72000000596589,2000,1,shows e espetáculos,1,Música,72,Mogi Das Cruzes,capital,0,0,outros,,Zeca Baleiro - 26 anos de carreira,,uma,nextW,proxima,sex,4,20h,undefined,2023-09-29 00:00:00,2023-09-29 00:00:00,2023-09-29 00:00:00,1,Tradução em Libras,0,noite
73000004944036,200,1,shows e espetáculos,1,Música,73,Guarulhos,capital,1,0,outros,Cesta de Música,Grandes Clássicos do Samba com Bruna Volpi,,uma,nextW,proxima,sex,4,19h30,undefined,2023-09-29 00:00:00,2023-09-29 00:00:00,2023-09-29 00:00:00,,,0,noite
77000310138529,200,1,shows e espetáculos,1,Música,77,S. J. Campos,interior,0,0,outros,,André Souza e Paulo Aggio trio,,uma,nextW,proxima,sex,4,19h30,undefined,2023-09-29 00:00:00,2023-09-29 00:00:00,2023-09-29 00:00:00,,,0,noite
78000006699662,765,1,shows e espetáculos,1,Música,78,Santos,interior,0,0,outros,,Antônio Nóbrega,show SETENTA + UM,uma,nextW,proxima,sex,4,20h,undefined,2023-09-29 00:00:00,2023-09-29 00:00:00,2023-09-29 00:00:00,,,0,noite
81000004214565,300,1,shows e espetáculos,1,Música,81,Taubaté,interior,0,0,outros,,Do Folk ao Blues,Com Irwing Baptista,uma,nextW,proxima,sex,4,20h,undefined,2023-09-29 00:00:00,2023-09-29 00:00:00,2023-09-29 00:00:00,,,0,noite
82000004976223,200,1,shows e espetáculos,1,Música,82,São Carlos,interior,0,0,outros,MENU MUSICAL,Murilo Romano,Sozinho com os Beatles,uma,nextW,proxima,sex,4,20h,undefined,2023-09-29 00:00:00,2023-09-29 00:00:00,2023-09-29 00:00:00,,,0,noite
84000005414924,200,1,shows e espetáculos,1,Música,84,Rio Preto,interior,0,0,idosos,Vem pro Baile!,Banda The Family,Baile Show,uma,nextW,proxima,sex,4,16h,undefined,2023-09-29 00:00:00,2023-09-29 00:00:00,2023-09-29 00:00:00,,,0,tarde
85000003206029,214,1,shows e espetáculos,1,Música,85,Birigui,interior,0,0,outros,,Guilherme Held,Corpo Nós,uma,nextW,proxima,sex,4,20h,undefined,2023-09-29 00:00:00,2023-09-29 00:00:00,2023-09-29 00:00:00,,,0,noite
86000004206037,200,1,shows e espetáculos,1,Música,86,Araraquara,interior,1,0,outros,Autorais,Rochafeller,Com Netto Rockfeller e Otavio Rocha,uma,nextW,proxima,sex,4,20h,undefined,2023-09-29 00:00:00,2023-09-29 00:00:00,2023-09-29 00:00:00,,,0,noite
88000005141654,302,1,shows e espetáculos,1,Música,88,Santo André,capital,0,0,outros,,Black Mantra convida Hyldon,,uma,nextW,proxima,sex,4,20h,undefined,2023-09-29 00:00:00,2023-09-29 00:00:00,2023-09-29 00:00:00,,,0,noite
92000001498630,200,1,shows e espetáculos,1,Música,92,Registro,interior,1,0,outros,É pra Dançar,Banda Nego Dito,,uma,nextW,proxima,sex,4,20h,undefined,2023-09-29 00:00:00,2023-09-29 00:00:00,2023-09-29 00:00:00,,,0,noite
94000006150559,291,1,shows e espetáculos,1,Música,94,Bom Retiro,capital,0,0,outros,,Grupo Rumo,Show Universo,uma,nextW,proxima,sex,4,20h,undefined,2023-09-29 00:00:00,2023-09-29 00:00:00,2023-09-30 00:00:00,,,0,noite
96000316940354,275,1,shows e espetáculos,1,Música,96,Sorocaba,interior,0,0,outros,Concertos da Primavrea,Clélia Iruzun,,uma,nextW,proxima,sex,4,20h,undefined,2023-09-29 00:00:00,2023-09-29 00:00:00,2023-09-29 00:00:00,,,0,noite
75000007972154,400,1,shows e espetáculos,11,Atividade Física,75,Campinas,interior,0,0,outros,Semana Move,Circuito Sesc de Esportes - Skate com Sandro Dias,,uma,nextW,proxima,sex,4,10h,undefined,2023-09-29 00:00:00,2023-09-26 00:00:00,2023-09-30 00:00:00,,,0,manhã
84000005397536,100,1,shows e espetáculos,11,Atividade Física,84,Rio Preto,interior,0,0,outros,Semana Move,Break In,Apresentação do Break no formato olímpico,uma,nextW,proxima,sex,4,19h,undefined,2023-09-29 00:00:00,2023-09-29 00:00:00,2023-09-29 00:00:00,,,0,noite
84000005397605,100,1,shows e espetáculos,11,Atividade Física,84,Rio Preto,interior,0,0,outros,Semana Move,Escalada Olímpica,"Escalada vertical e boulder, no formato olímpico",uma,nextW,proxima,sex,4,19h,undefined,2023-09-29 00:00:00,2023-09-29 00:00:00,2023-10-01 00:00:00,,,0,noite
85000003189350,500,1,shows e espetáculos,11,Atividade Física,85,Birigui,interior,0,0,outros,Semana Move,Clínica e Bate Papo com Emanuel Rego,,uma,nextW,proxima,sex,4,14h,undefined,2023-09-29 00:00:00,2023-09-26 00:00:00,2023-09-30 00:00:00,,,0,tarde
55000004479324,250,1,shows e espetáculos,2,Teatro,55,Interlagos,capital,1,0,outros,,Valentim Valentinho,"Com Eduardo Borelli, Artur Volpi, Fran Ferraretto, Flávio Pacato e André Torquato.",uma,nextW,proxima,sex,4,14h,undefined,2023-09-29 00:00:00,2023-09-24 00:00:00,2023-10-01 00:00:00,,,0,tarde
56000005051035,150,1,shows e espetáculos,2,Teatro,56,Itaquera,capital,1,0,crianças,,Hamelete - O Cordel,com Grupo Careta,uma,nextW,proxima,sex,4,10h,undefined,2023-09-29 00:00:00,2023-09-29 00:00:00,2023-09-29 00:00:00,,,0,manhã
56000005051035,150,1,shows e espetáculos,2,Teatro,56,Itaquera,capital,1,0,crianças,,Hamelete - O Cordel,com Grupo Careta,uma,nextW,proxima,sex,4,15h,undefined,2023-09-29 00:00:00,2023-09-29 00:00:00,2023-09-29 00:00:00,,,0,tarde
57000007274848,200,1,shows e espetáculos,2,Teatro,57,Ipiranga,capital,0,0,outros,,Selvagem,De Mike Bartlett,uma,nextW,proxima,sex,4,20h,undefined,2023-09-29 00:00:00,2023-09-23 00:00:00,2023-10-22 00:00:00,1,Tradução em Libras,0,noite
57000006564450,30,1,shows e espetáculos,2,Teatro,57,Ipiranga,capital,0,0,outros,Teatro Mínimo,Okama,Direção Miwa Yanagizawa,uma,nextW,proxima,sex,4,21h30,undefined,2023-09-29 00:00:00,2023-09-22 00:00:00,2023-10-08 00:00:00,,,0,noite
58000006707553,98,1,shows e espetáculos,2,Teatro,58,Pinheiros,capital,0,0,outros,,"E VOCÊS, QUEM SÃO?",Samuel de Assis,uma,nextW,proxima,sex,4,20h,undefined,2023-09-29 00:00:00,2023-09-21 00:00:00,2023-10-28 00:00:00,,,0,noite
62000007895240,280,1,shows e espetáculos,2,Teatro,62,Consolação,capital,0,0,outros,,A hora do lobo - um debate com o filme Dogville de Lars von Trier,de Christiane Jatahy,uma,nextW,proxima,sex,4,20h,undefined,2023-09-29 00:00:00,2023-09-22 00:00:00,2023-10-15 00:00:00,,,0,noite
63000013035250,40,1,shows e espetáculos,2,Teatro,63,Pompeia,capital,0,0,outros,,Nica,Com Elisa Band e Gilda Nomacce,uma,nextW,proxima,sex,4,20h30,undefined,2023-09-29 00:00:00,2023-09-21 00:00:00,2023-10-06 00:00:00,1,Audiodescrição  Tradução em Libras,0,noite
63000012860818,302,1,shows e espetáculos,2,Teatro,63,Pompeia,capital,0,1,outros,,Cadê o Sobrevento? Vinte Anos Depois,Com Grupo Sobrevento,uma,nextW,proxima,sex,4,20h,undefined,2023-09-29 00:00:00,2023-09-22 00:00:00,2023-10-01 00:00:00,1,Tradução em Libras,0,noite
65000003505504,80,1,shows e espetáculos,2,Teatro,65,Av. Paulista,capital,0,0,outros,,Guará Vermelha,Com Cia do Tijolo,uma,nextW,proxima,sex,4,19h30,undefined,2023-09-29 00:00:00,2023-09-29 00:00:00,2023-10-29 00:00:00,1,Audiodescrição  Tradução em Libras,0,noite
66000016904826,122,1,shows e espetáculos,2,Teatro,66,Vila Mariana,capital,0,0,outros,,Inútil canto e inútil pranto pelos anjos caídos,Com Ícaro Rodrigues. Dir.: Roberta Estrela D'Alva,uma,nextW,proxima,sex,4,20h,undefined,2023-09-29 00:00:00,2023-09-22 00:00:00,2023-10-07 00:00:00,1,Audiodescrição  Tradução em Libras,0,noite
68000008969431,120,1,shows e espetáculos,2,Teatro,68,Belenzinho,capital,0,0,outros,,G.A.L.A.,"direção de Gerald Thomas, com Fernanda Gugli",uma,nextW,proxima,sex,4,21h30,undefined,2023-09-29 00:00:00,2023-09-22 00:00:00,2023-10-08 00:00:00,,,0,noite
68000008319281,120,1,shows e espetáculos,2,Teatro,68,Belenzinho,capital,0,0,outros,,Quando o discurso autoriza a barbárie,Companhia de Teatro Heliópolis,uma,nextW,proxima,sex,4,20h,undefined,2023-09-29 00:00:00,2023-09-22 00:00:00,2023-10-01 00:00:00,,,0,noite
70000005426245,270,1,shows e espetáculos,2,Teatro,70,Santo Amaro,capital,0,0,outros,,A Falecida,,uma,nextW,proxima,sex,4,21h,undefined,2023-09-29 00:00:00,2023-09-22 00:00:00,2023-10-01 00:00:00,,,0,noite
80000005069194,165,1,shows e espetáculos,2,Teatro,80,Bauru,interior,0,1,outros,,Mãos Trêmulas,,uma,nextW,proxima,sex,4,20h,undefined,2023-09-29 00:00:00,2023-09-29 00:00:00,2023-09-29 00:00:00,,,0,noite
83000004140050,150,1,shows e espetáculos,2,Teatro,83,Piracicaba,interior,0,1,outros,Território Cênico,Pirasemos,Turma do Zé Cia de Teatro,uma,nextW,proxima,sex,4,19h30,undefined,2023-09-29 00:00:00,2023-09-29 00:00:00,2023-09-29 00:00:00,,,0,noite
84000005400529,236,1,shows e espetáculos,2,Teatro,84,Rio Preto,interior,0,0,outros,,Um Dia a Menos,Monólogo de Ana Beatriz Nogueira,uma,nextW,proxima,sex,4,20h,undefined,2023-09-29 00:00:00,2023-09-28 00:00:00,2023-09-29 00:00:00,,,0,noite
93000005925029,200,1,shows e espetáculos,2,Teatro,93,Jundiaí,interior,0,0,outros,,Simão e os Protetores das Florestas,Com Teatro de Mamulengo do Mestre Valdeck de Garanhuns,uma,nextW,proxima,sex,4,15h,undefined,2023-09-29 00:00:00,2023-09-28 00:00:00,2023-09-29 00:00:00,,,0,tarde
71000004373993,300,1,shows e espetáculos,3,Circo,71,Bertioga,interior,0,0,outros,,O Pequeno Circo da Família Silva,Cia Santarosa,uma,nextW,proxima,sex,4,21h,undefined,2023-09-29 00:00:00,2023-09-29 00:00:00,2023-09-29 00:00:00,,,0,noite
76000004314285,700,1,shows e espetáculos,3,Circo,76,Ribeirão Preto,interior,0,0,outros,,Lá Maior Circo,Companhia Sabatino Brothers,uma,nextW,proxima,sex,4,20h,undefined,2023-09-29 00:00:00,2023-09-29 00:00:00,2023-09-29 00:00:00,,,0,noite
76000004396020,700,1,shows e espetáculos,3,Circo,76,Ribeirão Preto,interior,0,0,outros,,Lá Maior Circo - APRESENTAÇÃO PARA AS PESSOAS ATENDIDAS PELO MESA,Companhia Sabatino Brothers,uma,nextW,proxima,sex,4,15h,undefined,2023-09-29 00:00:00,2023-09-29 00:00:00,2023-09-29 00:00:00,,,0,tarde
52000005508001,216,1,shows e espetáculos,4,Dança,52,24 De Maio,capital,0,0,outros,,Clamores,Mithkal Alzghair (Síria/França),uma,nextW,proxima,sex,4,20h,undefined,2023-09-29 00:00:00,2023-09-28 00:00:00,2023-09-29 00:00:00,,,0,noite
63000013624560,400,1,shows e espetáculos,7,Literatura,63,Pompeia,capital,0,0,outros,Massembas de Ialodês: Leci Brandão,Das coisas que mamãe ensinou: mulheres negras plurais e coletivas,Com Beth Beli e Girlei Miranda. Mediação: Luana Bayô. Coro: Ilú Obá de Min Cantoras convidadas: Massembas de Ialodês e Ilú Obá de Min,uma,nextW,proxima,sex,4,20h30,undefined,2023-09-29 00:00:00,2023-09-29 00:00:00,2023-09-29 00:00:00,,,0,noite
75000008050815,100,1,shows e espetáculos,7,Literatura,75,Campinas,interior,0,0,outros,,Novo [Na estante],com Rita Carelli,uma,nextW,proxima,sex,4,09h,undefined,2023-09-29 00:00:00,2023-09-21 00:00:00,2023-10-31 00:00:00,,,0,manhã
75000007953323,15,1,shows e espetáculos,7,Literatura,75,Campinas,interior,1,0,outros,,[NA ESTANTE] Rita Carelli,com Rita Carelli,uma,nextW,proxima,sex,4,09h,undefined,2023-09-29 00:00:00,2023-09-21 00:00:00,2023-10-31 00:00:00,,,0,manhã
81000004413662,60,1,shows e espetáculos,7,Literatura,81,Taubaté,interior,0,0,idosos,,Minha Serenata,com Fio da meada,uma,nextW,proxima,sex,4,13h,undefined,2023-09-29 00:00:00,2023-09-29 00:00:00,2023-09-29 00:00:00,,,0,tarde
71000004322746,40,2,cursos e oficinas,1,Música,71,Bertioga,interior,0,0,idosos,,Cantorias,com Gisele Cruz,primeira,nextW,proxima,sex,4,15h,undefined,2023-09-29 00:00:00,2023-09-29 00:00:00,2023-11-17 00:00:00,,,0,tarde
80000005247659,40,2,cursos e oficinas,10,Saúde,80,Bauru,interior,0,0,outros,Programa Bem Viver,SIPAT: Relaxamento e descompressão,em parceria com o SENAC,uma,nextW,proxima,sex,4,14h,undefined,2023-09-29 00:00:00,2023-09-29 00:00:00,2023-09-29 00:00:00,,,0,tarde
84000005056547,80,2,cursos e oficinas,10,Saúde,84,Rio Preto,interior,0,0,crianças,Curumim,Aniversariantes do Mês - Curumim,,uma,nextW,proxima,sex,4,14h,undefined,2023-09-29 00:00:00,2023-09-28 00:00:00,2023-12-01 00:00:00,,,0,tarde
93000005941399,40,2,cursos e oficinas,10,Saúde,93,Jundiaí,interior,0,0,outros,,Move Nas empresas,cm educadores do Sesc  e convidado Equipe Bonatus,uma,nextW,proxima,sex,4,20h,undefined,2023-09-29 00:00:00,2023-09-27 00:00:00,2023-09-29 00:00:00,,,0,noite
67000002823729,30,2,cursos e oficinas,11,Atividade Física,67,São Caetano,capital,0,0,outros,Semana Move,Move Empresa: SPDM Hospital Estadual de Diadema,Com educadores Sesc,uma,nextW,proxima,sex,4,08h,undefined,2023-09-29 00:00:00,2023-09-29 00:00:00,2023-09-29 00:00:00,,,0,manhã
71000004257783,160,2,cursos e oficinas,11,Atividade Física,71,Bertioga,interior,0,0,crianças,,Esporte Criança - Canoagem Jaguareguava,,uma,nextW,proxima,sex,4,08h30,undefined,2023-09-29 00:00:00,2023-09-26 00:00:00,2023-09-29 00:00:00,,,0,manhã
71000004317364,160,2,cursos e oficinas,11,Atividade Física,71,Bertioga,interior,0,0,crianças,,Monitores ambientais - EPC - Canoagem Jaguareguava,Monitores ambientais,uma,nextW,proxima,sex,4,08h30,undefined,2023-09-29 00:00:00,2023-09-26 00:00:00,2023-09-29 00:00:00,,,0,manhã
88000005130640,40,2,cursos e oficinas,11,Atividade Física,88,Santo André,capital,0,0,outros,Simpósio de Esporte e Lazer do Grande ABC,Capoeira para Pessoas Idosas,Ação Formativa - Simpósio com o Mestre Diolino Brito,uma,nextW,proxima,sex,4,08h30,undefined,2023-09-29 00:00:00,2023-09-29 00:00:00,2023-09-29 00:00:00,,,0,manhã
88000005130786,40,2,cursos e oficinas,11,Atividade Física,88,Santo André,capital,0,0,outros,Simpósio de Esporte e Lazer do Grande ABC,Pedagogia do Futebol,Ação Formativa com Rafael Castellani,uma,nextW,proxima,sex,4,14h,undefined,2023-09-29 00:00:00,2023-09-29 00:00:00,2023-09-29 00:00:00,,,0,tarde
88000005130764,40,2,cursos e oficinas,11,Atividade Física,88,Santo André,capital,0,0,outros,Simpósio de Esporte e Lazer do Grande ABC,Skate,Ação Formativa em negociação com a AFSk,uma,nextW,proxima,sex,4,16h,undefined,2023-09-29 00:00:00,2023-09-29 00:00:00,2023-09-29 00:00:00,,,0,tarde
93000005704170,21,2,cursos e oficinas,14,Outros,93,Jundiaí,interior,0,0,outros,Comunidades Ativas,Comunidades Ativas - Coordenação Pedagógica,com Heloisa Oliveira,primeira,nextW,proxima,sex,4,14h,undefined,2023-09-29 00:00:00,2023-09-22 00:00:00,2023-10-11 00:00:00,,,0,tarde
62000008079651,20,2,cursos e oficinas,2,Teatro,62,Consolação,capital,0,0,outros,,Expansão - A Hora do Lobo - workshop com Christiane Jatahy,"Na oficina Relação. Reação. Criação., a diretora Christiane Jatahy apresenta alguns aspectos de sua linguagem de criação.",uma,nextW,proxima,sex,4,14h,undefined,2023-09-29 00:00:00,2023-09-29 00:00:00,2023-10-06 00:00:00,,,0,tarde
87000002932485,40,2,cursos e oficinas,4,Dança,87,Prudente,interior,0,0,idosos,Trabalho Social com Idosos,Dança,"Com Chico Luz e Gisela Mesquita, bailarinos",primeira,nextW,proxima,sex,4,14h30,undefined,2023-09-29 00:00:00,2023-09-22 00:00:00,2023-11-10 00:00:00,,,0,tarde
71000004295817,20,2,cursos e oficinas,5,Cinema,71,Bertioga,interior,0,0,outros,,Dicas de Fotografia com Smartphones - 2023,a partir de 10 anos,uma,nextW,proxima,sex,4,16h,undefined,2023-09-29 00:00:00,2023-09-29 00:00:00,2023-09-29 00:00:00,,,0,tarde
67000002838968,20,2,cursos e oficinas,6,Artes Visuais,67,São Caetano,capital,0,0,crianças,Espaço de Brincar,Ateliê da terra para bebês,"Com Isaac Arrais Gonçalves e Maria Gabriela, Educadores do Espaço de Brincar",uma,nextW,proxima,sex,4,15h,undefined,2023-09-29 00:00:00,2023-09-22 00:00:00,2023-09-29 00:00:00,,,0,tarde
70000005394129,15,2,cursos e oficinas,6,Artes Visuais,70,Santo Amaro,capital,0,0,outros,,Árvore Genealógica,com Studioteka,primeira,nextW,proxima,sex,4,14h,undefined,2023-09-29 00:00:00,2023-09-22 00:00:00,2023-10-06 00:00:00,,,0,tarde
78000006653176,12,2,cursos e oficinas,6,Artes Visuais,78,Santos,interior,0,0,idosos,,Plantão de dúvidas sobre smatphone: TSI,"Com André Luiz Rosário, educador do espaço de tecnologias e artes",uma,nextW,proxima,sex,4,15h,undefined,2023-09-29 00:00:00,2023-09-22 00:00:00,2023-09-29 00:00:00,,,0,tarde
80000005029492,16,2,cursos e oficinas,6,Artes Visuais,80,Bauru,interior,1,0,outros,,ETA: Laboratório Aberto,"Com Bruno Müller, educador de tecnologias e artes do Sesc.",uma,nextW,proxima,sex,4,14h,undefined,2023-09-29 00:00:00,2023-09-22 00:00:00,2023-09-29 00:00:00,,,0,tarde
83000004163140,100,2,cursos e oficinas,6,Artes Visuais,83,Piracicaba,interior,1,0,outros,CRIA_experiências de invenção,Torneio intergaláctico de Mancala,"Com Angélica Bicego, cientista social e educadora",uma,nextW,proxima,sex,4,20h,undefined,2023-09-29 00:00:00,2023-09-29 00:00:00,2023-09-29 00:00:00,,,0,noite
85000003085140,20,2,cursos e oficinas,6,Artes Visuais,85,Birigui,interior,1,0,outros,,Espaço dos jogos,Com Deva Bhakta,de-ate,sempre,proxima,sempre,7,19h,undefined,2023-09-29 00:00:00,2023-09-29 00:00:00,2023-10-06 00:00:00,,,0,noite
88000005130413,20,2,cursos e oficinas,6,Artes Visuais,88,Santo André,capital,1,0,jovens,Cursos e Oficinas 2023,Lab Jovem de Criatividade: Fotografia,"com Fábio Justino, educador em tecnologias e artes.",uma,nextW,proxima,sex,4,14h30,undefined,2023-09-29 00:00:00,2023-09-22 00:00:00,2023-09-29 00:00:00,,,0,tarde
92000001520941,15,2,cursos e oficinas,6,Artes Visuais,92,Registro,interior,1,0,idosos,,60naRede: Explorando recursos de notas e agenda no smartphone,"com Allan Kendy, Educador do Espaço de Tecnologias e Artes",uma,nextW,proxima,sex,4,15h30,undefined,2023-09-29 00:00:00,2023-09-22 00:00:00,2023-09-29 00:00:00,,,0,tarde
94000006184286,12,2,cursos e oficinas,6,Artes Visuais,94,Bom Retiro,capital,1,0,crianças,Tudo Encaixa,Caixa Sensorial com Cores,"com Andrea Jarandilha, educadora do Espaço de Brincar",uma,nextW,proxima,sex,4,10h30,undefined,2023-09-29 00:00:00,2023-09-29 00:00:00,2023-09-29 00:00:00,,,0,manhã
94000006184286,12,2,cursos e oficinas,6,Artes Visuais,94,Bom Retiro,capital,1,0,crianças,Tudo Encaixa,Caixa Sensorial com Cores,"com Andrea Jarandilha, educadora do Espaço de Brincar",uma,nextW,proxima,sex,4,14h30,undefined,2023-09-29 00:00:00,2023-09-29 00:00:00,2023-09-29 00:00:00,,,0,tarde
95000002889521,10,2,cursos e oficinas,6,Artes Visuais,95,Osasco,capital,0,0,outros,,Oficina de Confecção Artesanal de Carteiras e Pochetes,com Atairú Sapatos Artesanais,uma,nextW,proxima,sex,4,15h,undefined,2023-09-29 00:00:00,2023-09-22 00:00:00,2023-09-29 00:00:00,,,0,tarde
96000320115281,12,2,cursos e oficinas,6,Artes Visuais,96,Sorocaba,interior,1,0,crianças,,Faça Você Mesmo_DIY - Discórdia,"Com Discórdia, artista urbano e grafiteiro",de-ate,sempre,proxima,sempre,7,18h,undefined,2023-09-29 00:00:00,2023-09-22 00:00:00,2023-09-29 00:00:00,,,0,noite
52000005462462,30,2,cursos e oficinas,8,Educação,52,24 De Maio,capital,0,0,crianças,Curumim,[CURUMIM] Aniversariantes do mês,Programa Curumim,primeira,nextW,proxima,sex,4,10h,undefined,2023-09-29 00:00:00,2023-09-29 00:00:00,2023-11-24 00:00:00,,,0,manhã
52000005462595,25,2,cursos e oficinas,8,Educação,52,24 De Maio,capital,0,0,jovens,Juventudes,Cine Bora lá?!,Projeto Bora lá?! - Programa Juventudes,primeira,nextW,proxima,sex,4,14h30,undefined,2023-09-29 00:00:00,2023-09-29 00:00:00,2023-09-29 00:00:00,,,0,tarde
65000003533742,20,2,cursos e oficinas,8,Educação,65,Av. Paulista,capital,1,0,outros,Juventudes,Brincando com Jogos Afrocentrados,"Com Maria Angélica, da Eku Jogos",uma,nextW,proxima,sex,4,14h,undefined,2023-09-29 00:00:00,2023-09-29 00:00:00,2023-09-29 00:00:00,,,0,tarde
79000003096497,20,2,cursos e oficinas,8,Educação,79,Catanduva,interior,0,0,outros,,Crochê a Lá Vontê - Centro Pop,Com Eulete Alvino,uma,nextW,proxima,sex,4,08h,undefined,2023-09-29 00:00:00,2023-09-22 00:00:00,2023-09-29 00:00:00,,,0,manhã
81000004413820,60,2,cursos e oficinas,8,Educação,81,Taubaté,interior,0,0,idosos,,Recordar é Viver,"com Carmem Flora, arte educadora",uma,nextW,proxima,sex,4,13h,undefined,2023-09-29 00:00:00,2023-09-29 00:00:00,2023-09-29 00:00:00,,,0,tarde
82000005002571,15,2,cursos e oficinas,8,Educação,82,São Carlos,interior,0,0,outros,,Introdução ao Micro:bit na plataforma Microsoft Makecod,Com Educador do Espaço de Tecnologias e Artes,uma,nextW,proxima,sex,4,18h30,undefined,2023-09-29 00:00:00,2023-09-22 00:00:00,2023-09-29 00:00:00,,,0,noite
83000004056436,30,2,cursos e oficinas,8,Educação,83,Piracicaba,interior,1,0,outros,Encontro sobre Educação,Oficina de Elaboração de Projetos Culturais,,uma,nextW,proxima,sex,4,19h,undefined,2023-09-29 00:00:00,2023-09-22 00:00:00,2023-09-29 00:00:00,,,0,noite
71000004372142,20,2,cursos e oficinas,9,Meio Ambiente,71,Bertioga,interior,0,0,outros,,Aulas práticas do Curso de jardinagem Senac,,uma,nextW,proxima,sex,4,08h,undefined,2023-09-29 00:00:00,2023-09-29 00:00:00,2023-10-26 00:00:00,,,0,manhã
84000005240052,20,2,cursos e oficinas,9,Meio Ambiente,84,Rio Preto,interior,1,0,outros,Arteria,Terrário Fechado,Com Educadoras do Programa Juventudes,uma,nextW,proxima,sex,4,14h30,undefined,2023-09-29 00:00:00,2023-09-29 00:00:00,2023-09-29 00:00:00,,,0,tarde
86000004107840,30,2,cursos e oficinas,9,Meio Ambiente,86,Araraquara,interior,1,0,outros,,Bola de Sementes,Com Daterra Educação e Permacultura,uma,nextW,proxima,sex,4,16h30,undefined,2023-09-29 00:00:00,2023-09-29 00:00:00,2023-10-01 00:00:00,,,0,tarde
78000006370935,100,3,debates e paletras,10,Saúde,78,Santos,interior,0,0,idosos,,Contra Ponto - Educação em Saúde e Sexualidade na Terceira Idade,,uma,nextW,proxima,sex,4,17h,undefined,2023-09-29 00:00:00,2023-09-29 00:00:00,2023-09-29 00:00:00,,,0,tarde
88000005134520,40,3,debates e paletras,10,Saúde,88,Santo André,capital,0,0,outros,Gerando,Rodas de Conversas com Gestantes e Puérperas,Com Coletiva Raízes do Parto,uma,nextW,proxima,sex,4,14h30,undefined,2023-09-29 00:00:00,2023-09-29 00:00:00,2023-12-01 00:00:00,,,0,tarde
62000007886157,40,3,debates e paletras,11,Atividade Física,62,Consolação,capital,1,0,outros,Semana Move,MOVE ACADEMIA Atividade física e idadismo,com Alessandra Nascimento,uma,nextW,proxima,sex,4,16h30,undefined,2023-09-29 00:00:00,2023-09-27 00:00:00,2023-09-29 00:00:00,,,0,tarde
80000005172187,15,3,debates e paletras,11,Atividade Física,80,Bauru,interior,0,0,outros,Semana Move,Move Academia  Dicas da Semana: Padrões de movimento e prevenção de dores,"Com Gabriel Gimenez, fisioterapeuta esportivo e corredor amador.",uma,nextW,proxima,sex,4,07h30,undefined,2023-09-29 00:00:00,2023-09-28 00:00:00,2023-09-29 00:00:00,,,0,manhã
80000005172187,15,3,debates e paletras,11,Atividade Física,80,Bauru,interior,0,0,outros,Semana Move,Move Academia  Dicas da Semana: Padrões de movimento e prevenção de dores,"Com Gabriel Gimenez, fisioterapeuta esportivo e corredor amador.",uma,nextW,proxima,sex,4,09h,undefined,2023-09-29 00:00:00,2023-09-28 00:00:00,2023-09-29 00:00:00,,,0,manhã
80000005172187,15,3,debates e paletras,11,Atividade Física,80,Bauru,interior,0,0,outros,Semana Move,Move Academia  Dicas da Semana: Padrões de movimento e prevenção de dores,"Com Gabriel Gimenez, fisioterapeuta esportivo e corredor amador.",uma,nextW,proxima,sex,4,10h30,undefined,2023-09-29 00:00:00,2023-09-28 00:00:00,2023-09-29 00:00:00,,,0,manhã
80000005172187,15,3,debates e paletras,11,Atividade Física,80,Bauru,interior,0,0,outros,Semana Move,Move Academia  Dicas da Semana: Padrões de movimento e prevenção de dores,"Com Gabriel Gimenez, fisioterapeuta esportivo e corredor amador.",uma,nextW,proxima,sex,4,12h,undefined,2023-09-29 00:00:00,2023-09-28 00:00:00,2023-09-29 00:00:00,,,0,tarde
80000005187208,60,3,debates e paletras,11,Atividade Física,80,Bauru,interior,1,0,outros,Semana Move,"Move Esporte  Camp de Corrida - Esporte, corpo e diversidade","Com Ellen Valias, influencer, praticante de corrida e criadora do perfil Atleta de Peso e Dante Preto, artista e membro do projeto Trans no Corre",uma,nextW,proxima,sex,4,19h,undefined,2023-09-29 00:00:00,2023-09-29 00:00:00,2023-09-29 00:00:00,,,0,noite
88000005130684,300,3,debates e paletras,11,Atividade Física,88,Santo André,capital,0,0,outros,Simpósio de Esporte e Lazer do Grande ABC,O futebol como prática educativa: da formação à excelência,"com Julia Passero, João Paulo Medina e Rafael Castellani",uma,nextW,proxima,sex,4,10h15,undefined,2023-09-29 00:00:00,2023-09-29 00:00:00,2023-09-29 00:00:00,1,Tradução em Libras,0,manhã
71000004452162,20,3,debates e paletras,14,Outros,71,Bertioga,interior,0,0,outros,Cessão de Espaço,"Reunião de Avaliação (Meeditar, Festival da integração e Sukiaki)",,uma,nextW,proxima,sex,4,14h30,undefined,2023-09-29 00:00:00,2023-09-29 00:00:00,2023-09-29 00:00:00,,,0,tarde
62000007823571,35,3,debates e paletras,8,Educação,62,Consolação,capital,0,0,outros,,Programa de Preparação para a Aposentadoria,Com Gerência de Desenvolvimento de Pessoas,uma,nextW,proxima,sex,4,10h,undefined,2023-09-29 00:00:00,2023-09-26 00:00:00,2023-09-29 00:00:00,,,0,manhã
81000004362997,60,3,debates e paletras,8,Educação,81,Taubaté,interior,0,0,idosos,,O ENCONTRO!,com técnico do programa TSI e educadores físico esportivo,uma,nextW,proxima,sex,4,10h,undefined,2023-09-29 00:00:00,2023-09-29 00:00:00,2023-09-29 00:00:00,,,0,manhã
81000004307615,25,3,debates e paletras,8,Educação,81,Taubaté,interior,0,0,outros,,Elas em foco. Trocas e diálogos sobre a ação do cuidar,"Com Ana Luiza, psicóloga e psicanalista",uma,nextW,proxima,sex,4,19h,undefined,2023-09-29 00:00:00,2023-09-29 00:00:00,2023-09-30 00:00:00,,,0,noite
82000005052563,40,3,debates e paletras,8,Educação,82,São Carlos,interior,0,0,idosos,,Ponto de Encontro,Café com prosa,uma,nextW,proxima,sex,4,14h,undefined,2023-09-29 00:00:00,2023-09-29 00:00:00,2023-09-29 00:00:00,,,0,tarde
89000001251848,50,3,debates e paletras,8,Educação,89,CPF,capital,0,0,outros,Cursos e Palestras,Millôr Fernandes: o Brasil lido pelo humor,"Tiago Ferro, Paulo Roberto Pires, Sônia Bibe Luyten e Xico Sá",uma,nextW,proxima,sex,4,15h,undefined,2023-09-29 00:00:00,2023-09-22 00:00:00,2023-09-29 00:00:00,,,0,tarde
78000006700151,40,3,debates e paletras,9,Meio Ambiente,78,Santos,interior,0,0,outros,Florestar: Áreas Verdes Educadoras - Ações regulares,Identificação Botânica de plantas medicinais,Com Dr Marcos Furlan,uma,nextW,proxima,sex,4,18h30,undefined,2023-09-29 00:00:00,2023-09-29 00:00:00,2023-09-30 00:00:00,1,Tradução em Libras,0,noite
76000004481289,100,4,exposições,6,Artes Visuais,76,Ribeirão Preto,interior,0,0,outros,O que os olhos alcançam - Cristiano Mascaro,Exposição O que os olhos alcançam,,de-ate,sempre,proxima,sempre,7,13h,undefined,2023-09-29 00:00:00,2023-09-29 00:00:00,2024-01-28 00:00:00,1,Audiodescrição  Recursos Táteis  Braille  Audioguia  Texto Ampliado,0,tarde
76000004419682,300,4,exposições,6,Artes Visuais,76,Ribeirão Preto,interior,1,0,outros,,Exposição O que os olhos alcançam,de Cristiano Mascaro,de-ate,sempre,proxima,sempre,7,08h,undefined,2023-09-29 00:00:00,2023-09-29 00:00:00,2023-09-29 00:00:00,1,Audiodescrição  Recursos Táteis  Braille  Audioguia  Texto Ampliado,0,manhã
59000000715695,279,5,filmes,5,Cinema,59,Cinesesc,capital,1,0,outros,,Medida Provisória - EMEF Jardim Guarani,Lazaro Ramos  Brasil  83  ficção  14 anos,uma,nextW,proxima,sex,4,11h,undefined,2023-09-29 00:00:00,2023-09-29 00:00:00,2023-09-29 00:00:00,,,0,manhã
82000004904294,269,5,filmes,5,Cinema,82,São Carlos,interior,0,0,outros,,Julietti: uma vida nas montanhas,"Brasil, 2019. Cor. Dir.: Wiland Pinsdorf. Documentário. 25 min. Livre.",uma,nextW,proxima,sex,4,19h30,undefined,2023-09-29 00:00:00,2023-09-29 00:00:00,2023-09-29 00:00:00,,,0,noite
52000005476059,300,6,atividade física,11,Atividade Física,52,24 De Maio,capital,0,0,crianças,Semana Move,Hóquei - Semana Move,Semana MOVE,uma,nextW,proxima,sex,4,09h,undefined,2023-09-29 00:00:00,2023-09-28 00:00:00,2023-10-01 00:00:00,,,0,manhã
52000005476059,300,6,atividade física,11,Atividade Física,52,24 De Maio,capital,0,0,crianças,Semana Move,Hóquei - Semana Move,Semana MOVE,uma,nextW,proxima,sex,4,14h,undefined,2023-09-29 00:00:00,2023-09-28 00:00:00,2023-10-01 00:00:00,,,0,tarde
52000005476497,30,6,atividade física,11,Atividade Física,52,24 De Maio,capital,0,0,outros,Semana Move,Crossminton,Semana MOVE,uma,nextW,proxima,sex,4,18h30,undefined,2023-09-29 00:00:00,2023-09-27 00:00:00,2023-09-29 00:00:00,,,0,noite
53000005849215,450,6,atividade física,11,Atividade Física,53,Santana,capital,0,0,outros,Semana Move,Circuito de Condicionamento Físico Aquático,Com educadores físico-esportivo,uma,nextW,proxima,sex,4,07h30,undefined,2023-09-29 00:00:00,2023-09-26 00:00:00,2023-09-29 00:00:00,,,0,manhã
55000004786495,200,6,atividade física,11,Atividade Física,55,Interlagos,capital,0,0,outros,Semana Move,Meditação e Relaxamento,Empresa Vox Line - Sipat 2023,uma,nextW,proxima,sex,4,11h,undefined,2023-09-29 00:00:00,2023-09-29 00:00:00,2023-09-29 00:00:00,,,0,manhã
55000004665038,80,6,atividade física,11,Atividade Física,55,Interlagos,capital,0,0,outros,Semana Move,Treinão Coletivo de GMF,,uma,nextW,proxima,sex,4,09h15,undefined,2023-09-29 00:00:00,2023-09-29 00:00:00,2023-09-29 00:00:00,,,0,manhã
62000007894676,60,6,atividade física,11,Atividade Física,62,Consolação,capital,1,0,outros,Semana Move,MOVE ÁGUA Condicionamento Físico Aquático,Com educadoras(es) do Sesc e DJ Thiana e Pilar,de-ate,sempre,proxima,sempre,7,08h,undefined,2023-09-29 00:00:00,2023-09-29 00:00:00,2023-09-29 00:00:00,,,0,manhã
62000007977708,100,6,atividade física,11,Atividade Física,62,Consolação,capital,1,0,outros,Semana Move,MOVE ESPORTES Clínica de Basquete,Com Mahmoud Abdoul Raulf,uma,nextW,proxima,sex,4,19h30,undefined,2023-09-29 00:00:00,2023-09-29 00:00:00,2023-09-29 00:00:00,,,0,noite
62000007880478,60,6,atividade física,11,Atividade Física,62,Consolação,capital,1,0,outros,Semana Move,MOVE ESPORTES Futsal - Movimentação Tática,Com Fernanda Grande,uma,nextW,proxima,sex,4,20h,undefined,2023-09-29 00:00:00,2023-09-26 00:00:00,2023-09-29 00:00:00,,,0,noite
62000007914130,100,6,atividade física,11,Atividade Física,62,Consolação,capital,1,0,outros,Semana Move,MOVE ESPORTES Tênis de Mesa,Na estação Higienópolis-Mackenzie,uma,nextW,proxima,sex,4,11h30,undefined,2023-09-29 00:00:00,2023-09-26 00:00:00,2023-09-29 00:00:00,,,0,manhã
62000007880534,60,6,atividade física,11,Atividade Física,62,Consolação,capital,1,0,outros,Semana Move,MOVE ESPORTES Vôlei - Sistema Tático,Com Ellen Barretos,uma,nextW,proxima,sex,4,18h30,undefined,2023-09-29 00:00:00,2023-09-28 00:00:00,2023-09-29 00:00:00,,,0,noite
64000004953397,20,6,atividade física,11,Atividade Física,64,Carmo,capital,1,0,outros,Semana Move,Aula aberta de danças urbanas,com Igor Gasparini,uma,nextW,proxima,sex,4,15h,undefined,2023-09-29 00:00:00,2023-09-25 00:00:00,2023-09-29 00:00:00,,,0,tarde
65000003546471,100,6,atividade física,11,Atividade Física,65,Av. Paulista,capital,0,0,outros,Semana Move,Floorball,Com Associação Brasileira de Floorball,uma,nextW,proxima,sex,4,13h,undefined,2023-09-29 00:00:00,2023-09-27 00:00:00,2023-09-29 00:00:00,,,0,tarde
65000003546448,50,6,atividade física,11,Atividade Física,65,Av. Paulista,capital,0,0,outros,Semana Move,Spikeball,Com Spikeball Brasil,uma,nextW,proxima,sex,4,07h,undefined,2023-09-29 00:00:00,2023-09-26 00:00:00,2023-09-29 00:00:00,,,0,manhã
65000003546764,50,6,atividade física,11,Atividade Física,65,Av. Paulista,capital,1,0,outros,Semana Move,Esportes de Regularidade: Caminhada e Bike,Esdras Martins,uma,nextW,proxima,sex,4,19h30,undefined,2023-09-29 00:00:00,2023-09-29 00:00:00,2023-09-29 00:00:00,,,0,noite
66000017458621,50,6,atividade física,11,Atividade Física,66,Vila Mariana,capital,0,0,outros,Semana Move,Encontro de Breaking,,uma,nextW,proxima,sex,4,19h30,undefined,2023-09-29 00:00:00,2023-09-27 00:00:00,2023-09-29 00:00:00,,,0,noite
66000017388603,100,6,atividade física,11,Atividade Física,66,Vila Mariana,capital,0,0,outros,Semana Move,Imersão 15 MIM: Momento Individual do Movimento,Prática aprofundada para funcionários e colaboradores,uma,nextW,proxima,sex,4,08h,undefined,2023-09-29 00:00:00,2023-09-27 00:00:00,2023-09-29 00:00:00,,,0,manhã
66000017388603,100,6,atividade física,11,Atividade Física,66,Vila Mariana,capital,0,0,outros,Semana Move,Imersão 15 MIM: Momento Individual do Movimento,Prática aprofundada para funcionários e colaboradores,uma,nextW,proxima,sex,4,16h,undefined,2023-09-29 00:00:00,2023-09-27 00:00:00,2023-09-29 00:00:00,,,0,tarde
71000004405268,400,6,atividade física,11,Atividade Física,71,Bertioga,interior,0,0,crianças,Semana Move,Move Criança - Ações nas escolas (Vista Linda) e Assoc. N. Senhora de Fátima,,uma,nextW,proxima,sex,4,08h,undefined,2023-09-29 00:00:00,2023-09-26 00:00:00,2023-09-29 00:00:00,,,0,manhã
73000004943915,30,6,atividade física,11,Atividade Física,73,Guarulhos,capital,1,0,crianças,Semana Move,Vivência de Stand Up Padle(SUP),Com Estela Viva Mais Por Você,uma,nextW,proxima,sex,4,08h,undefined,2023-09-29 00:00:00,2023-09-29 00:00:00,2023-09-29 00:00:00,,,0,manhã
73000004943915,30,6,atividade física,11,Atividade Física,73,Guarulhos,capital,1,0,crianças,Semana Move,Vivência de Stand Up Padle(SUP),Com Estela Viva Mais Por Você,uma,nextW,proxima,sex,4,15h,undefined,2023-09-29 00:00:00,2023-09-29 00:00:00,2023-09-29 00:00:00,,,0,tarde
73000004943915,30,6,atividade física,11,Atividade Física,73,Guarulhos,capital,1,0,crianças,Semana Move,Vivência de Stand Up Padle(SUP),Com Estela Viva Mais Por Você,uma,nextW,proxima,sex,4,19h30,undefined,2023-09-29 00:00:00,2023-09-29 00:00:00,2023-09-29 00:00:00,,,0,noite
75000007807449,500,6,atividade física,11,Atividade Física,75,Campinas,interior,0,0,outros,Semana Move,Maratona de Hidroginástica,,uma,nextW,proxima,sex,4,07h,undefined,2023-09-29 00:00:00,2023-09-28 00:00:00,2023-09-29 00:00:00,,,0,manhã
76000004432829,300,6,atividade física,11,Atividade Física,76,Ribeirão Preto,interior,0,0,outros,Semana Move,Ginástica Multifuncional nas Empresas,Semana MOVE,uma,nextW,proxima,sex,4,08h,undefined,2023-09-29 00:00:00,2023-09-27 00:00:00,2023-09-29 00:00:00,,,0,manhã
78000006720630,300,6,atividade física,11,Atividade Física,78,Santos,interior,0,0,jovens,Semana Move,Floorball - Move Esportes,Vivência de floorball para crianças,uma,nextW,proxima,sex,4,08h30,undefined,2023-09-29 00:00:00,2023-09-28 00:00:00,2023-09-29 00:00:00,,,0,manhã
78000006720687,50,6,atividade física,11,Atividade Física,78,Santos,interior,0,0,outros,Semana Move,Alongamento - Move Academia,,uma,nextW,proxima,sex,4,15h30,undefined,2023-09-29 00:00:00,2023-09-27 00:00:00,2023-09-29 00:00:00,,,0,tarde
78000006720557,200,6,atividade física,11,Atividade Física,78,Santos,interior,0,0,outros,Semana Move,Aula aberta de Tênis - Move Esportes,,uma,nextW,proxima,sex,4,16h30,undefined,2023-09-29 00:00:00,2023-09-26 00:00:00,2023-09-29 00:00:00,,,0,tarde
78000006679530,100,6,atividade física,11,Atividade Física,78,Santos,interior,0,0,outros,Semana Move,Kpop - Move Academia,VivÊncia de aula de dança KPOP,de-ate,sempre,proxima,sempre,7,20h,undefined,2023-09-29 00:00:00,2023-09-29 00:00:00,2023-10-01 00:00:00,,,0,noite
78000006704101,100,6,atividade física,11,Atividade Física,78,Santos,interior,0,0,outros,Semana Move,Ritmo e Movimento - Move Crianças,,uma,nextW,proxima,sex,4,08h30,undefined,2023-09-29 00:00:00,2023-09-28 00:00:00,2023-09-29 00:00:00,,,0,manhã
80000005306891,30,6,atividade física,11,Atividade Física,80,Bauru,interior,0,0,outros,Semana Move,Camp de Corrida - Treino Aberto,Com educadores em atividades físico-esportivas do Sesc.,uma,nextW,proxima,sex,4,20h,undefined,2023-09-29 00:00:00,2023-09-27 00:00:00,2023-09-29 00:00:00,,,0,noite
81000004409596,25,6,atividade física,11,Atividade Física,81,Taubaté,interior,0,0,outros,,Condicionamento Físico Aquático,Quarta 19h  Sexta 19h - A partir de 12 anos,de-ate,sempre,proxima,sempre,7,19h,undefined,2023-09-29 00:00:00,2023-09-22 00:00:00,2023-12-29 00:00:00,,,0,noite
82000004938149,300,6,atividade física,11,Atividade Física,82,São Carlos,interior,0,0,outros,Semana Move,Vivência de Tai Chi Chuan: Sesc Empresa,Semana MOVE,uma,nextW,proxima,sex,4,08h,undefined,2023-09-29 00:00:00,2023-09-27 00:00:00,2023-09-29 00:00:00,,,0,manhã
82000004969034,10,6,atividade física,11,Atividade Física,82,São Carlos,interior,1,0,outros,Semana Move,"Core, controle e coordenação",Com educadores do Sesc,uma,nextW,proxima,sex,4,16h,undefined,2023-09-29 00:00:00,2023-09-27 00:00:00,2023-09-29 00:00:00,,,0,tarde
83000004067273,200,6,atividade física,11,Atividade Física,83,Piracicaba,interior,0,0,crianças,Semana Move,Aulas abertas Programa Sesc de Esportes. GMF e Atividades Aquáticas,Com educadores do Sesc,uma,nextW,proxima,sex,4,14h30,undefined,2023-09-29 00:00:00,2023-09-26 00:00:00,2023-09-29 00:00:00,,,0,tarde
83000004041342,250,6,atividade física,11,Atividade Física,83,Piracicaba,interior,0,0,outros,Semana Move,"Circuito Equilíbrio, Gravidade e Força",Com equipe Ativiva,uma,nextW,proxima,sex,4,14h,undefined,2023-09-29 00:00:00,2023-09-26 00:00:00,2023-09-29 00:00:00,,,0,tarde
85000003185819,12,6,atividade física,11,Atividade Física,85,Birigui,interior,0,0,outros,Semana Move,Experimenta GMF,Com educadores do Sesc,uma,nextW,proxima,sex,4,18h30,undefined,2023-09-29 00:00:00,2023-09-26 00:00:00,2023-09-29 00:00:00,,,0,noite
85000003187440,60,6,atividade física,11,Atividade Física,85,Birigui,interior,0,0,outros,Semana Move,Pedalada e Caminhada Consciente,Plenitude Bem Estar,uma,nextW,proxima,sex,4,08h30,undefined,2023-09-29 00:00:00,2023-09-27 00:00:00,2023-09-29 00:00:00,,,0,manhã
92000001516713,300,6,atividade física,11,Atividade Física,92,Registro,interior,0,0,crianças,Semana Move,Pedal seguro e trânsito empático,Caiçara Recreação,uma,nextW,proxima,sex,4,08h,undefined,2023-09-29 00:00:00,2023-09-27 00:00:00,2023-09-29 00:00:00,,,0,manhã
92000001507948,300,6,atividade física,11,Atividade Física,92,Registro,interior,1,0,crianças,Semana Move,Apresentação esportiva de Bike Trial,Sp Hawks,uma,nextW,proxima,sex,4,10h,undefined,2023-09-29 00:00:00,2023-09-27 00:00:00,2023-10-01 00:00:00,,,0,manhã
93000005774555,50,6,atividade física,11,Atividade Física,93,Jundiaí,interior,0,0,outros,Semana Move,Festival de Lutas PSE Esporte Jovem,,uma,nextW,proxima,sex,4,09h,undefined,2023-09-29 00:00:00,2023-09-29 00:00:00,2023-09-29 00:00:00,,,0,manhã
93000005837798,300,6,atividade física,11,Atividade Física,93,Jundiaí,interior,0,0,outros,Semana Move,Move Empresa,,uma,nextW,proxima,sex,4,10h,undefined,2023-09-29 00:00:00,2023-09-27 00:00:00,2023-09-29 00:00:00,,,0,manhã
93000005957101,16,6,atividade física,11,Atividade Física,93,Jundiaí,interior,0,0,outros,Semana Move,Torneio de tênis de duplas mistas da Semana MOVE,Com bolas verdes de 75%,de-ate,sempre,proxima,sempre,7,07h30,undefined,2023-09-29 00:00:00,2023-09-27 00:00:00,2023-09-29 00:00:00,,,0,manhã
94000006112817,150,6,atividade física,11,Atividade Física,94,Bom Retiro,capital,0,0,outros,Semana Move,Surfitness e slackline,Com Abajur Eventos,uma,nextW,proxima,sex,4,11h30,undefined,2023-09-29 00:00:00,2023-09-28 00:00:00,2023-09-29 00:00:00,,,0,manhã
96000317044254,20,6,atividade física,11,Atividade Física,96,Sorocaba,interior,1,0,outros,Semana Move,Viva Flow,Com Equipe Viva Mais,uma,nextW,proxima,sex,4,08h,undefined,2023-09-29 00:00:00,2023-09-28 00:00:00,2023-09-29 00:00:00,,,0,manhã
96000317044254,20,6,atividade física,11,Atividade Física,96,Sorocaba,interior,1,0,outros,Semana Move,Viva Flow,Com Equipe Viva Mais,uma,nextW,proxima,sex,4,14h,undefined,2023-09-29 00:00:00,2023-09-28 00:00:00,2023-09-29 00:00:00,,,0,tarde
96000317044254,20,6,atividade física,11,Atividade Física,96,Sorocaba,interior,1,0,outros,Semana Move,Viva Flow,Com Equipe Viva Mais,uma,nextW,proxima,sex,4,18h30,undefined,2023-09-29 00:00:00,2023-09-28 00:00:00,2023-09-29 00:00:00,,,0,noite
53000006186043,100,6,atividade física,14,Outros,53,Santana,capital,0,0,outros,Semana Move,Futebol de Botão,MOVE ESPORTES,de-ate,sempre,proxima,sempre,7,12h,undefined,2023-09-29 00:00:00,2023-09-29 00:00:00,2023-09-29 00:00:00,,,0,tarde
73000004843141,100,6,atividade física,14,Outros,73,Guarulhos,capital,0,0,outros,Semana Move,Move Criança nas escolas: Shuffleboard e Floor Curling,,de-ate,sempre,proxima,sempre,7,09h,undefined,2023-09-29 00:00:00,2023-09-29 00:00:00,2023-09-29 00:00:00,,,0,manhã
82000004923724,269,6,atividade física,14,Outros,82,São Carlos,interior,1,0,outros,Semana Move,Bate papo: sobre mulheres e montanhas,,de-ate,sempre,proxima,sempre,7,19h30,undefined,2023-09-29 00:00:00,2023-09-29 00:00:00,2023-09-29 00:00:00,,,0,noite
71000004201740,20,9,'+ lazer,14,Outros,71,Bertioga,interior,0,0,crianças,Recreação Hóspedes II,Brincadeiras Musicadas,,de-ate,sempre,proxima,sempre,7,15h30,undefined,2023-09-29 00:00:00,2023-09-29 00:00:00,2023-12-29 00:00:00,,,0,tarde
52000005514318,219,1,shows e espetáculos,1,Música,52,24 De Maio,capital,0,0,outros,,Anelis Assumpção,SAL,uma,nextW,proxima,sáb,5,20h,undefined,2023-09-30 00:00:00,2023-09-30 00:00:00,2023-10-01 00:00:00,,,0,noite
53000006392808,330,1,shows e espetáculos,1,Música,53,Santana,capital,0,0,outros,,Lupe de Lupe,,uma,nextW,proxima,sáb,5,20h,undefined,2023-09-30 00:00:00,2023-09-30 00:00:00,2023-10-01 00:00:00,,,0,noite
53000006201090,40,1,shows e espetáculos,1,Música,53,Santana,capital,1,0,outros,,BrinCáDoQuê,,uma,nextW,proxima,sáb,5,14h,undefined,2023-09-30 00:00:00,2023-09-30 00:00:00,2023-10-01 00:00:00,,,0,tarde
55000004662331,287,1,shows e espetáculos,1,Música,55,Interlagos,capital,0,0,outros,,CORALUSP,,uma,nextW,proxima,sáb,5,16h,undefined,2023-09-30 00:00:00,2023-09-30 00:00:00,2023-09-30 00:00:00,,,0,tarde
58000006744942,1000,1,shows e espetáculos,1,Música,58,Pinheiros,capital,0,0,outros,,Tiago Nacarato,,uma,nextW,proxima,sáb,5,21h,undefined,2023-09-30 00:00:00,2023-09-30 00:00:00,2023-09-30 00:00:00,,,0,noite
63000013631379,800,1,shows e espetáculos,1,Música,63,Pompeia,capital,0,0,outros,Massembas de Ialodês: Leci Brandão,Leci Brandão,,uma,nextW,proxima,sáb,5,21h30,undefined,2023-09-30 00:00:00,2023-09-30 00:00:00,2023-10-01 00:00:00,,,0,noite
66000017190784,1200,1,shows e espetáculos,1,Música,66,Vila Mariana,capital,0,0,outros,,Fabiana Cozza,Tributo a Luiz Carlos da Vila. Part. Rita Benneditto.,uma,nextW,proxima,sáb,5,21h,undefined,2023-09-30 00:00:00,2023-09-29 00:00:00,2023-09-30 00:00:00,,,0,noite
68000008685757,394,1,shows e espetáculos,1,Música,68,Belenzinho,capital,0,0,outros,,Metá Metá,,uma,nextW,proxima,sáb,5,21h,undefined,2023-09-30 00:00:00,2023-09-30 00:00:00,2023-09-30 00:00:00,,,0,noite
68000008707579,800,1,shows e espetáculos,1,Música,68,Belenzinho,capital,0,0,outros,,Zimbra,,uma,nextW,proxima,sáb,5,20h30,undefined,2023-09-30 00:00:00,2023-09-30 00:00:00,2023-09-30 00:00:00,,,0,noite
71000004178883,40,1,shows e espetáculos,1,Música,71,Bertioga,interior,0,0,outros,Música na Capela,Dagma Eid,,uma,nextW,proxima,sáb,5,16h,undefined,2023-09-30 00:00:00,2023-09-30 00:00:00,2023-09-30 00:00:00,,,0,tarde
72000000596545,2000,1,shows e espetáculos,1,Música,72,Mogi Das Cruzes,capital,0,0,outros,,Rincon Sapiência convida Rael,,uma,nextW,proxima,sáb,5,18h,undefined,2023-09-30 00:00:00,2023-09-30 00:00:00,2023-09-30 00:00:00,1,Tradução em Libras,0,noite
73000005254009,1700,1,shows e espetáculos,1,Música,73,Guarulhos,capital,1,0,outros,,DJ K-Mina,,uma,nextW,proxima,sáb,5,18h30,undefined,2023-09-30 00:00:00,2023-09-30 00:00:00,2023-09-30 00:00:00,,,0,noite
75000007747657,100,1,shows e espetáculos,1,Música,75,Campinas,interior,0,0,outros,,Trio Sambasonics Acústico,,uma,nextW,proxima,sáb,5,16h,undefined,2023-09-30 00:00:00,2023-09-30 00:00:00,2023-09-30 00:00:00,,,0,tarde
77000306518551,900,1,shows e espetáculos,1,Música,77,S. J. Campos,interior,0,0,outros,,Zeca Baleiro,,uma,nextW,proxima,sáb,5,20h,undefined,2023-09-30 00:00:00,2023-09-30 00:00:00,2023-09-30 00:00:00,,,0,noite
78000006575195,765,1,shows e espetáculos,1,Música,78,Santos,interior,0,0,outros,,Orquídeas do Brasil,,uma,nextW,proxima,sáb,5,20h,undefined,2023-09-30 00:00:00,2023-09-30 00:00:00,2023-09-30 00:00:00,,,0,noite
84000005177711,224,1,shows e espetáculos,1,Música,84,Rio Preto,interior,0,0,outros,Novos Concertos,LUCIANA SAYURI & ALEXANDRE ZAMITH,Concertos Para Piano,uma,nextW,proxima,sáb,5,20h,undefined,2023-09-30 00:00:00,2023-09-30 00:00:00,2023-09-30 00:00:00,,,0,noite
87000002995938,500,1,shows e espetáculos,1,Música,87,Prudente,interior,0,0,outros,,Subcut/ Ação Direta,,uma,nextW,proxima,sáb,5,16h,undefined,2023-09-30 00:00:00,2023-09-30 00:00:00,2023-09-30 00:00:00,,,0,tarde
88000005141937,302,1,shows e espetáculos,1,Música,88,Santo André,capital,0,0,outros,,Claudinho de Oliveira,Gratidão,uma,nextW,proxima,sáb,5,19h,undefined,2023-09-30 00:00:00,2023-09-30 00:00:00,2023-09-30 00:00:00,,,0,noite
93000005946834,150,1,shows e espetáculos,1,Música,93,Jundiaí,interior,0,0,outros,,Banda Zassa  -GMF Move,,uma,nextW,proxima,sáb,5,10h,undefined,2023-09-30 00:00:00,2023-09-30 00:00:00,2023-09-30 00:00:00,,,0,manhã
94000006150559,291,1,shows e espetáculos,1,Música,94,Bom Retiro,capital,0,0,outros,,Grupo Rumo,Show Universo,uma,nextW,proxima,sáb,5,20h,undefined,2023-09-30 00:00:00,2023-09-29 00:00:00,2023-09-30 00:00:00,,,0,noite
55000004665087,40,1,shows e espetáculos,11,Atividade Física,55,Interlagos,capital,0,0,outros,Semana Move,Treinando com Jerusa Geber,,uma,nextW,proxima,sáb,5,10h,undefined,2023-09-30 00:00:00,2023-09-30 00:00:00,2023-09-30 00:00:00,,,0,manhã
57000007399708,80,1,shows e espetáculos,11,Atividade Física,57,Ipiranga,capital,0,0,outros,Semana Move,Bate Papo - 60 anos de Aikido no Brasil,Com Herbert Ran Ichi sensei e Gustavo Braga com mediação de Leonardo Sodré sensei.,uma,nextW,proxima,sáb,5,17h30,undefined,2023-09-30 00:00:00,2023-09-30 00:00:00,2023-09-30 00:00:00,,,0,tarde
57000007399753,80,1,shows e espetáculos,11,Atividade Física,57,Ipiranga,capital,0,0,outros,Semana Move,Bate Papo - Aikido e Envelhecimento,"Com Claude Walla sensei, Lila Serzedello sensei, Roque Vargas sensei e mediação de Maria Cristina Vilas Boas.",uma,nextW,proxima,sáb,5,14h,undefined,2023-09-30 00:00:00,2023-09-30 00:00:00,2023-09-30 00:00:00,,,0,tarde
58000006767843,100,1,shows e espetáculos,11,Atividade Física,58,Pinheiros,capital,0,0,crianças,Semana Move,Semana Move 2023 - Brincando Sobre Rodas,,uma,nextW,proxima,sáb,5,14h,undefined,2023-09-30 00:00:00,2023-09-30 00:00:00,2023-10-01 00:00:00,,,0,tarde
63000013500331,30,1,shows e espetáculos,11,Atividade Física,63,Pompeia,capital,0,0,outros,Semana Move,Baile Silencioso,com Dj Simoníssima,uma,nextW,proxima,sáb,5,11h,undefined,2023-09-30 00:00:00,2023-09-30 00:00:00,2023-09-30 00:00:00,,,0,manhã
63000013500331,30,1,shows e espetáculos,11,Atividade Física,63,Pompeia,capital,0,0,outros,Semana Move,Baile Silencioso,com Dj Simoníssima,uma,nextW,proxima,sáb,5,14h,undefined,2023-09-30 00:00:00,2023-09-30 00:00:00,2023-09-30 00:00:00,,,0,tarde
63000013500331,30,1,shows e espetáculos,11,Atividade Física,63,Pompeia,capital,0,0,outros,Semana Move,Baile Silencioso,com Dj Simoníssima,uma,nextW,proxima,sáb,5,16h,undefined,2023-09-30 00:00:00,2023-09-30 00:00:00,2023-09-30 00:00:00,,,0,tarde
64000004963969,100,1,shows e espetáculos,11,Atividade Física,64,Carmo,capital,1,0,outros,Semana Move,Festival esportivo na Comunidade Tia Eva,com Unicorns Brazil,uma,nextW,proxima,sáb,5,13h,undefined,2023-09-30 00:00:00,2023-09-30 00:00:00,2023-09-30 00:00:00,,,0,tarde
75000007972154,400,1,shows e espetáculos,11,Atividade Física,75,Campinas,interior,0,0,outros,Semana Move,Circuito Sesc de Esportes - Skate com Sandro Dias,,uma,nextW,proxima,sáb,5,10h,undefined,2023-09-30 00:00:00,2023-09-26 00:00:00,2023-09-30 00:00:00,,,0,manhã
84000005403579,100,1,shows e espetáculos,11,Atividade Física,84,Rio Preto,interior,0,0,outros,Semana Move,Basquete em cadeira de rodas,apresentação e vivência com atletas do CAD,uma,nextW,proxima,sáb,5,14h,undefined,2023-09-30 00:00:00,2023-09-30 00:00:00,2023-09-30 00:00:00,,,0,tarde
84000005397605,100,1,shows e espetáculos,11,Atividade Física,84,Rio Preto,interior,0,0,outros,Semana Move,Escalada Olímpica,"Escalada vertical e boulder, no formato olímpico",uma,nextW,proxima,sáb,5,10h,undefined,2023-09-30 00:00:00,2023-09-29 00:00:00,2023-10-01 00:00:00,,,0,manhã
85000003189350,500,1,shows e espetáculos,11,Atividade Física,85,Birigui,interior,0,0,outros,Semana Move,Clínica e Bate Papo com Emanuel Rego,,uma,nextW,proxima,sáb,5,10h,undefined,2023-09-30 00:00:00,2023-09-26 00:00:00,2023-09-30 00:00:00,,,0,manhã
96000317356636,42,1,shows e espetáculos,11,Atividade Física,96,Sorocaba,interior,1,0,outros,Semana Move,Festival de Habilidades - Basquete 3x3,Com equipe A Rua Agradece,uma,nextW,proxima,sáb,5,14h,undefined,2023-09-30 00:00:00,2023-09-30 00:00:00,2023-09-30 00:00:00,,,0,tarde
96000320300757,150,1,shows e espetáculos,11,Atividade Física,96,Sorocaba,interior,1,0,outros,Semana Move,Rolê na Pista - Festival de Paraskate,"Com Skatecorp e os atletas paraskatistas Ruan Felipe, Nando Araujo, Vini Sardi, Tony Alves  e Jainaine",uma,nextW,proxima,sáb,5,11h,undefined,2023-09-30 00:00:00,2023-09-30 00:00:00,2023-10-01 00:00:00,,,0,manhã
57000007274848,200,1,shows e espetáculos,2,Teatro,57,Ipiranga,capital,0,0,outros,,Selvagem,De Mike Bartlett,uma,nextW,proxima,sáb,5,20h,undefined,2023-09-30 00:00:00,2023-09-23 00:00:00,2023-10-22 00:00:00,1,Tradução em Libras,0,noite
57000006564450,30,1,shows e espetáculos,2,Teatro,57,Ipiranga,capital,0,0,outros,Teatro Mínimo,Okama,Direção Miwa Yanagizawa,uma,nextW,proxima,sáb,5,18h30,undefined,2023-09-30 00:00:00,2023-09-22 00:00:00,2023-10-08 00:00:00,,,0,noite
58000006707553,98,1,shows e espetáculos,2,Teatro,58,Pinheiros,capital,0,0,outros,,"E VOCÊS, QUEM SÃO?",Samuel de Assis,uma,nextW,proxima,sáb,5,18h,undefined,2023-09-30 00:00:00,2023-09-21 00:00:00,2023-10-28 00:00:00,,,0,noite
58000006707553,98,1,shows e espetáculos,2,Teatro,58,Pinheiros,capital,0,0,outros,,"E VOCÊS, QUEM SÃO?",Samuel de Assis,uma,nextW,proxima,sáb,5,20h,undefined,2023-09-30 00:00:00,2023-09-21 00:00:00,2023-10-28 00:00:00,,,0,noite
62000007895240,280,1,shows e espetáculos,2,Teatro,62,Consolação,capital,0,0,outros,,A hora do lobo - um debate com o filme Dogville de Lars von Trier,de Christiane Jatahy,uma,nextW,proxima,sáb,5,20h,undefined,2023-09-30 00:00:00,2023-09-22 00:00:00,2023-10-15 00:00:00,,,0,noite
63000012860818,302,1,shows e espetáculos,2,Teatro,63,Pompeia,capital,0,1,outros,,Cadê o Sobrevento? Vinte Anos Depois,Com Grupo Sobrevento,uma,nextW,proxima,sáb,5,20h,undefined,2023-09-30 00:00:00,2023-09-22 00:00:00,2023-10-01 00:00:00,1,Tradução em Libras,0,noite
65000003505504,80,1,shows e espetáculos,2,Teatro,65,Av. Paulista,capital,0,0,outros,,Guará Vermelha,Com Cia do Tijolo,uma,nextW,proxima,sáb,5,19h30,undefined,2023-09-30 00:00:00,2023-09-29 00:00:00,2023-10-29 00:00:00,1,Audiodescrição  Tradução em Libras,0,noite
66000016904826,122,1,shows e espetáculos,2,Teatro,66,Vila Mariana,capital,0,0,outros,,Inútil canto e inútil pranto pelos anjos caídos,Com Ícaro Rodrigues. Dir.: Roberta Estrela D'Alva,uma,nextW,proxima,sáb,5,18h30,undefined,2023-09-30 00:00:00,2023-09-22 00:00:00,2023-10-07 00:00:00,1,Audiodescrição  Tradução em Libras,0,noite
67000002823868,90,1,shows e espetáculos,2,Teatro,67,São Caetano,capital,0,1,outros,Espetáculos para Diferentes Gerações,Ciranda do Villa,Com Cia Lúdicos de Arte Popular,uma,nextW,proxima,sáb,5,16h30,undefined,2023-09-30 00:00:00,2023-09-30 00:00:00,2023-10-12 00:00:00,,,0,tarde
68000008969431,120,1,shows e espetáculos,2,Teatro,68,Belenzinho,capital,0,0,outros,,G.A.L.A.,"direção de Gerald Thomas, com Fernanda Gugli",uma,nextW,proxima,sáb,5,21h30,undefined,2023-09-30 00:00:00,2023-09-22 00:00:00,2023-10-08 00:00:00,,,0,noite
68000008319281,120,1,shows e espetáculos,2,Teatro,68,Belenzinho,capital,0,0,outros,,Quando o discurso autoriza a barbárie,Companhia de Teatro Heliópolis,uma,nextW,proxima,sáb,5,20h,undefined,2023-09-30 00:00:00,2023-09-22 00:00:00,2023-10-01 00:00:00,,,0,noite
68000007594376,247,1,shows e espetáculos,2,Teatro,68,Belenzinho,capital,0,1,outros,CO_ME_ÇA,A Grande Questão,com Cia de Feitos,uma,nextW,proxima,sáb,5,12h,undefined,2023-09-30 00:00:00,2023-09-23 00:00:00,2023-10-01 00:00:00,,,0,tarde
70000005426245,270,1,shows e espetáculos,2,Teatro,70,Santo Amaro,capital,0,0,outros,,A Falecida,,uma,nextW,proxima,sáb,5,17h,undefined,2023-09-30 00:00:00,2023-09-22 00:00:00,2023-10-01 00:00:00,,,0,tarde
70000005426245,270,1,shows e espetáculos,2,Teatro,70,Santo Amaro,capital,0,0,outros,,A Falecida,,uma,nextW,proxima,sáb,5,20h,undefined,2023-09-30 00:00:00,2023-09-22 00:00:00,2023-10-01 00:00:00,,,0,noite
78000006904228,30,1,shows e espetáculos,2,Teatro,78,Santos,interior,1,0,outros,,Vila Parisi,com Coletivo 302,uma,nextW,proxima,sáb,5,20h,undefined,2023-09-30 00:00:00,2023-09-30 00:00:00,2023-10-22 00:00:00,,,0,noite
81000004252786,55,1,shows e espetáculos,2,Teatro,81,Taubaté,interior,0,1,outros,,Cavalos Pretos são Imensos,"Com Fernanda Gomes, Martinha Soares, Rebeka Teixeira, Rosangela Roma e  Valquíria Rosa",uma,nextW,proxima,sáb,5,20h,undefined,2023-09-30 00:00:00,2023-09-30 00:00:00,2023-09-30 00:00:00,,,0,noite
86000004063359,200,1,shows e espetáculos,2,Teatro,86,Araraquara,interior,0,1,outros,,A Futura Rainha,com Cia Mar,uma,nextW,proxima,sáb,5,16h,undefined,2023-09-30 00:00:00,2023-09-30 00:00:00,2023-09-30 00:00:00,,,0,tarde
96000317495544,275,1,shows e espetáculos,2,Teatro,96,Sorocaba,interior,0,0,outros,,Playtime,Com Grupo Katharsis. Direção: Roberto Gill Camargo,uma,nextW,proxima,sáb,5,20h,undefined,2023-09-30 00:00:00,2023-09-30 00:00:00,2023-09-30 00:00:00,,,0,noite
55000004575221,200,1,shows e espetáculos,3,Circo,55,Interlagos,capital,1,0,outros,,Espetáculo Catappum! Brincando na praça, com Coletivo Catappum e Convidados,uma,nextW,proxima,sáb,5,15h,undefined,2023-09-30 00:00:00,2023-09-30 00:00:00,2023-09-30 00:00:00,,,0,tarde
56000005007391,150,1,shows e espetáculos,3,Circo,56,Itaquera,capital,1,0,outros,,Fábrica de Brinquedos,Com Cia Lamala,uma,nextW,proxima,sáb,5,15h,undefined,2023-09-30 00:00:00,2023-09-30 00:00:00,2023-09-30 00:00:00,,,0,tarde
72000000579377,100,1,shows e espetáculos,3,Circo,72,Mogi Das Cruzes,capital,1,0,crianças,Semana Move,Risos em Movimento,Com Bella Cia de Teatro e Circo,uma,nextW,proxima,sáb,5,13h,undefined,2023-09-30 00:00:00,2023-09-30 00:00:00,2023-09-30 00:00:00,,,0,tarde
72000000579377,100,1,shows e espetáculos,3,Circo,72,Mogi Das Cruzes,capital,1,0,crianças,Semana Move,Risos em Movimento,Com Bella Cia de Teatro e Circo,uma,nextW,proxima,sáb,5,15h,undefined,2023-09-30 00:00:00,2023-09-30 00:00:00,2023-09-30 00:00:00,,,0,tarde
83000004011878,150,1,shows e espetáculos,3,Circo,83,Piracicaba,interior,0,1,outros,Cena Criança,Dupla de Dois,Cia Circo de  Trapo.,uma,nextW,proxima,sáb,5,16h,undefined,2023-09-30 00:00:00,2023-09-30 00:00:00,2023-09-30 00:00:00,,,0,tarde
88000005127474,400,1,shows e espetáculos,3,Circo,88,Santo André,capital,1,0,outros,,As Inigualáveis Irmãs Cola,com Cola Shows,uma,nextW,proxima,sáb,5,16h,undefined,2023-09-30 00:00:00,2023-09-30 00:00:00,2023-09-30 00:00:00,,,0,tarde
73000004699281,200,1,shows e espetáculos,4,Dança,73,Guarulhos,capital,0,0,outros,,Brincando com a Dança - Um voo na floresta,com a Cia  meu corpo meu brinquedo,uma,nextW,proxima,sáb,5,15h,undefined,2023-09-30 00:00:00,2023-09-30 00:00:00,2023-09-30 00:00:00,,,0,tarde
96000318059805,100,1,shows e espetáculos,4,Dança,96,Sorocaba,interior,1,0,outros,Artes para crianças,"Um Pouco de Tudo, com Pitadas de Nada",Com Plataforma Panelinha,uma,nextW,proxima,sáb,5,16h,undefined,2023-09-30 00:00:00,2023-09-30 00:00:00,2023-09-30 00:00:00,1,Tradução em Libras,0,tarde
52000005393108,80,1,shows e espetáculos,7,Literatura,52,24 De Maio,capital,1,0,crianças,Amefricanidade & Literatura: vivências ancestrais em narrativas contemporâneas,Já ouviu? - histórias inéditas e costumeiras de mulheres,"Com Mariana Per, Du Kiddy e Leonardo Rocha",uma,nextW,proxima,sáb,5,16h,undefined,2023-09-30 00:00:00,2023-09-30 00:00:00,2023-10-01 00:00:00,1,Tradução em Libras,0,tarde
55000004642152,80,1,shows e espetáculos,7,Literatura,55,Interlagos,capital,1,0,outros,Contações de Histórias,Pequenas Histórias de Cantar,Com Cristiano Gouveia,uma,nextW,proxima,sáb,5,14h,undefined,2023-09-30 00:00:00,2023-09-23 00:00:00,2023-09-30 00:00:00,,,0,tarde
62000007888296,100,1,shows e espetáculos,7,Literatura,62,Consolação,capital,1,0,outros,Brincantes,Nossas Histórias brasileiras: histórias e lendas paulistas,Núcleo Esporos de Experiências Artísticas,uma,nextW,proxima,sáb,5,14h,undefined,2023-09-30 00:00:00,2023-09-30 00:00:00,2023-09-30 00:00:00,,,0,tarde
70000005579338,200,1,shows e espetáculos,7,Literatura,70,Santo Amaro,capital,1,0,outros,,Contos de Pá-pum,"Com o grupo eBA! formado por Amanda Lioli, Brunna Talita, Li Albano.",uma,nextW,proxima,sáb,5,14h,undefined,2023-09-30 00:00:00,2023-09-30 00:00:00,2023-09-30 00:00:00,1,Tradução em Libras,0,tarde
75000008050815,100,1,shows e espetáculos,7,Literatura,75,Campinas,interior,0,0,outros,,Novo [Na estante],com Rita Carelli,uma,nextW,proxima,sáb,5,09h,undefined,2023-09-30 00:00:00,2023-09-21 00:00:00,2023-10-31 00:00:00,,,0,manhã
75000007953323,15,1,shows e espetáculos,7,Literatura,75,Campinas,interior,1,0,outros,,[NA ESTANTE] Rita Carelli,com Rita Carelli,uma,nextW,proxima,sáb,5,09h,undefined,2023-09-30 00:00:00,2023-09-21 00:00:00,2023-10-31 00:00:00,,,0,manhã
77000311417273,60,1,shows e espetáculos,7,Literatura,77,S. J. Campos,interior,1,0,crianças,HistoriElas,Empatia com Eva Furnari,Grupo Cafezinho,uma,nextW,proxima,sáb,5,15h,undefined,2023-09-30 00:00:00,2023-09-23 00:00:00,2023-10-07 00:00:00,,,0,tarde
78000006523335,150,1,shows e espetáculos,7,Literatura,78,Santos,interior,1,0,outros,,Primavera dos Bichos - Histórias trazidas pela Natureza,com Maria Kubrusly,uma,nextW,proxima,sáb,5,17h,undefined,2023-09-30 00:00:00,2023-09-30 00:00:00,2023-09-30 00:00:00,,,0,tarde
82000004973008,300,1,shows e espetáculos,7,Literatura,82,São Carlos,interior,0,0,crianças,,"Dandara, a guerreira quilombola",com o Núcleo Histórias de Comadres,uma,nextW,proxima,sáb,5,16h,undefined,2023-09-30 00:00:00,2023-09-30 00:00:00,2023-09-30 00:00:00,,,0,tarde
88000005105206,40,1,shows e espetáculos,7,Literatura,88,Santo André,capital,1,0,outros,Cursos e Oficinas 2023,Construindo histórias de brincar,Com Cia Mangará,uma,nextW,proxima,sáb,5,14h,undefined,2023-09-30 00:00:00,2023-09-30 00:00:00,2023-09-30 00:00:00,,,0,tarde
93000005837118,100,1,shows e espetáculos,7,Literatura,93,Jundiaí,interior,0,0,outros,,AYA - Palavras que resistem e florescem,com coletiva Sarau das Pretas,uma,nextW,proxima,sáb,5,17h30,undefined,2023-09-30 00:00:00,2023-09-30 00:00:00,2023-09-30 00:00:00,,,0,tarde
94000006183799,30,1,shows e espetáculos,8,Educação,94,Bom Retiro,capital,1,0,crianças,Criar: Crianças e suas Rotinas,OrìÑinar e suas Canções,com Danuza Novaes e Lívia Golden,uma,nextW,proxima,sáb,5,10h30,undefined,2023-09-30 00:00:00,2023-09-30 00:00:00,2023-09-30 00:00:00,,,0,manhã
62000008106311,40,2,cursos e oficinas,10,Saúde,62,Consolação,capital,1,0,outros,,Dança Afro Brasileira,Com Priscila Borges,uma,nextW,proxima,sáb,5,14h30,undefined,2023-09-30 00:00:00,2023-09-23 00:00:00,2023-09-30 00:00:00,,,0,tarde
71000004333962,24,2,cursos e oficinas,10,Saúde,71,Bertioga,interior,1,0,outros,,Auriculoterapia,,uma,nextW,proxima,sáb,5,16h,undefined,2023-09-30 00:00:00,2023-09-23 00:00:00,2023-10-28 00:00:00,,,0,tarde
72000000594836,20,2,cursos e oficinas,10,Saúde,72,Mogi Das Cruzes,capital,0,0,outros,,Comida rápida caseira,Com Culinária do Saber,uma,nextW,proxima,sáb,5,11h,undefined,2023-09-30 00:00:00,2023-09-30 00:00:00,2023-09-30 00:00:00,,,0,manhã
76000004414682,20,2,cursos e oficinas,10,Saúde,76,Ribeirão Preto,interior,0,0,outros,Auto Cuidado,Oficina de plantas fitoterápicas medicinais,Heloísa Helena,uma,nextW,proxima,sáb,5,10h30,undefined,2023-09-30 00:00:00,2023-09-30 00:00:00,2023-09-30 00:00:00,,,0,manhã
67000002783973,300,2,cursos e oficinas,11,Atividade Física,67,São Caetano,capital,0,0,crianças,Semana Move,Move Esportes: vivência de PARKOUR e ESCALADA,com Milos Eventos e Produções,de-ate,sempre,proxima,sempre,7,09h,undefined,2023-09-30 00:00:00,2023-09-23 00:00:00,2023-09-30 00:00:00,,,0,manhã
77000313160267,100,2,cursos e oficinas,11,Atividade Física,77,S. J. Campos,interior,1,0,outros,Semana Move,Sup Yoga,Com equipe Viva Mais Por Você,uma,nextW,proxima,sáb,5,17h,undefined,2023-09-30 00:00:00,2023-09-30 00:00:00,2023-10-01 00:00:00,,,0,tarde
94000006087435,30,2,cursos e oficinas,11,Atividade Física,94,Bom Retiro,capital,0,0,crianças,Semana Move,Montagem e Customização de Fingerboards (Skate de Dedo),Com Inove Fingerboards,uma,nextW,proxima,sáb,5,14h,undefined,2023-09-30 00:00:00,2023-09-23 00:00:00,2023-09-30 00:00:00,,,0,tarde
81000004305090,35,2,cursos e oficinas,4,Dança,81,Taubaté,interior,0,0,idosos,,Danças Circulares,com Juliana Galicchio,de-ate,sempre,proxima,sempre,7,14h,undefined,2023-09-30 00:00:00,2023-09-30 00:00:00,2023-10-28 00:00:00,,,0,tarde
86000004035825,100,2,cursos e oficinas,4,Dança,86,Araraquara,interior,1,0,outros,,Bailixtranha,Com Casixtranha,de-ate,sempre,proxima,sempre,7,19h,undefined,2023-09-30 00:00:00,2023-09-30 00:00:00,2023-09-30 00:00:00,,,0,noite
56000005015598,20,2,cursos e oficinas,6,Artes Visuais,56,Itaquera,capital,0,0,crianças,,Esportivo: Medalhas,,uma,nextW,proxima,sáb,5,10h,undefined,2023-09-30 00:00:00,2023-09-30 00:00:00,2023-10-14 00:00:00,,,0,manhã
63000013208141,20,2,cursos e oficinas,6,Artes Visuais,63,Pompeia,capital,0,0,outros,CURSOS REGULARES PRESENCIAIS 2º SEM/2023,Cabaças e Nós: sentindo a construção de xequerês,Com Silvana Aparecida dos Santos,primeira,nextW,proxima,sáb,5,10h30,undefined,2023-09-30 00:00:00,2023-09-23 00:00:00,2023-12-02 00:00:00,,,0,manhã
63000013727648,12,2,cursos e oficinas,6,Artes Visuais,63,Pompeia,capital,0,0,outros,Oficinas para Iniciantes,"Oficina de introdução à cerâmica: belisco, acordelado e placa",com Tina Niessner (Ateliê Gypso),uma,nextW,proxima,sáb,5,14h,undefined,2023-09-30 00:00:00,2023-09-30 00:00:00,2023-12-02 00:00:00,,,0,tarde
63000013692970,10,2,cursos e oficinas,6,Artes Visuais,63,Pompeia,capital,1,0,outros,Oficinas para Iniciantes,Oficina de costura para iniciantes,com Sarah Reis,uma,nextW,proxima,sáb,5,14h,undefined,2023-09-30 00:00:00,2023-09-30 00:00:00,2023-11-25 00:00:00,,,0,tarde
63000013458281,12,2,cursos e oficinas,6,Artes Visuais,63,Pompeia,capital,1,0,outros,Oficinas para Iniciantes,Oficina de gravura para iniciantes,Com Nair Sasaki,uma,nextW,proxima,sáb,5,14h,undefined,2023-09-30 00:00:00,2023-09-30 00:00:00,2023-11-25 00:00:00,,,0,tarde
63000013458501,12,2,cursos e oficinas,6,Artes Visuais,63,Pompeia,capital,1,0,outros,Oficinas para Iniciantes,Oficina de marcenaria para iniciantes,Com Jenis Barcelar,uma,nextW,proxima,sáb,5,14h,undefined,2023-09-30 00:00:00,2023-09-30 00:00:00,2023-11-25 00:00:00,,,0,tarde
67000002810123,20,2,cursos e oficinas,6,Artes Visuais,67,São Caetano,capital,0,0,crianças,TraquitanETA,TraquitanETA: Colagens Afrofuturistas,William Briga (IÊ Oficinas),uma,nextW,proxima,sáb,5,14h,undefined,2023-09-30 00:00:00,2023-09-30 00:00:00,2023-09-30 00:00:00,,,0,tarde
68000008777116,15,2,cursos e oficinas,6,Artes Visuais,68,Belenzinho,capital,0,0,outros,Design.Lab,Criação de objetos de decoração usando lã,"com Paula Helena, educadora do Espaço de Tecnologia e Artes",uma,nextW,proxima,sáb,5,10h,undefined,2023-09-30 00:00:00,2023-09-30 00:00:00,2023-09-30 00:00:00,,,0,manhã
68000008770573,15,2,cursos e oficinas,6,Artes Visuais,68,Belenzinho,capital,0,0,outros,Design.Lab,Criação e Construção de Mobiliários em Madeira Roliça,com Aalva,primeira,nextW,proxima,sáb,5,10h,undefined,2023-09-30 00:00:00,2023-09-23 00:00:00,2023-10-08 00:00:00,,,0,manhã
70000005553962,20,2,cursos e oficinas,6,Artes Visuais,70,Santo Amaro,capital,0,0,outros,,BONECOS EM MAXI MACRAMÊ - Seres em Nós com Laura Amaral,,uma,nextW,proxima,sáb,5,15h,undefined,2023-09-30 00:00:00,2023-09-30 00:00:00,2023-09-30 00:00:00,,,0,tarde
72000000579469,12,2,cursos e oficinas,6,Artes Visuais,72,Mogi Das Cruzes,capital,0,0,crianças,,Pipa-retrato,com Bruno Perê,uma,nextW,proxima,sáb,5,10h,undefined,2023-09-30 00:00:00,2023-09-30 00:00:00,2023-10-01 00:00:00,,,0,manhã
72000000579469,12,2,cursos e oficinas,6,Artes Visuais,72,Mogi Das Cruzes,capital,0,0,crianças,,Pipa-retrato,com Bruno Perê,uma,nextW,proxima,sáb,5,14h,undefined,2023-09-30 00:00:00,2023-09-30 00:00:00,2023-10-01 00:00:00,,,0,tarde
75000007739730,15,2,cursos e oficinas,6,Artes Visuais,75,Campinas,interior,1,0,crianças,,[Família Maker] Insetos gigantes de papelão - Turma 1,"com Filipe Miranda, educador de tecnologias e artes",uma,nextW,proxima,sáb,5,14h,undefined,2023-09-30 00:00:00,2023-09-30 00:00:00,2023-09-30 00:00:00,,,0,tarde
76000004233958,15,2,cursos e oficinas,6,Artes Visuais,76,Ribeirão Preto,interior,1,0,outros,,Poéticas Periféricas: a arte como meio de valorização da estética negra,Com Nathallya Faria,uma,nextW,proxima,sáb,5,14h30,undefined,2023-09-30 00:00:00,2023-09-23 00:00:00,2023-10-07 00:00:00,,,0,tarde
77000311319559,15,2,cursos e oficinas,6,Artes Visuais,77,S. J. Campos,interior,1,0,outros,,Confecção artesanal de carteiras com retalhos de couro - turma 2,Com Atairu Sapatos Artesanais,uma,nextW,proxima,sáb,5,14h30,undefined,2023-09-30 00:00:00,2023-09-30 00:00:00,2023-10-01 00:00:00,,,0,tarde
78000006653243,20,2,cursos e oficinas,6,Artes Visuais,78,Santos,interior,0,0,outros,,Cores do Jardim- oficina de aquarela,Com Carlos Roque,uma,nextW,proxima,sáb,5,14h,undefined,2023-09-30 00:00:00,2023-09-30 00:00:00,2023-09-30 00:00:00,,,0,tarde
81000004022915,10,2,cursos e oficinas,6,Artes Visuais,81,Taubaté,interior,0,0,outros,,Oficina Vaso com Cimento e Isopor,"com Maíra Pinto, Educadora do Espaço de Tecnologias e Artes.",uma,nextW,proxima,sáb,5,15h,undefined,2023-09-30 00:00:00,2023-09-30 00:00:00,2023-10-01 00:00:00,,,0,tarde
85000003175275,10,2,cursos e oficinas,6,Artes Visuais,85,Birigui,interior,0,0,outros,,Encadernação artesanal,com Thaís Nozaki,uma,nextW,proxima,sáb,5,14h,undefined,2023-09-30 00:00:00,2023-09-30 00:00:00,2023-10-01 00:00:00,,,0,tarde
87000002990501,15,2,cursos e oficinas,6,Artes Visuais,87,Prudente,interior,1,0,crianças,,Girocoptéro,Com Educador do Espaço de Tecnologias e Artes,uma,nextW,proxima,sáb,5,14h30,undefined,2023-09-30 00:00:00,2023-09-30 00:00:00,2023-09-30 00:00:00,,,0,tarde
87000002990501,15,2,cursos e oficinas,6,Artes Visuais,87,Prudente,interior,1,0,crianças,,Girocoptéro,Com Educador do Espaço de Tecnologias e Artes,uma,nextW,proxima,sáb,5,16h30,undefined,2023-09-30 00:00:00,2023-09-30 00:00:00,2023-09-30 00:00:00,,,0,tarde
96000317403928,12,2,cursos e oficinas,6,Artes Visuais,96,Sorocaba,interior,1,0,outros,,Folha de macramê,"Com Célia Harumi, educadora de tecnologias e artes",uma,nextW,proxima,sáb,5,14h,undefined,2023-09-30 00:00:00,2023-09-30 00:00:00,2023-09-30 00:00:00,,,0,tarde
56000005117831,40,2,cursos e oficinas,8,Educação,56,Itaquera,capital,1,0,jovens,,Quintal do Curumim,Com educadores infantojuvenis do Sesc,uma,nextW,proxima,sáb,5,14h,undefined,2023-09-30 00:00:00,2023-09-30 00:00:00,2023-09-30 00:00:00,,,0,tarde
57000007487732,15,2,cursos e oficinas,8,Educação,57,Ipiranga,capital,1,0,crianças,Curumim,Curumininices - Inventando bichos e plantas,Com equipe Curumim,de-ate,sempre,proxima,sempre,7,12h,undefined,2023-09-30 00:00:00,2023-09-30 00:00:00,2023-10-01 00:00:00,,,0,tarde
65000003552815,20,2,cursos e oficinas,8,Educação,65,Av. Paulista,capital,0,0,outros,Juventudes,Ludoteca Móvel (Edição Especial): Brincando com Jogos Afrocentrados,,uma,nextW,proxima,sáb,5,14h,undefined,2023-09-30 00:00:00,2023-09-30 00:00:00,2023-09-30 00:00:00,,,0,tarde
72000000690588,30,2,cursos e oficinas,8,Educação,72,Mogi Das Cruzes,capital,0,0,outros,,"TÍTULO DA ATIVIDADE - Não inserir idade, local, formato, categoria ou projeto",Com educadores do Sesc,uma,nextW,proxima,sáb,5,13h,undefined,2023-09-30 00:00:00,2023-09-30 00:00:00,2023-09-30 00:00:00,1,Audioguia,0,tarde
80000004774019,40,2,cursos e oficinas,8,Educação,80,Bauru,interior,0,0,outros,Quem educa o educador?,Quem educa o educador - Corporeidade na primeira infância,"Com Lucilene Silva, Núcleo Quanta  e Jussara Miller.",primeira,nextW,proxima,sáb,5,10h15,undefined,2023-09-30 00:00:00,2023-09-30 00:00:00,2023-11-25 00:00:00,,,0,manhã
84000004918254,20,2,cursos e oficinas,8,Educação,84,Rio Preto,interior,0,0,outros,Arteria,Adi - O Jogo de Semeadura,com Educadores de Atividades Infantojuvenis,de-ate,sempre,proxima,sempre,7,14h,undefined,2023-09-30 00:00:00,2023-09-30 00:00:00,2023-09-30 00:00:00,,,0,tarde
85000003228148,20,2,cursos e oficinas,8,Educação,85,Birigui,interior,0,0,crianças,,Ja alçou voo para lua?,Jéssica Gouvea Educadora do Sesc Birigui,uma,nextW,proxima,sáb,5,10h,undefined,2023-09-30 00:00:00,2023-09-30 00:00:00,2023-09-30 00:00:00,,,0,manhã
86000004107868,80,2,cursos e oficinas,8,Educação,86,Araraquara,interior,0,0,outros,Curumim,Feira de Trocas,com educadores do Programa Curumim,de-ate,sempre,proxima,sempre,7,10h,undefined,2023-09-30 00:00:00,2023-09-30 00:00:00,2023-11-26 00:00:00,,,0,manhã
86000003997954,10,2,cursos e oficinas,8,Educação,86,Araraquara,interior,1,0,outros,,Macramê: Tapeçaria de Parede,"Com Natalia Corbi, artesã",uma,nextW,proxima,sáb,5,14h30,undefined,2023-09-30 00:00:00,2023-09-30 00:00:00,2023-10-01 00:00:00,,,0,tarde
89000001089797,60,2,cursos e oficinas,8,Educação,89,CPF,capital,0,0,outros,Gestão Cultural,Curso Sesc de Gestão Cultural 2023 - teatro,Com Cia Mugunzá e Chico Pelúcio,primeira,nextW,proxima,sáb,5,10h,undefined,2023-09-30 00:00:00,2023-09-30 00:00:00,2023-09-30 00:00:00,,,0,manhã
96000324040168,10,2,cursos e oficinas,8,Educação,96,Sorocaba,interior,1,0,outros,,Cozinha Empreendedora: avaliação e melhoramento de produtos,"Com Erik Gleiser, chef, cozinheiro e chocolatier",uma,nextW,proxima,sáb,5,14h,undefined,2023-09-30 00:00:00,2023-09-30 00:00:00,2023-09-30 00:00:00,,,0,tarde
56000005095710,20,2,cursos e oficinas,9,Meio Ambiente,56,Itaquera,capital,1,0,crianças,,Trilha da Samambaiaçu,Com Agentes de Educação Ambiental,uma,nextW,proxima,sáb,5,10h,undefined,2023-09-30 00:00:00,2023-09-30 00:00:00,2023-09-30 00:00:00,,,0,manhã
67000002778862,20,2,cursos e oficinas,9,Meio Ambiente,67,São Caetano,capital,0,0,outros,,Clube da Horta: Flores Comestíveis,com canto da horta,uma,nextW,proxima,sáb,5,11h,undefined,2023-09-30 00:00:00,2023-09-30 00:00:00,2023-09-30 00:00:00,,,0,manhã
71000004190992,20,2,cursos e oficinas,9,Meio Ambiente,71,Bertioga,interior,0,0,jovens,,Aventuras na Reserva Natural,,uma,nextW,proxima,sáb,5,11h,undefined,2023-09-30 00:00:00,2023-09-30 00:00:00,2023-11-25 00:00:00,,,0,manhã
72000000643222,50,2,cursos e oficinas,9,Meio Ambiente,72,Mogi Das Cruzes,capital,1,0,outros,,Rege Rios - Experiência VR,Com Água Viva Cultural,uma,nextW,proxima,sáb,5,13h,undefined,2023-09-30 00:00:00,2023-09-30 00:00:00,2023-09-30 00:00:00,,,0,tarde
86000004107840,30,2,cursos e oficinas,9,Meio Ambiente,86,Araraquara,interior,1,0,outros,,Bola de Sementes,Com Daterra Educação e Permacultura,uma,nextW,proxima,sáb,5,14h,undefined,2023-09-30 00:00:00,2023-09-29 00:00:00,2023-10-01 00:00:00,,,0,tarde
92000001522954,20,2,cursos e oficinas,9,Meio Ambiente,92,Registro,interior,1,0,outros,Florestar: Áreas Verdes Educadoras - Ações regulares,Conversas de Quintal: Introdução à Meliponicultura,Com Heborá,primeira,nextW,proxima,sáb,5,14h,undefined,2023-09-30 00:00:00,2023-09-30 00:00:00,2023-09-30 00:00:00,,,0,tarde
96000317000501,15,2,cursos e oficinas,9,Meio Ambiente,96,Sorocaba,interior,1,0,crianças,EcoLab Mirim,Cultivando uma flor comestível,"Com Alexandre Anezio, agente de educação ambiental do Sesc Sorocaba",uma,nextW,proxima,sáb,5,10h30,undefined,2023-09-30 00:00:00,2023-09-30 00:00:00,2023-09-30 00:00:00,,,0,manhã
89000001226951,50,3,debates e paletras,1,Música,89,CPF,capital,0,0,outros,Experiências Estéticas,Prosas Musicais: Faces do Piano Brasileiro: Claudio Santoro e Luiz Eça,"Com Pablo Marquine e Diogo Monzo, pianistas",uma,nextW,proxima,sáb,5,16h,undefined,2023-09-30 00:00:00,2023-09-30 00:00:00,2023-09-30 00:00:00,,,0,tarde
88000005130511,20,3,debates e paletras,11,Atividade Física,88,Santo André,capital,0,0,outros,Simpósio de Esporte e Lazer do Grande ABC,Apresentação de Trabalhos,,uma,nextW,proxima,sáb,5,10h,undefined,2023-09-30 00:00:00,2023-09-30 00:00:00,2023-09-30 00:00:00,,,0,manhã
91000002163430,100,3,debates e paletras,11,Atividade Física,91,Campo Limpo,capital,1,0,outros,Semana Move,"Bate-Papo: Viver, Sentir e Resistir no Voleibol.",Com a jogadora Tifanny Abreu e equipe feminina de vôlei sentado do SESI SP,uma,nextW,proxima,sáb,5,16h30,undefined,2023-09-30 00:00:00,2023-09-30 00:00:00,2023-09-30 00:00:00,,,0,tarde
62000008079352,280,3,debates e paletras,2,Teatro,62,Consolação,capital,0,0,outros,,Expansão - A Hora do Lobo - masterclass com Christiane Jatahy,"Na atividade, a encenadora Christiane Jatahy aborda seu amplo percurso de pesquisa, mostrando imagens das suas criações e contextualizando-as em contextos políticos, sociais e históricos.",uma,nextW,proxima,sáb,5,16h,undefined,2023-09-30 00:00:00,2023-09-30 00:00:00,2023-09-30 00:00:00,,,0,tarde
62000008046626,60,3,debates e paletras,2,Teatro,62,Consolação,capital,0,0,outros,CPT_Sesc,Visita ao Espaço CPT e Teatro Anchieta somente p/ o grupo do curso de gestão.,Fala sobre o CPT  Emerson Danesi,uma,nextW,proxima,sáb,5,14h,undefined,2023-09-30 00:00:00,2023-09-30 00:00:00,2023-09-30 00:00:00,,,0,tarde
68000008318299,80,3,debates e paletras,7,Literatura,68,Belenzinho,capital,1,0,outros,,Leituras de Lá e de Cá: Mediação de Leitura,com a Cia. Oya ô,uma,nextW,proxima,sáb,5,13h,undefined,2023-09-30 00:00:00,2023-09-23 00:00:00,2023-10-01 00:00:00,,,0,tarde
72000000602035,80,3,debates e paletras,7,Literatura,72,Mogi Das Cruzes,capital,1,0,outros,,Pé de Histórias: mediação de leitura,com Volta e Meia,uma,nextW,proxima,sáb,5,10h,undefined,2023-09-30 00:00:00,2023-09-23 00:00:00,2023-10-01 00:00:00,,,0,manhã
72000000602035,80,3,debates e paletras,7,Literatura,72,Mogi Das Cruzes,capital,1,0,outros,,Pé de Histórias: mediação de leitura,com Volta e Meia,uma,nextW,proxima,sáb,5,13h30,undefined,2023-09-30 00:00:00,2023-09-23 00:00:00,2023-10-01 00:00:00,,,0,tarde
76000004412979,20,3,debates e paletras,7,Literatura,76,Ribeirão Preto,interior,1,0,outros,Sopa de Letrinhas,Saberes ancestrais: Narrativas pretas,Com Lorena Ramos,uma,nextW,proxima,sáb,5,10h30,undefined,2023-09-30 00:00:00,2023-09-23 00:00:00,2023-09-30 00:00:00,,,0,manhã
58000006710675,600,3,debates e paletras,8,Educação,58,Pinheiros,capital,0,0,outros,PONTINHOS DE ECONOMIA SOLIDÁRIA,Feira da Economia Solidária Rede Pontinhos,"Com a Ponto da Ecosol Butantã, Com. Cachoeiras e Viela da Paz",uma,nextW,proxima,sáb,5,11h,undefined,2023-09-30 00:00:00,2023-09-30 00:00:00,2023-10-01 00:00:00,,,0,manhã
67000002701693,30,3,debates e paletras,8,Educação,67,São Caetano,capital,0,0,outros,Manhãs Literárias,Manhãs Literárias - Inteligência artificial e poesia: como podemos pensar?,Com Fábio FON,uma,nextW,proxima,sáb,5,10h,undefined,2023-09-30 00:00:00,2023-09-30 00:00:00,2023-09-30 00:00:00,,,0,manhã
81000004307615,25,3,debates e paletras,8,Educação,81,Taubaté,interior,0,0,outros,,Elas em foco. Trocas e diálogos sobre a ação do cuidar,"Com Ana Luiza, psicóloga e psicanalista",uma,nextW,proxima,sáb,5,10h30,undefined,2023-09-30 00:00:00,2023-09-29 00:00:00,2023-09-30 00:00:00,,,0,manhã
93000005816203,20,3,debates e paletras,8,Educação,93,Jundiaí,interior,0,0,outros,Espaço de Brincar,Maternidade(s) em questão,com Caroline Ienne e Mariliz Mazzoni,uma,nextW,proxima,sáb,5,10h30,undefined,2023-09-30 00:00:00,2023-09-23 00:00:00,2023-09-30 00:00:00,,,0,manhã
78000006700151,40,3,debates e paletras,9,Meio Ambiente,78,Santos,interior,0,0,outros,Florestar: Áreas Verdes Educadoras - Ações regulares,Identificação Botânica de plantas medicinais,Com Dr Marcos Furlan,uma,nextW,proxima,sáb,5,09h,undefined,2023-09-30 00:00:00,2023-09-29 00:00:00,2023-09-30 00:00:00,1,Tradução em Libras,0,manhã
70000005456035,100,4,exposições,4,Dança,70,Santo Amaro,capital,0,0,outros,,Habitat de Dança: Jam de Contato Improvisação,"Com Flávio Hernandes, Dresler Aguilera, Mariana Taques, Ricardo Aparecido e Ricardo Neves",de-ate,sempre,proxima,sempre,7,17h,undefined,2023-09-30 00:00:00,2023-09-30 00:00:00,2023-09-30 00:00:00,,,0,tarde
57000007341891,120,4,exposições,6,Artes Visuais,57,Ipiranga,capital,0,0,outros,Araetá: a literatura dos povos originários,Araetá,"Curadoria de Ademario Ribeiro Payayá, Kaká Werá Jecupé e Selma Caetano",de-ate,sempre,proxima,sempre,7,10h,undefined,2023-09-30 00:00:00,2023-09-21 00:00:00,2024-03-17 00:00:00,1,Audiodescrição  Recursos Táteis  Braille  Tradução em Libras  Audioguia  Texto Ampliado  Open Caption,0,manhã
58000006768124,15,4,exposições,6,Artes Visuais,58,Pinheiros,capital,0,0,outros,Retratistas da Morro,"Moda, cotidiano e política","com Fabiane Goulart, educadora da exposição Retratistas do Morro",de-ate,sempre,proxima,sempre,7,14h,undefined,2023-09-30 00:00:00,2023-09-30 00:00:00,2023-09-30 00:00:00,,,0,tarde
56000005089461,100,4,exposições,7,Literatura,56,Itaquera,capital,1,0,outros,,Ilustríssima ilustradora - Metrô Guilhermina-Esperança,"Rua:  Astorga, 767-777 - Vila Guilhermina, São Paulo - SP",de-ate,sempre,proxima,sempre,7,10h,undefined,2023-09-30 00:00:00,2023-09-30 00:00:00,2023-11-25 00:00:00,,,0,manhã
79000003157839,30,5,filmes,5,Cinema,79,Catanduva,interior,1,0,outros,Cine-debate,"Hienas, de Djibril Diop Mambéty",Dir.:  Djibril Diop Mambéty,uma,nextW,proxima,sáb,5,14h,undefined,2023-09-30 00:00:00,2023-09-30 00:00:00,2023-09-30 00:00:00,,,0,tarde
94000006222483,291,5,filmes,5,Cinema,94,Bom Retiro,capital,1,0,outros,Cine Meninada,Gatos no Museu,Direção de Vasiliy Rovenskiy,uma,nextW,proxima,sáb,5,12h,undefined,2023-09-30 00:00:00,2023-09-30 00:00:00,2023-09-30 00:00:00,,,0,tarde
52000005476532,25,6,atividade física,11,Atividade Física,52,24 De Maio,capital,0,0,crianças,Semana Move,"Capuêra Angola Pequena, Filha da Natureza.",Semana MOVE,uma,nextW,proxima,sáb,5,11h,undefined,2023-09-30 00:00:00,2023-09-23 00:00:00,2023-10-01 00:00:00,,,0,manhã
52000005476059,300,6,atividade física,11,Atividade Física,52,24 De Maio,capital,0,0,crianças,Semana Move,Hóquei - Semana Move,Semana MOVE,uma,nextW,proxima,sáb,5,13h30,undefined,2023-09-30 00:00:00,2023-09-28 00:00:00,2023-10-01 00:00:00,,,0,tarde
52000005607868,15,6,atividade física,11,Atividade Física,52,24 De Maio,capital,0,0,crianças,Semana Move,Jogos e Brincadeiras na Escalada,Com Educadores do Sesc 24 de Maio,uma,nextW,proxima,sáb,5,11h30,undefined,2023-09-30 00:00:00,2023-09-23 00:00:00,2023-10-01 00:00:00,,,0,manhã
52000005607868,15,6,atividade física,11,Atividade Física,52,24 De Maio,capital,0,0,crianças,Semana Move,Jogos e Brincadeiras na Escalada,Com Educadores do Sesc 24 de Maio,uma,nextW,proxima,sáb,5,15h30,undefined,2023-09-30 00:00:00,2023-09-23 00:00:00,2023-10-01 00:00:00,,,0,tarde
52000005365095,80,6,atividade física,11,Atividade Física,52,24 De Maio,capital,0,0,outros,Corpo Consciente,Corpo Consciente: Movimento Somático,Com Luciana Hoppe,uma,nextW,proxima,sáb,5,11h30,undefined,2023-09-30 00:00:00,2023-09-23 00:00:00,2023-09-30 00:00:00,,,0,manhã
56000005142434,120,6,atividade física,11,Atividade Física,56,Itaquera,capital,0,0,outros,Semana Move,Futebol de amputados," Corinthians x Portuguesa, participação Rogerinho Almeida",uma,nextW,proxima,sáb,5,13h30,undefined,2023-09-30 00:00:00,2023-09-30 00:00:00,2023-09-30 00:00:00,,,0,tarde
57000007399635,20,6,atividade física,11,Atividade Física,57,Ipiranga,capital,0,0,crianças,Semana Move,Aikido para crianças,Com Leonardo Sodré Sensei,uma,nextW,proxima,sáb,5,14h,undefined,2023-09-30 00:00:00,2023-09-30 00:00:00,2023-09-30 00:00:00,,,0,tarde
57000007399615,20,6,atividade física,11,Atividade Física,57,Ipiranga,capital,0,0,outros,Semana Move,Aikido - Mulheres no tatame,Com Lila Serzedello Sensei,uma,nextW,proxima,sáb,5,11h,undefined,2023-09-30 00:00:00,2023-09-30 00:00:00,2023-10-01 00:00:00,,,0,manhã
57000007399689,20,6,atividade física,11,Atividade Física,57,Ipiranga,capital,0,0,outros,Semana Move,Aikido aula aberta, Com Roque Vargas,uma,nextW,proxima,sáb,5,15h,undefined,2023-09-30 00:00:00,2023-09-30 00:00:00,2023-09-30 00:00:00,,,0,tarde
57000007474590,20,6,atividade física,11,Atividade Física,57,Ipiranga,capital,0,0,outros,Semana Move,Movimentos Básicos do Aikido, Com Luciano Gianinni Sensei,uma,nextW,proxima,sáb,5,13h,undefined,2023-09-30 00:00:00,2023-09-30 00:00:00,2023-09-30 00:00:00,,,0,tarde
58000006840752,45,6,atividade física,11,Atividade Física,58,Pinheiros,capital,1,0,outros,,Práticas Corporais,Com educadores Sesc,uma,nextW,proxima,sáb,5,10h30,undefined,2023-09-30 00:00:00,2023-09-30 00:00:00,2023-09-30 00:00:00,,,0,manhã
63000013704000,50,6,atividade física,11,Atividade Física,63,Pompeia,capital,1,0,outros,,Aula aberta de Alongamento,Com educadores do Sesc Pompeia,uma,nextW,proxima,sáb,5,11h30,undefined,2023-09-30 00:00:00,2023-09-23 00:00:00,2023-09-30 00:00:00,,,0,manhã
65000003486991,20,6,atividade física,11,Atividade Física,65,Av. Paulista,capital,0,0,outros,,Pilates Solo - 30/9 - 14h,com educadores(as) de atividades físicas do Sesc Avenida Paulista.,uma,nextW,proxima,sáb,5,14h,undefined,2023-09-30 00:00:00,2023-09-30 00:00:00,2023-09-30 00:00:00,,,0,tarde
65000003411216,40,6,atividade física,11,Atividade Física,65,Av. Paulista,capital,0,0,outros,Semana Move,Enduro A Pé - Quartetos Mistos,Com Esdras Martins e a equipe Mochila BR,uma,nextW,proxima,sáb,5,08h,undefined,2023-09-30 00:00:00,2023-09-30 00:00:00,2023-09-30 00:00:00,,,0,manhã
65000003486840,40,6,atividade física,11,Atividade Física,65,Av. Paulista,capital,1,0,outros,,Mobilize-se,com educadores(as) de atividades físicas do Sesc Avenida Paulista,uma,nextW,proxima,sáb,5,10h10,undefined,2023-09-30 00:00:00,2023-09-23 00:00:00,2023-09-30 00:00:00,,,0,manhã
65000003423768,50,6,atividade física,11,Atividade Física,65,Av. Paulista,capital,1,0,outros,Semana Move,Dabke - Nas Linhas do Oriente,com Faell Rabelo,uma,nextW,proxima,sáb,5,17h,undefined,2023-09-30 00:00:00,2023-09-30 00:00:00,2023-09-30 00:00:00,,,0,tarde
66000017451575,100,6,atividade física,11,Atividade Física,66,Vila Mariana,capital,0,0,outros,Semana Move,Maratona Flow: Dança,Com Fernanda Mota,uma,nextW,proxima,sáb,5,16h,undefined,2023-09-30 00:00:00,2023-09-30 00:00:00,2023-09-30 00:00:00,,,0,tarde
66000017451478,100,6,atividade física,11,Atividade Física,66,Vila Mariana,capital,0,0,outros,Semana Move,Maratona Flow: Ginástica Natural,Com Alvaro Romano,uma,nextW,proxima,sáb,5,15h,undefined,2023-09-30 00:00:00,2023-09-30 00:00:00,2023-09-30 00:00:00,,,0,tarde
66000017389091,100,6,atividade física,11,Atividade Física,66,Vila Mariana,capital,0,0,outros,Semana Move,"Maratona Flow: Yoga, o fluir pelo Vinyasa",Com Karime Neder,uma,nextW,proxima,sáb,5,14h,undefined,2023-09-30 00:00:00,2023-09-30 00:00:00,2023-09-30 00:00:00,,,0,tarde
66000017511586,100,6,atividade física,11,Atividade Física,66,Vila Mariana,capital,0,0,outros,Semana Move,Workshop para educadores - Ginástica Natural,Com Alvaro Romano,uma,nextW,proxima,sáb,5,10h,undefined,2023-09-30 00:00:00,2023-09-30 00:00:00,2023-09-30 00:00:00,,,0,manhã
68000009158817,10,6,atividade física,11,Atividade Física,68,Belenzinho,capital,0,0,outros,Copa Sesc do Comércio e Serviços,Congresso Técnico - Copa Sesc,Futebol soçaite feminino,uma,nextW,proxima,sáb,5,10h,undefined,2023-09-30 00:00:00,2023-09-30 00:00:00,2023-09-30 00:00:00,,,0,manhã
68000008744346,300,6,atividade física,11,Atividade Física,68,Belenzinho,capital,1,0,outros,Semana Move,Vivência de Surfe e SUP,,uma,nextW,proxima,sáb,5,10h,undefined,2023-09-30 00:00:00,2023-09-23 00:00:00,2023-10-01 00:00:00,,,0,manhã
71000004315221,50,6,atividade física,11,Atividade Física,71,Bertioga,interior,0,0,outros,Semana Move,Vivência de Standup Paddle no Cantão do Indaiá - Semana Move,,uma,nextW,proxima,sáb,5,09h,undefined,2023-09-30 00:00:00,2023-09-27 00:00:00,2023-09-30 00:00:00,,,0,manhã
73000004883031,50,6,atividade física,11,Atividade Física,73,Guarulhos,capital,0,0,outros,Semana Move,Saudação ao sol e meditação em movimento,Com educadores do Sesc,uma,nextW,proxima,sáb,5,09h15,undefined,2023-09-30 00:00:00,2023-09-30 00:00:00,2023-09-30 00:00:00,,,0,manhã
75000007746233,45,6,atividade física,11,Atividade Física,75,Campinas,interior,0,0,outros,,Jogo amistoso Futsal feminino,,de-ate,sempre,proxima,sempre,7,09h30,undefined,2023-09-30 00:00:00,2023-09-30 00:00:00,2023-09-30 00:00:00,,,0,manhã
75000007818098,50,6,atividade física,11,Atividade Física,75,Campinas,interior,0,0,outros,Semana Move,Maratona de Dança,,uma,nextW,proxima,sáb,5,09h30,undefined,2023-09-30 00:00:00,2023-09-30 00:00:00,2023-09-30 00:00:00,,,0,manhã
76000004444702,100,6,atividade física,11,Atividade Física,76,Ribeirão Preto,interior,0,0,outros,Semana Move,Movimento Ancestral,Com Tânia Nunes e Vitor Martins,uma,nextW,proxima,sáb,5,10h,undefined,2023-09-30 00:00:00,2023-09-30 00:00:00,2023-09-30 00:00:00,,,0,manhã
77000313104945,150,6,atividade física,11,Atividade Física,77,S. J. Campos,interior,0,0,crianças,Semana Move,Solário esportivo,,uma,nextW,proxima,sáb,5,15h,undefined,2023-09-30 00:00:00,2023-09-30 00:00:00,2023-10-01 00:00:00,,,0,tarde
77000313563265,40,6,atividade física,11,Atividade Física,77,S. J. Campos,interior,0,0,outros,Semana Move,Ritmos,Com educadores do Sesc,uma,nextW,proxima,sáb,5,16h30,undefined,2023-09-30 00:00:00,2023-09-30 00:00:00,2023-09-30 00:00:00,,,0,tarde
78000006664270,50,6,atividade física,11,Atividade Física,78,Santos,interior,0,0,outros,Semana Move,Ginástica funcional - Move Academia,,de-ate,sempre,proxima,sempre,7,11h30,undefined,2023-09-30 00:00:00,2023-09-23 00:00:00,2023-10-01 00:00:00,,,0,manhã
79000003167496,100,6,atividade física,11,Atividade Física,79,Catanduva,interior,0,0,outros,Semana Move,Arena GMF Lovers,Com educadores do Sesc,de-ate,sempre,proxima,sempre,7,13h,undefined,2023-09-30 00:00:00,2023-09-30 00:00:00,2023-09-30 00:00:00,,,0,tarde
81000004271676,20,6,atividade física,11,Atividade Física,81,Taubaté,interior,0,0,outros,,Práticas Corporais - Dança Country,Com educadores do Sesc,uma,nextW,proxima,sáb,5,10h30,undefined,2023-09-30 00:00:00,2023-09-30 00:00:00,2023-09-30 00:00:00,,,0,manhã
82000004939130,45,6,atividade física,11,Atividade Física,82,São Carlos,interior,0,0,outros,Semana Move,Movimento Consciente,Com educadores do Sesc,uma,nextW,proxima,sáb,5,10h,undefined,2023-09-30 00:00:00,2023-09-23 00:00:00,2023-09-30 00:00:00,,,0,manhã
82000004938132,30,6,atividade física,11,Atividade Física,82,São Carlos,interior,0,0,outros,Semana Move,Simulado de triatlo,Com educadores,uma,nextW,proxima,sáb,5,08h,undefined,2023-09-30 00:00:00,2023-09-30 00:00:00,2023-09-30 00:00:00,,,0,manhã
82000004921496,20,6,atividade física,11,Atividade Física,82,São Carlos,interior,0,0,outros,Semana Move,Turma 1:Trilha no Cerrado  - Sobre Mulheres e Montanhas,,de-ate,sempre,proxima,sempre,7,09h,undefined,2023-09-30 00:00:00,2023-09-30 00:00:00,2023-09-30 00:00:00,,,0,manhã
82000005022044,20,6,atividade física,11,Atividade Física,82,São Carlos,interior,0,0,outros,Semana Move,Turma 2:Trilha no Cerrado  - Sobre Mulheres e Montanhas,,de-ate,sempre,proxima,sempre,7,11h,undefined,2023-09-30 00:00:00,2023-09-30 00:00:00,2023-09-30 00:00:00,,,0,manhã
83000004041371,200,6,atividade física,11,Atividade Física,83,Piracicaba,interior,0,0,outros,Semana Move,"Circuito de Corridas, Esportes e Jogos de precisão",com equipe Esporte Fácil,uma,nextW,proxima,sáb,5,10h,undefined,2023-09-30 00:00:00,2023-09-30 00:00:00,2023-10-01 00:00:00,,,0,manhã
84000005469263,30,6,atividade física,11,Atividade Física,84,Rio Preto,interior,1,0,outros,,Taichi-Chuan,"Com Jim Kelly, instrutor de práticas corporais orientais.",uma,nextW,proxima,sáb,5,10h,undefined,2023-09-30 00:00:00,2023-09-23 00:00:00,2023-09-30 00:00:00,,,0,manhã
84000005403455,50,6,atividade física,11,Atividade Física,84,Rio Preto,interior,1,0,outros,Semana Move,Aquafloating - Prancha Aquática,Com monitores especializados.,uma,nextW,proxima,sáb,5,10h,undefined,2023-09-30 00:00:00,2023-09-30 00:00:00,2023-10-01 00:00:00,,,0,manhã
86000004119378,25,6,atividade física,11,Atividade Física,86,Araraquara,interior,0,0,outros,Movimento consciente,Alongamento,Com educadoras e educadores do Sesc,uma,nextW,proxima,sáb,5,10h,undefined,2023-09-30 00:00:00,2023-09-23 00:00:00,2023-09-30 00:00:00,,,0,manhã
87000002964313,100,6,atividade física,11,Atividade Física,87,Prudente,interior,0,0,outros,Semana Move,Jogos e Brincadeiras Tradicionais,Com a educadora Elizabeth Gomes Soares,uma,nextW,proxima,sáb,5,14h,undefined,2023-09-30 00:00:00,2023-09-24 00:00:00,2023-10-01 00:00:00,,,0,tarde
91000002159581,30,6,atividade física,11,Atividade Física,91,Campo Limpo,capital,0,0,outros,,Aulas abertas de yoga,com Ioga Di Quebrada,de-ate,sempre,proxima,sempre,7,10h15,undefined,2023-09-30 00:00:00,2023-09-24 00:00:00,2023-09-30 00:00:00,,,0,manhã
91000002158257,60,6,atividade física,11,Atividade Física,91,Campo Limpo,capital,1,0,outros,Semana Move,Apresentação Esportiva e Treino Aberto de Vôlei e de Vôlei Sentado.,Com a jogadora Tifanny Abreu e equipe feminina de vôlei sentado do SESI SP,uma,nextW,proxima,sáb,5,14h,undefined,2023-09-30 00:00:00,2023-09-30 00:00:00,2023-09-30 00:00:00,,,0,tarde
92000001507948,300,6,atividade física,11,Atividade Física,92,Registro,interior,1,0,crianças,Semana Move,Apresentação esportiva de Bike Trial,Sp Hawks,uma,nextW,proxima,sáb,5,16h30,undefined,2023-09-30 00:00:00,2023-09-27 00:00:00,2023-10-01 00:00:00,,,0,tarde
92000001507825,300,6,atividade física,11,Atividade Física,92,Registro,interior,1,0,crianças,Semana Move,Vivência de Bike Trial,Sp Hawks,de-ate,sempre,proxima,sempre,7,14h30,undefined,2023-09-30 00:00:00,2023-09-27 00:00:00,2023-10-01 00:00:00,,,0,tarde
93000005815897,150,6,atividade física,11,Atividade Física,93,Jundiaí,interior,0,0,outros,Semana Move,GMF Move,,uma,nextW,proxima,sáb,5,10h,undefined,2023-09-30 00:00:00,2023-09-30 00:00:00,2023-09-30 00:00:00,,,0,manhã
94000006112758,40,6,atividade física,11,Atividade Física,94,Bom Retiro,capital,0,0,crianças,Semana Move,Jogos e Brincadeiras Aquáticas,Com educadoras e educadores do Sesc Bom Retiro,de-ate,sempre,proxima,sempre,7,14h30,undefined,2023-09-30 00:00:00,2023-09-30 00:00:00,2023-09-30 00:00:00,,,0,tarde
94000006112715,40,6,atividade física,11,Atividade Física,94,Bom Retiro,capital,0,0,outros,Semana Move,CFA - Condicionamento Físico Aquático,Com educadoras e educadores do Sesc Bom Retiro,de-ate,sempre,proxima,sempre,7,12h30,undefined,2023-09-30 00:00:00,2023-09-30 00:00:00,2023-09-30 00:00:00,,,0,tarde
94000006112731,100,6,atividade física,11,Atividade Física,94,Bom Retiro,capital,0,0,outros,Semana Move,Move Sensorial: Nadando no escuro,Com educadoras e educadores do Sesc Bom Retiro,uma,nextW,proxima,sáb,5,18h30,undefined,2023-09-30 00:00:00,2023-09-30 00:00:00,2023-09-30 00:00:00,,,0,noite
96000317046780,250,6,atividade física,11,Atividade Física,96,Sorocaba,interior,1,0,crianças,Semana Move,Recreação Aquática: Aqua jump e mergulho full face e livre,Com Equipe Viva Mais,uma,nextW,proxima,sáb,5,14h,undefined,2023-09-30 00:00:00,2023-09-30 00:00:00,2023-10-01 00:00:00,,,0,tarde
96000317413802,100,6,atividade física,11,Atividade Física,96,Sorocaba,interior,1,0,outros,Semana Move,Futmesa,Com Quality Ville,uma,nextW,proxima,sáb,5,14h,undefined,2023-09-30 00:00:00,2023-09-30 00:00:00,2023-10-01 00:00:00,,,0,tarde
96000317400847,60,6,atividade física,11,Atividade Física,96,Sorocaba,interior,1,0,outros,Semana Move,Panna KO,Com equipe WZM,de-ate,sempre,proxima,sempre,7,14h,undefined,2023-09-30 00:00:00,2023-09-30 00:00:00,2023-10-01 00:00:00,,,0,tarde
96000317049296,20,6,atividade física,11,Atividade Física,96,Sorocaba,interior,1,0,outros,Semana Move,Vivência em Mergulho com Cilindro,Com Dive Club Sorocaba,uma,nextW,proxima,sáb,5,10h30,undefined,2023-09-30 00:00:00,2023-09-30 00:00:00,2023-09-30 00:00:00,,,0,manhã
64000004953288,400,6,atividade física,14,Outros,64,Carmo,capital,0,0,outros,Semana Move,Espaço sobre rodas: circuito de patinete,,de-ate,sempre,proxima,sempre,7,09h30,undefined,2023-09-30 00:00:00,2023-09-26 00:00:00,2023-09-30 00:00:00,,,0,manhã
73000004862739,30,6,atividade física,14,Outros,73,Guarulhos,capital,0,0,jovens,,Liga Esporte Jovem- Futebol Society,,de-ate,sempre,proxima,sempre,7,08h30,undefined,2023-09-30 00:00:00,2023-09-30 00:00:00,2023-11-25 00:00:00,,,0,manhã
73000004770002,40,6,atividade física,14,Outros,73,Guarulhos,capital,1,0,outros,,Basquete 3x3,,de-ate,sempre,proxima,sempre,7,12h,undefined,2023-09-30 00:00:00,2023-09-30 00:00:00,2023-12-16 00:00:00,,,0,tarde
73000004836272,60,6,atividade física,14,Outros,73,Guarulhos,capital,1,0,outros,,Tênis na Grama,Com os Educadores do Sesc,de-ate,sempre,proxima,sempre,7,16h,undefined,2023-09-30 00:00:00,2023-09-30 00:00:00,2023-10-01 00:00:00,,,0,tarde
75000007470314,50,6,atividade física,14,Outros,75,Campinas,interior,0,0,crianças,,Brincando em Família,,de-ate,sempre,proxima,sempre,7,16h,undefined,2023-09-30 00:00:00,2023-09-30 00:00:00,2023-12-30 00:00:00,,,0,tarde
76000004370678,200,6,atividade física,14,Outros,76,Ribeirão Preto,interior,1,0,outros,,Recreação Esportiva Livre,,de-ate,sempre,proxima,sempre,7,09h30,undefined,2023-09-30 00:00:00,2023-09-30 00:00:00,2023-12-30 00:00:00,,,0,manhã
85000003215268,20,6,atividade física,14,Outros,85,Birigui,interior,0,0,crianças,Semana Move,Aquateca: materiais que boiam,Com educadores do Sesc,de-ate,sempre,proxima,sempre,7,14h30,undefined,2023-09-30 00:00:00,2023-09-30 00:00:00,2023-10-01 00:00:00,,,0,tarde
86000004012465,200,6,atividade física,14,Outros,86,Araraquara,interior,0,0,jovens,Semana Move,Criança no Esporte - parceria com Uniara,,de-ate,sempre,proxima,sempre,7,09h30,undefined,2023-09-30 00:00:00,2023-09-30 00:00:00,2023-09-30 00:00:00,,,0,manhã
67000002803550,25,8,turismo,12,Turismo,67,São Caetano,capital,0,0,outros,,Na Serra do Japi,Jundiaí (SP),uma,nextW,proxima,sáb,5,07h,undefined,2023-09-30 00:00:00,2023-09-30 00:00:00,2023-09-30 00:00:00,,,0,manhã
75000007741784,40,8,turismo,12,Turismo,75,Campinas,interior,0,0,outros,,Campinando... Nos Estádios: Brinco de Ouro da Princesa e Moisés Lucarelli,,uma,nextW,proxima,sáb,5,08h30,undefined,2023-09-30 00:00:00,2023-09-30 00:00:00,2023-09-30 00:00:00,,,0,manhã
53000006143481,30,9,'+ lazer,14,Outros,53,Santana,capital,0,0,crianças,,Brincar D`África,,de-ate,sempre,proxima,sempre,7,15h,undefined,2023-09-30 00:00:00,2023-09-30 00:00:00,2023-10-08 00:00:00,,,0,tarde
55000004654963,25,9,'+ lazer,14,Outros,55,Interlagos,capital,1,0,crianças,,Por Linhas e Fios,Com o Coletivo Foca,de-ate,sempre,proxima,sempre,7,12h30,undefined,2023-09-30 00:00:00,2023-09-30 00:00:00,2023-10-01 00:00:00,,,0,tarde
56000005108326,150,9,'+ lazer,14,Outros,56,Itaquera,capital,1,0,crianças,Espaço de Brincar,Brincadeiras Populares de Origem Indígena,com Grupo de Artes Dyroá Bayá,de-ate,sempre,proxima,sempre,7,10h30,undefined,2023-09-30 00:00:00,2023-09-30 00:00:00,2023-09-30 00:00:00,,,0,manhã
67000002815430,20,9,'+ lazer,14,Outros,67,São Caetano,capital,0,0,crianças,Espaço de Brincar,Abracabana!,Com Cia. Volta e Meia,de-ate,sempre,proxima,sempre,7,11h,undefined,2023-09-30 00:00:00,2023-09-30 00:00:00,2023-09-30 00:00:00,,,0,manhã
70000005772924,25,9,'+ lazer,14,Outros,70,Santo Amaro,capital,0,0,crianças,,Brincando  Juntos,com educadores infantojuvenis de Santo Amaro,de-ate,sempre,proxima,sempre,7,11h,undefined,2023-09-30 00:00:00,2023-09-23 00:00:00,2023-11-26 00:00:00,,,0,manhã
71000004202007,40,9,'+ lazer,14,Outros,71,Bertioga,interior,0,0,crianças,Recreação Hóspedes II,Brincando de Corda,,de-ate,sempre,proxima,sempre,7,17h,undefined,2023-09-30 00:00:00,2023-09-30 00:00:00,2023-12-30 00:00:00,,,0,tarde
78000006703623,20,9,'+ lazer,14,Outros,78,Santos,interior,0,0,crianças,Miudezas: uma exploração minuciosa,Observando os Insetos (0 a 2 anos),Miudezas: uma exploração minuciosa,de-ate,sempre,proxima,sempre,7,11h,undefined,2023-09-30 00:00:00,2023-09-30 00:00:00,2023-09-30 00:00:00,,,0,manhã
79000003189043,40,9,'+ lazer,14,Outros,79,Catanduva,interior,1,0,outros,"Contações, brincadeiras e muito mais!","Fauna e Flora, um Reinado",Esperançar! Cia de Artes,de-ate,sempre,proxima,sempre,7,15h,undefined,2023-09-30 00:00:00,2023-09-30 00:00:00,2023-09-30 00:00:00,,,0,tarde
92000001512831,50,9,'+ lazer,14,Outros,92,Registro,interior,1,0,crianças,Espaço de Brincar,Mistérios do Fundo do Mar,Com Coletivo Brincá,de-ate,sempre,proxima,sempre,7,14h,undefined,2023-09-30 00:00:00,2023-09-30 00:00:00,2023-10-01 00:00:00,,,0,tarde
96000318561549,30,9,'+ lazer,14,Outros,96,Sorocaba,interior,1,0,crianças,Espaço de Brincar,Bordados para pequenas mãos,"Com Alan Pablo, educador do programa Espaço de Brincar",de-ate,sempre,proxima,sempre,7,10h30,undefined,2023-09-30 00:00:00,2023-09-30 00:00:00,2023-09-30 00:00:00,,,0,manhã
52000005514318,219,1,shows e espetáculos,1,Música,52,24 De Maio,capital,0,0,outros,,Anelis Assumpção,SAL,uma,nextW,proxima,dom,6,18h,undefined,2023-10-01 00:00:00,2023-09-30 00:00:00,2023-10-01 00:00:00,,,0,noite
53000006392808,330,1,shows e espetáculos,1,Música,53,Santana,capital,0,0,outros,,Lupe de Lupe,,uma,nextW,proxima,dom,6,18h,undefined,2023-10-01 00:00:00,2023-09-30 00:00:00,2023-10-01 00:00:00,,,0,noite
53000006201090,40,1,shows e espetáculos,1,Música,53,Santana,capital,1,0,outros,,BrinCáDoQuê,,uma,nextW,proxima,dom,6,14h,undefined,2023-10-01 00:00:00,2023-09-30 00:00:00,2023-10-01 00:00:00,,,0,tarde
58000006788470,1000,1,shows e espetáculos,1,Música,58,Pinheiros,capital,0,0,outros,,Antonio Nóbrega,espetáculo SETENTA + 1,uma,nextW,proxima,dom,6,18h,undefined,2023-10-01 00:00:00,2023-10-01 00:00:00,2023-10-01 00:00:00,,,0,noite
63000013631379,800,1,shows e espetáculos,1,Música,63,Pompeia,capital,0,0,outros,Massembas de Ialodês: Leci Brandão,Leci Brandão,,uma,nextW,proxima,dom,6,18h30,undefined,2023-10-01 00:00:00,2023-09-30 00:00:00,2023-10-01 00:00:00,,,0,noite
66000017340638,600,1,shows e espetáculos,1,Música,66,Vila Mariana,capital,0,0,outros,,Del Rey,"Lançamento do álbum ""O Disco""",uma,nextW,proxima,dom,6,18h,undefined,2023-10-01 00:00:00,2023-10-01 00:00:00,2023-10-01 00:00:00,,,0,noite
68000008845877,384,1,shows e espetáculos,1,Música,68,Belenzinho,capital,0,0,outros,,André Geraissati,3 ENCONTROS,uma,nextW,proxima,dom,6,18h,undefined,2023-10-01 00:00:00,2023-10-01 00:00:00,2023-10-01 00:00:00,,,0,noite
72000000596570,2000,1,shows e espetáculos,1,Música,72,Mogi Das Cruzes,capital,1,0,outros,,Arlindinho - Meu Lugar,,uma,nextW,proxima,dom,6,18h,undefined,2023-10-01 00:00:00,2023-10-01 00:00:00,2023-10-01 00:00:00,1,Tradução em Libras,0,noite
73000005053857,350,1,shows e espetáculos,1,Música,73,Guarulhos,capital,0,0,outros,,Língua de Trapo convida Carlos Careqa,O que é bom dura muito!,uma,nextW,proxima,dom,6,18h,undefined,2023-10-01 00:00:00,2023-10-01 00:00:00,2023-10-01 00:00:00,,,0,noite
76000004465644,100,1,shows e espetáculos,1,Música,76,Ribeirão Preto,interior,1,0,outros,,Discotecagem em Vinil,Com Meu Caro Vinho,uma,nextW,proxima,dom,6,16h,undefined,2023-10-01 00:00:00,2023-10-01 00:00:00,2023-10-01 00:00:00,,,0,tarde
80000005112312,200,1,shows e espetáculos,1,Música,80,Bauru,interior,0,0,outros,,Kombinados,,uma,nextW,proxima,dom,6,16h30,undefined,2023-10-01 00:00:00,2023-10-01 00:00:00,2023-10-01 00:00:00,,,0,tarde
82000005056902,350,1,shows e espetáculos,1,Música,82,São Carlos,interior,0,0,outros,Sons da Tarde,Jack Tekila,Pop Rock nacional,uma,nextW,proxima,dom,6,16h,undefined,2023-10-01 00:00:00,2023-10-01 00:00:00,2023-10-01 00:00:00,,,0,tarde
83000004021089,150,1,shows e espetáculos,1,Música,83,Piracicaba,interior,1,0,outros,No Palco do Sesc,Banda Souela - Divas Brasileiras,Projeto: Som de Domingo,uma,nextW,proxima,dom,6,15h30,undefined,2023-10-01 00:00:00,2023-10-01 00:00:00,2023-10-01 00:00:00,,,0,tarde
84000005208116,200,1,shows e espetáculos,1,Música,84,Rio Preto,interior,0,0,outros,,HAMMÄTRIO,Fusão Instrumental imaginária.,uma,nextW,proxima,dom,6,17h,undefined,2023-10-01 00:00:00,2023-10-01 00:00:00,2023-10-01 00:00:00,,,0,tarde
91000002154223,200,1,shows e espetáculos,1,Música,91,Campo Limpo,capital,1,0,outros,"Zona Sul, Zona Show",Show Hip Hop Sul: Fino Du Rap e  Kelly Neriah,Festival CultCom - Cultura e Comunicação Periférica,uma,nextW,proxima,dom,6,17h,undefined,2023-10-01 00:00:00,2023-10-01 00:00:00,2023-10-01 00:00:00,,,0,tarde
93000005838995,700,1,shows e espetáculos,1,Música,93,Jundiaí,interior,0,0,outros,,Zeca Baleiro,,uma,nextW,proxima,dom,6,17h30,undefined,2023-10-01 00:00:00,2023-10-01 00:00:00,2023-10-01 00:00:00,,,0,tarde
94000006236580,291,1,shows e espetáculos,1,Música,94,Bom Retiro,capital,0,0,outros,,A Barca,"Show Tempo de Reza, Tempo de Festa",uma,nextW,proxima,dom,6,18h,undefined,2023-10-01 00:00:00,2023-10-01 00:00:00,2023-10-01 00:00:00,,,0,noite
58000006767843,100,1,shows e espetáculos,11,Atividade Física,58,Pinheiros,capital,0,0,crianças,Semana Move,Semana Move 2023 - Brincando Sobre Rodas,,uma,nextW,proxima,dom,6,14h,undefined,2023-10-01 00:00:00,2023-09-30 00:00:00,2023-10-01 00:00:00,,,0,tarde
68000008744192,250,1,shows e espetáculos,11,Atividade Física,68,Belenzinho,capital,1,0,outros,Semana Move,Encontro de Capoeira,"com Mestres Nenel, Plínio, Pedro Peu, Diolino, Soneca, Mestra Preguiça  e os grupos Angoleiro Sim Sinhô, Sol Capoeira e Égide.",uma,nextW,proxima,dom,6,13h,undefined,2023-10-01 00:00:00,2023-10-01 00:00:00,2023-10-01 00:00:00,,,0,tarde
72000000562032,80,1,shows e espetáculos,11,Atividade Física,72,Mogi Das Cruzes,capital,1,0,outros,Semana Move,Mostra GPT - Ginástica para todos,Com grupos de GPT convidados,uma,nextW,proxima,dom,6,13h,undefined,2023-10-01 00:00:00,2023-10-01 00:00:00,2023-10-01 00:00:00,,,0,tarde
79000003166112,150,1,shows e espetáculos,11,Atividade Física,79,Catanduva,interior,1,0,outros,Semana Move,Festival de Ginástica para Todos,Com educadores do Sesc,uma,nextW,proxima,dom,6,15h30,undefined,2023-10-01 00:00:00,2023-10-01 00:00:00,2023-10-01 00:00:00,,,0,tarde
84000005397605,100,1,shows e espetáculos,11,Atividade Física,84,Rio Preto,interior,0,0,outros,Semana Move,Escalada Olímpica,"Escalada vertical e boulder, no formato olímpico",uma,nextW,proxima,dom,6,10h,undefined,2023-10-01 00:00:00,2023-09-29 00:00:00,2023-10-01 00:00:00,,,0,manhã
86000004100732,100,1,shows e espetáculos,11,Atividade Física,86,Araraquara,interior,0,0,outros,Semana Move,Voleibol com Walewska Oliveira,,uma,nextW,proxima,dom,6,14h,undefined,2023-10-01 00:00:00,2023-10-01 00:00:00,2023-10-01 00:00:00,,,0,tarde
93000005978054,300,1,shows e espetáculos,11,Atividade Física,93,Jundiaí,interior,0,0,outros,Semana Move,Produção da Atividade: Diversidade do Pedal,,uma,nextW,proxima,dom,6,08h,undefined,2023-10-01 00:00:00,2023-10-01 00:00:00,2023-10-01 00:00:00,,,0,manhã
94000006087550,150,1,shows e espetáculos,11,Atividade Física,94,Bom Retiro,capital,0,0,crianças,Semana Move,Apresentação de Skate e ParaSkate,Com Vitória Mendonça e Felipe Nunes,uma,nextW,proxima,dom,6,11h,undefined,2023-10-01 00:00:00,2023-10-01 00:00:00,2023-10-01 00:00:00,,,0,manhã
94000006087550,150,1,shows e espetáculos,11,Atividade Física,94,Bom Retiro,capital,0,0,crianças,Semana Move,Apresentação de Skate e ParaSkate,Com Vitória Mendonça e Felipe Nunes,uma,nextW,proxima,dom,6,14h,undefined,2023-10-01 00:00:00,2023-10-01 00:00:00,2023-10-01 00:00:00,,,0,tarde
94000006134554,150,1,shows e espetáculos,11,Atividade Física,94,Bom Retiro,capital,0,0,outros,Semana Move,Intervenção Graffiti,Jae Alves,uma,nextW,proxima,dom,6,11h,undefined,2023-10-01 00:00:00,2023-10-01 00:00:00,2023-10-01 00:00:00,,,0,manhã
96000320300757,150,1,shows e espetáculos,11,Atividade Física,96,Sorocaba,interior,1,0,outros,Semana Move,Rolê na Pista - Festival de Paraskate,"Com Skatecorp e os atletas paraskatistas Ruan Felipe, Nando Araujo, Vini Sardi, Tony Alves  e Jainaine",uma,nextW,proxima,dom,6,10h,undefined,2023-10-01 00:00:00,2023-09-30 00:00:00,2023-10-01 00:00:00,,,0,manhã
96000316954680,48,1,shows e espetáculos,11,Atividade Física,96,Sorocaba,interior,1,0,outros,Semana Move,Torneio de Basquete 3x3,Com equipe A Rua Agradece,uma,nextW,proxima,dom,6,14h,undefined,2023-10-01 00:00:00,2023-10-01 00:00:00,2023-10-01 00:00:00,,,0,tarde
55000004479324,250,1,shows e espetáculos,2,Teatro,55,Interlagos,capital,1,0,outros,,Valentim Valentinho,"Com Eduardo Borelli, Artur Volpi, Fran Ferraretto, Flávio Pacato e André Torquato.",uma,nextW,proxima,dom,6,15h,undefined,2023-10-01 00:00:00,2023-09-24 00:00:00,2023-10-01 00:00:00,,,0,tarde
57000007274848,200,1,shows e espetáculos,2,Teatro,57,Ipiranga,capital,0,0,outros,,Selvagem,De Mike Bartlett,uma,nextW,proxima,dom,6,18h,undefined,2023-10-01 00:00:00,2023-09-23 00:00:00,2023-10-22 00:00:00,1,Tradução em Libras,0,noite
57000006564450,30,1,shows e espetáculos,2,Teatro,57,Ipiranga,capital,0,0,outros,Teatro Mínimo,Okama,Direção Miwa Yanagizawa,uma,nextW,proxima,dom,6,18h30,undefined,2023-10-01 00:00:00,2023-09-22 00:00:00,2023-10-08 00:00:00,,,0,noite
58000006653130,98,1,shows e espetáculos,2,Teatro,58,Pinheiros,capital,0,1,outros,,Destroca,Com Cia. dos Náufragos,uma,nextW,proxima,dom,6,15h,undefined,2023-10-01 00:00:00,2023-09-24 00:00:00,2023-10-15 00:00:00,,,0,tarde
58000006653130,98,1,shows e espetáculos,2,Teatro,58,Pinheiros,capital,0,1,outros,,Destroca,Com Cia. dos Náufragos,uma,nextW,proxima,dom,6,17h,undefined,2023-10-01 00:00:00,2023-09-24 00:00:00,2023-10-15 00:00:00,,,0,tarde
62000007895240,280,1,shows e espetáculos,2,Teatro,62,Consolação,capital,0,0,outros,,A hora do lobo - um debate com o filme Dogville de Lars von Trier,de Christiane Jatahy,uma,nextW,proxima,dom,6,18h,undefined,2023-10-01 00:00:00,2023-09-22 00:00:00,2023-10-15 00:00:00,,,0,noite
63000012860818,302,1,shows e espetáculos,2,Teatro,63,Pompeia,capital,0,1,outros,,Cadê o Sobrevento? Vinte Anos Depois,Com Grupo Sobrevento,uma,nextW,proxima,dom,6,17h,undefined,2023-10-01 00:00:00,2023-09-22 00:00:00,2023-10-01 00:00:00,1,Tradução em Libras,0,tarde
65000003505504,80,1,shows e espetáculos,2,Teatro,65,Av. Paulista,capital,0,0,outros,,Guará Vermelha,Com Cia do Tijolo,uma,nextW,proxima,dom,6,18h,undefined,2023-10-01 00:00:00,2023-09-29 00:00:00,2023-10-29 00:00:00,1,Audiodescrição  Tradução em Libras,0,noite
66000016896492,122,1,shows e espetáculos,2,Teatro,66,Vila Mariana,capital,0,1,outros,,Entre Mundos,Com Gabriela Cerqueira e Gabriel Bodstein,uma,nextW,proxima,dom,6,16h,undefined,2023-10-01 00:00:00,2023-09-24 00:00:00,2023-10-01 00:00:00,1,Audiodescrição,0,tarde
68000008969431,120,1,shows e espetáculos,2,Teatro,68,Belenzinho,capital,0,0,outros,,G.A.L.A.,"direção de Gerald Thomas, com Fernanda Gugli",uma,nextW,proxima,dom,6,18h30,undefined,2023-10-01 00:00:00,2023-09-22 00:00:00,2023-10-08 00:00:00,,,0,noite
68000008319281,120,1,shows e espetáculos,2,Teatro,68,Belenzinho,capital,0,0,outros,,Quando o discurso autoriza a barbárie,Companhia de Teatro Heliópolis,uma,nextW,proxima,dom,6,17h,undefined,2023-10-01 00:00:00,2023-09-22 00:00:00,2023-10-01 00:00:00,,,0,tarde
68000007594376,247,1,shows e espetáculos,2,Teatro,68,Belenzinho,capital,0,1,outros,CO_ME_ÇA,A Grande Questão,com Cia de Feitos,uma,nextW,proxima,dom,6,12h,undefined,2023-10-01 00:00:00,2023-09-23 00:00:00,2023-10-01 00:00:00,,,0,tarde
70000005426245,270,1,shows e espetáculos,2,Teatro,70,Santo Amaro,capital,0,0,outros,,A Falecida,,uma,nextW,proxima,dom,6,18h,undefined,2023-10-01 00:00:00,2023-09-22 00:00:00,2023-10-01 00:00:00,,,0,noite
75000007878316,159,1,shows e espetáculos,2,Teatro,75,Campinas,interior,0,1,outros,,Pés na Estrada,GrupoDragao7,uma,nextW,proxima,dom,6,16h,undefined,2023-10-01 00:00:00,2023-10-01 00:00:00,2023-10-01 00:00:00,,,0,tarde
76000003997917,100,1,shows e espetáculos,2,Teatro,76,Ribeirão Preto,interior,0,0,outros,,Mãos Trêmulas,Direção de Yara de Novaes,uma,nextW,proxima,dom,6,14h,undefined,2023-10-01 00:00:00,2023-10-01 00:00:00,2023-10-01 00:00:00,,,0,tarde
78000006838314,765,1,shows e espetáculos,2,Teatro,78,Santos,interior,0,1,outros,,Fim?,com Grupo Esparrama,uma,nextW,proxima,dom,6,17h30,undefined,2023-10-01 00:00:00,2023-10-01 00:00:00,2023-10-01 00:00:00,,,0,tarde
78000006904228,30,1,shows e espetáculos,2,Teatro,78,Santos,interior,1,0,outros,,Vila Parisi,com Coletivo 302,uma,nextW,proxima,dom,6,20h,undefined,2023-10-01 00:00:00,2023-09-30 00:00:00,2023-10-22 00:00:00,,,0,noite
79000003129853,100,1,shows e espetáculos,2,Teatro,79,Catanduva,interior,1,0,outros,Palco e picadeiro,Bebês,Com Cia Casa Amarela,uma,nextW,proxima,dom,6,10h30,undefined,2023-10-01 00:00:00,2023-10-01 00:00:00,2023-10-01 00:00:00,,,0,manhã
81000004252840,55,1,shows e espetáculos,2,Teatro,81,Taubaté,interior,0,1,crianças,,Maria dos Céus,Com Cia Fio de Sombras,uma,nextW,proxima,dom,6,16h30,undefined,2023-10-01 00:00:00,2023-10-01 00:00:00,2023-10-01 00:00:00,,,0,tarde
88000005131135,302,1,shows e espetáculos,2,Teatro,88,Santo André,capital,0,1,outros,,Histórias de Alexandre,com o Grupo 59 de Teatro,uma,nextW,proxima,dom,6,16h,undefined,2023-10-01 00:00:00,2023-09-24 00:00:00,2023-10-01 00:00:00,,,0,tarde
62000007815348,100,1,shows e espetáculos,3,Circo,62,Consolação,capital,1,0,outros,,Cabaré (des)equilibrado,com Cia. Suno,uma,nextW,proxima,dom,6,14h,undefined,2023-10-01 00:00:00,2023-10-01 00:00:00,2023-10-01 00:00:00,,,0,tarde
71000004399354,300,1,shows e espetáculos,3,Circo,71,Bertioga,interior,0,0,outros,,Lalaiá,Com Caravana Tapioca,uma,nextW,proxima,dom,6,16h,undefined,2023-10-01 00:00:00,2023-10-01 00:00:00,2023-10-01 00:00:00,,,0,tarde
87000002987379,180,1,shows e espetáculos,3,Circo,87,Prudente,interior,0,0,outros,,Em busca da boneca Azul,Com Cia. Lúdica,uma,nextW,proxima,dom,6,15h,undefined,2023-10-01 00:00:00,2023-10-01 00:00:00,2023-10-01 00:00:00,1,Tradução em Libras,0,tarde
92000001481557,178,1,shows e espetáculos,3,Circo,92,Registro,interior,0,1,outros,,La Trattoria,com a Cia Los Circo Los,uma,nextW,proxima,dom,6,17h,undefined,2023-10-01 00:00:00,2023-10-01 00:00:00,2023-10-01 00:00:00,,,0,tarde
94000006070638,291,1,shows e espetáculos,3,Circo,94,Bom Retiro,capital,0,1,outros,,Canções para pequenos ouvidos 2,com Orquestra Modesta,uma,nextW,proxima,dom,6,12h,undefined,2023-10-01 00:00:00,2023-09-24 00:00:00,2023-10-01 00:00:00,,,0,tarde
56000005071353,60,1,shows e espetáculos,6,Artes Visuais,56,Itaquera,capital,1,0,crianças,,[Ateliê dos Pequenos Artistas] FLOU! Performance Interativa Para Crianças,Com Artefactos Bascos,uma,nextW,proxima,dom,6,14h,undefined,2023-10-01 00:00:00,2023-10-01 00:00:00,2023-10-07 00:00:00,,,0,tarde
52000005393108,80,1,shows e espetáculos,7,Literatura,52,24 De Maio,capital,1,0,crianças,Amefricanidade & Literatura: vivências ancestrais em narrativas contemporâneas,Já ouviu? - histórias inéditas e costumeiras de mulheres,"Com Mariana Per, Du Kiddy e Leonardo Rocha",uma,nextW,proxima,dom,6,16h,undefined,2023-10-01 00:00:00,2023-09-30 00:00:00,2023-10-01 00:00:00,1,Tradução em Libras,0,tarde
68000008764044,300,1,shows e espetáculos,7,Literatura,68,Belenzinho,capital,1,0,outros,TARDES no Belenzinho,A História Aberta,com Kiara Terra,uma,nextW,proxima,dom,6,17h,undefined,2023-10-01 00:00:00,2023-10-01 00:00:00,2023-10-29 00:00:00,,,0,tarde
73000005049122,200,1,shows e espetáculos,7,Literatura,73,Guarulhos,capital,1,0,outros,,Cortejo Voador,com Cia. Passarinho Contou,uma,nextW,proxima,dom,6,13h,undefined,2023-10-01 00:00:00,2023-10-01 00:00:00,2023-10-01 00:00:00,,,0,tarde
73000005011974,100,1,shows e espetáculos,7,Literatura,73,Guarulhos,capital,1,0,outros,,Quintal do Passarinho,Mediação de leitura com Cia. Passarinho Contou,uma,nextW,proxima,dom,6,14h30,undefined,2023-10-01 00:00:00,2023-10-01 00:00:00,2023-10-01 00:00:00,,,0,tarde
75000008050815,100,1,shows e espetáculos,7,Literatura,75,Campinas,interior,0,0,outros,,Novo [Na estante],com Rita Carelli,uma,nextW,proxima,dom,6,09h,undefined,2023-10-01 00:00:00,2023-09-21 00:00:00,2023-10-31 00:00:00,,,0,manhã
75000007953323,15,1,shows e espetáculos,7,Literatura,75,Campinas,interior,1,0,outros,,[NA ESTANTE] Rita Carelli,com Rita Carelli,uma,nextW,proxima,dom,6,09h,undefined,2023-10-01 00:00:00,2023-09-21 00:00:00,2023-10-31 00:00:00,,,0,manhã
71000004464717,200,1,shows e espetáculos,8,Educação,71,Bertioga,interior,0,0,outros,Cessão de Espaço,Cessão Capoeira?????,aguardando providências,uma,nextW,proxima,dom,6,08h,undefined,2023-10-01 00:00:00,2023-10-01 00:00:00,2023-10-01 00:00:00,,,0,manhã
73000004996873,200,1,shows e espetáculos,8,Educação,73,Guarulhos,capital,1,0,outros,,Memórias de Carvalho - espetáculo infantil,Com Ana Maria e Isabel Carvalho,uma,nextW,proxima,dom,6,16h,undefined,2023-10-01 00:00:00,2023-10-01 00:00:00,2023-10-01 00:00:00,,,0,tarde
92000001507217,20,2,cursos e oficinas,10,Saúde,92,Registro,interior,1,0,outros,,Chi Kung - Ba Duan Jin,Com Anderson Severo,de-ate,sempre,proxima,sempre,7,10h30,undefined,2023-10-01 00:00:00,2023-10-01 00:00:00,2023-10-29 00:00:00,,,0,manhã
77000313160267,100,2,cursos e oficinas,11,Atividade Física,77,S. J. Campos,interior,1,0,outros,Semana Move,Sup Yoga,Com equipe Viva Mais Por Você,uma,nextW,proxima,dom,6,10h30,undefined,2023-10-01 00:00:00,2023-09-30 00:00:00,2023-10-01 00:00:00,,,0,manhã
77000313160267,100,2,cursos e oficinas,11,Atividade Física,77,S. J. Campos,interior,1,0,outros,Semana Move,Sup Yoga,Com equipe Viva Mais Por Você,uma,nextW,proxima,dom,6,11h30,undefined,2023-10-01 00:00:00,2023-09-30 00:00:00,2023-10-01 00:00:00,,,0,manhã
56000005007409,30,2,cursos e oficinas,3,Circo,56,Itaquera,capital,1,0,outros,,Vivências Circenses,Com Cia Lamala,de-ate,sempre,proxima,sempre,7,11h,undefined,2023-10-01 00:00:00,2023-09-30 00:00:00,2023-10-04 00:00:00,,,0,manhã
91000002218853,60,2,cursos e oficinas,4,Dança,91,Campo Limpo,capital,1,0,outros,,Oficina de Lambada,Com Ricardo Ferrari e Larissa Vidal,de-ate,sempre,proxima,sempre,7,10h30,undefined,2023-10-01 00:00:00,2023-10-01 00:00:00,2023-12-17 00:00:00,,,0,manhã
56000005031844,20,2,cursos e oficinas,6,Artes Visuais,56,Itaquera,capital,1,0,crianças,,Tom-Tom dente de leão: exibição de curta-metragem,com Ariédhine Carvalho,uma,nextW,proxima,dom,6,10h,undefined,2023-10-01 00:00:00,2023-10-01 00:00:00,2023-10-01 00:00:00,,,0,manhã
56000005031824,20,2,cursos e oficinas,6,Artes Visuais,56,Itaquera,capital,1,0,outros,,Afeto Shop: exibição de curta-metragem,com Paulo Chedid,uma,nextW,proxima,dom,6,10h,undefined,2023-10-01 00:00:00,2023-10-01 00:00:00,2023-10-01 00:00:00,,,0,manhã
56000005031801,20,2,cursos e oficinas,6,Artes Visuais,56,Itaquera,capital,1,0,outros,,Labirinto: exibição de curta-metragem,com Filipe Barrocas,uma,nextW,proxima,dom,6,10h,undefined,2023-10-01 00:00:00,2023-10-01 00:00:00,2023-10-01 00:00:00,,,0,manhã
58000006866657,50,2,cursos e oficinas,6,Artes Visuais,58,Pinheiros,capital,1,0,outros,,vinhETA: Mostra de Tecnologias e Artes,Com Caio Netto e Bruna Mayer,de-ate,sempre,proxima,sempre,7,13h,undefined,2023-10-01 00:00:00,2023-10-01 00:00:00,2023-10-22 00:00:00,,,0,tarde
63000013458583,12,2,cursos e oficinas,6,Artes Visuais,63,Pompeia,capital,1,0,jovens,Oficinas para Crianças e seus Responsáveis,Oficina de Carimbos,Com Naomi Lustosa,uma,nextW,proxima,dom,6,15h,undefined,2023-10-01 00:00:00,2023-09-24 00:00:00,2023-10-08 00:00:00,,,0,tarde
63000013458034,15,2,cursos e oficinas,6,Artes Visuais,63,Pompeia,capital,1,0,outros,Ateliê Aberto 2023.2,Ateliê Aberto - Gravura,Com Nair Sasaki,uma,nextW,proxima,dom,6,11h,undefined,2023-10-01 00:00:00,2023-10-01 00:00:00,2023-11-26 00:00:00,,,0,manhã
63000013457877,15,2,cursos e oficinas,6,Artes Visuais,63,Pompeia,capital,1,0,outros,Ateliê Aberto 2023.2,Ateliê Aberto - Marcenaria,Com Jenis Barcelar,uma,nextW,proxima,dom,6,11h,undefined,2023-10-01 00:00:00,2023-10-01 00:00:00,2023-11-26 00:00:00,,,0,manhã
63000012849787,15,2,cursos e oficinas,6,Artes Visuais,63,Pompeia,capital,1,0,outros,Oficinas para Crianças e seus Responsáveis,Robôs solares,com Karen Keppe,uma,nextW,proxima,dom,6,14h,undefined,2023-10-01 00:00:00,2023-09-24 00:00:00,2023-10-01 00:00:00,,,0,tarde
66000017052464,50,2,cursos e oficinas,6,Artes Visuais,66,Vila Mariana,capital,0,0,crianças,,Ocupação Lúdica,,de-ate,sempre,proxima,sempre,7,11h,undefined,2023-10-01 00:00:00,2023-09-23 00:00:00,2023-12-30 00:00:00,,,0,manhã
68000008777166,15,2,cursos e oficinas,6,Artes Visuais,68,Belenzinho,capital,0,0,outros,Design.Lab,Criação de Objetos de Decoração Usando Papelão e Tecido,"com Paula Helena, educadora do Espaço de Tecnologias e Artes",uma,nextW,proxima,dom,6,10h,undefined,2023-10-01 00:00:00,2023-10-01 00:00:00,2023-10-01 00:00:00,,,0,manhã
70000005376341,15,2,cursos e oficinas,6,Artes Visuais,70,Santo Amaro,capital,1,0,outros,,Artesanato com material de reuso - Ateliê para a família,com Alexandre Rüger,uma,nextW,proxima,dom,6,14h,undefined,2023-10-01 00:00:00,2023-10-01 00:00:00,2023-10-01 00:00:00,,,0,tarde
71000004397523,40,2,cursos e oficinas,6,Artes Visuais,71,Bertioga,interior,0,0,outros,,Cerâmica para Adultos,com Coletivo Laranja Azul,uma,nextW,proxima,dom,6,15h,undefined,2023-10-01 00:00:00,2023-10-01 00:00:00,2023-10-01 00:00:00,,,0,tarde
72000000579469,12,2,cursos e oficinas,6,Artes Visuais,72,Mogi Das Cruzes,capital,0,0,crianças,,Pipa-retrato,com Bruno Perê,uma,nextW,proxima,dom,6,10h,undefined,2023-10-01 00:00:00,2023-09-30 00:00:00,2023-10-01 00:00:00,,,0,manhã
72000000579469,12,2,cursos e oficinas,6,Artes Visuais,72,Mogi Das Cruzes,capital,0,0,crianças,,Pipa-retrato,com Bruno Perê,uma,nextW,proxima,dom,6,14h,undefined,2023-10-01 00:00:00,2023-09-30 00:00:00,2023-10-01 00:00:00,,,0,tarde
73000005103783,15,2,cursos e oficinas,6,Artes Visuais,73,Guarulhos,capital,1,0,crianças,,Serigrafando Monstros,Com Gabriel Zanetti Pieroni e Ricardo Agapê,uma,nextW,proxima,dom,6,14h,undefined,2023-10-01 00:00:00,2023-10-01 00:00:00,2023-10-29 00:00:00,,,0,tarde
75000007740034,15,2,cursos e oficinas,6,Artes Visuais,75,Campinas,interior,1,0,crianças,,[Família Maker] Insetos gigantes de papelão - Turma 2,"com Filipe Miranda, educador de tecnologias e artes",uma,nextW,proxima,dom,6,14h,undefined,2023-10-01 00:00:00,2023-10-01 00:00:00,2023-10-01 00:00:00,,,0,tarde
76000004521459,15,2,cursos e oficinas,6,Artes Visuais,76,Ribeirão Preto,interior,1,0,outros,,Desvendando as Inteligências Artificiais de Texto,Com educadores do Espaço de Tecnologias e Artes,uma,nextW,proxima,dom,6,14h,undefined,2023-10-01 00:00:00,2023-10-01 00:00:00,2023-10-08 00:00:00,,,0,tarde
77000311319559,15,2,cursos e oficinas,6,Artes Visuais,77,S. J. Campos,interior,1,0,outros,,Confecção artesanal de carteiras com retalhos de couro - turma 2,Com Atairu Sapatos Artesanais,uma,nextW,proxima,dom,6,14h30,undefined,2023-10-01 00:00:00,2023-09-30 00:00:00,2023-10-01 00:00:00,,,0,tarde
78000006699798,30,2,cursos e oficinas,6,Artes Visuais,78,Santos,interior,1,0,outros,,Vivência mediada: Pintura de aquarela com tintas naturais,Com Carlos Roque,uma,nextW,proxima,dom,6,11h,undefined,2023-10-01 00:00:00,2023-10-01 00:00:00,2023-10-01 00:00:00,,,0,manhã
80000005193415,30,2,cursos e oficinas,6,Artes Visuais,80,Bauru,interior,0,0,outros,,Fazendo arte com carimbos,"Com Diego Pessoa, educador de Tecnologias e Artes do Sesc Bauru.",uma,nextW,proxima,dom,6,15h,undefined,2023-10-01 00:00:00,2023-10-01 00:00:00,2023-10-01 00:00:00,,,0,tarde
81000004022915,10,2,cursos e oficinas,6,Artes Visuais,81,Taubaté,interior,0,0,outros,,Oficina Vaso com Cimento e Isopor,"com Maíra Pinto, Educadora do Espaço de Tecnologias e Artes.",uma,nextW,proxima,dom,6,15h,undefined,2023-10-01 00:00:00,2023-09-30 00:00:00,2023-10-01 00:00:00,,,0,tarde
83000004071162,15,2,cursos e oficinas,6,Artes Visuais,83,Piracicaba,interior,1,0,outros,,Construção de instrumentos afroindígenas: Reco-reco,com Macamba N'Goma,uma,nextW,proxima,dom,6,10h,undefined,2023-10-01 00:00:00,2023-10-01 00:00:00,2023-10-01 00:00:00,,,0,manhã
83000004095399,15,2,cursos e oficinas,6,Artes Visuais,83,Piracicaba,interior,1,0,outros,,Experimentação com Tintas Naturais e Carimbos Vegetais,,uma,nextW,proxima,dom,6,14h,undefined,2023-10-01 00:00:00,2023-10-01 00:00:00,2023-10-01 00:00:00,,,0,tarde
85000003175275,10,2,cursos e oficinas,6,Artes Visuais,85,Birigui,interior,0,0,outros,,Encadernação artesanal,com Thaís Nozaki,uma,nextW,proxima,dom,6,14h,undefined,2023-10-01 00:00:00,2023-09-30 00:00:00,2023-10-01 00:00:00,,,0,tarde
87000003070018,50,2,cursos e oficinas,6,Artes Visuais,87,Prudente,interior,1,0,outros,,Ateliê Aberto,Com educadoras infantojuvenis do Sesc,de-ate,sempre,proxima,sempre,7,15h30,undefined,2023-10-01 00:00:00,2023-10-01 00:00:00,2023-10-29 00:00:00,,,0,tarde
88000005215515,15,2,cursos e oficinas,6,Artes Visuais,88,Santo André,capital,1,0,outros,Cursos e Oficinas 2023,"Aquarelas, Memórias Afetivas - Omim",com Sheyla Ayo,de-ate,sempre,proxima,sempre,7,14h,undefined,2023-10-01 00:00:00,2023-10-01 00:00:00,2023-10-29 00:00:00,,,0,tarde
57000007484902,20,2,cursos e oficinas,8,Educação,57,Ipiranga,capital,0,0,outros,,Curumininices - Inventando bichos e plantas,,de-ate,sempre,proxima,sempre,7,13h,undefined,2023-10-01 00:00:00,2023-09-30 00:00:00,2023-10-01 00:00:00,,,0,tarde
73000005071890,40,2,cursos e oficinas,8,Educação,73,Guarulhos,capital,1,0,jovens,Juventudes,Rolê Kpop!,,uma,nextW,proxima,dom,6,14h,undefined,2023-10-01 00:00:00,2023-10-01 00:00:00,2023-10-29 00:00:00,,,0,tarde
84000005571847,20,2,cursos e oficinas,8,Educação,84,Rio Preto,interior,1,0,outros,Arteria,Encadernação Artesanal com Graveto,com Educadores de Atividades Infantojuvenis,uma,nextW,proxima,dom,6,14h,undefined,2023-10-01 00:00:00,2023-10-01 00:00:00,2023-10-29 00:00:00,,,0,tarde
86000003997954,10,2,cursos e oficinas,8,Educação,86,Araraquara,interior,1,0,outros,,Macramê: Tapeçaria de Parede,"Com Natalia Corbi, artesã",uma,nextW,proxima,dom,6,14h30,undefined,2023-10-01 00:00:00,2023-09-30 00:00:00,2023-10-01 00:00:00,,,0,tarde
56000005146986,60,2,cursos e oficinas,9,Meio Ambiente,56,Itaquera,capital,0,0,crianças,,Parque de Bambú: Instalação Brincante,Grupo Equipe Parque de Bambu,uma,nextW,proxima,dom,6,09h,undefined,2023-10-01 00:00:00,2023-10-01 00:00:00,2023-10-29 00:00:00,,,0,manhã
56000005155235,20,2,cursos e oficinas,9,Meio Ambiente,56,Itaquera,capital,1,0,crianças,,Trilha da Samambaiaçu,Com Agentes de Educação Ambiental,uma,nextW,proxima,dom,6,14h,undefined,2023-10-01 00:00:00,2023-10-01 00:00:00,2023-10-01 00:00:00,,,0,tarde
65000003482610,30,2,cursos e oficinas,9,Meio Ambiente,65,Av. Paulista,capital,1,0,outros,,Cerrado Olhando, Erika Layher,uma,nextW,proxima,dom,6,11h,undefined,2023-10-01 00:00:00,2023-09-24 00:00:00,2023-10-15 00:00:00,,,0,manhã
65000003482610,30,2,cursos e oficinas,9,Meio Ambiente,65,Av. Paulista,capital,1,0,outros,,Cerrado Olhando, Erika Layher,uma,nextW,proxima,dom,6,15h,undefined,2023-10-01 00:00:00,2023-09-24 00:00:00,2023-10-15 00:00:00,,,0,tarde
71000004168477,20,2,cursos e oficinas,9,Meio Ambiente,71,Bertioga,interior,0,0,crianças,Florestar: Áreas Verdes Educadoras - Ações regulares,Desdobrando a Reserva Natural,,uma,nextW,proxima,dom,6,11h,undefined,2023-10-01 00:00:00,2023-10-01 00:00:00,2023-11-05 00:00:00,,,0,manhã
71000004379252,40,2,cursos e oficinas,9,Meio Ambiente,71,Bertioga,interior,0,0,outros,,"Nossos Parques, Nosso Quintal - Trilha do Guaratuba",,uma,nextW,proxima,dom,6,09h30,undefined,2023-10-01 00:00:00,2023-10-01 00:00:00,2023-10-29 00:00:00,,,0,manhã
71000004339414,20,2,cursos e oficinas,9,Meio Ambiente,71,Bertioga,interior,0,0,outros,,Repelentes Naturais,,uma,nextW,proxima,dom,6,15h30,undefined,2023-10-01 00:00:00,2023-10-01 00:00:00,2023-10-01 00:00:00,,,0,tarde
71000004083662,15,2,cursos e oficinas,9,Meio Ambiente,71,Bertioga,interior,1,0,outros,Florestar: Áreas Verdes Educadoras - Ações regulares,Repelentes Naturais,,de-ate,sempre,proxima,sempre,7,09h30,undefined,2023-10-01 00:00:00,2023-09-28 00:00:00,2023-12-28 00:00:00,,,0,manhã
72000000596076,20,2,cursos e oficinas,9,Meio Ambiente,72,Mogi Das Cruzes,capital,0,0,crianças,(brinc)Ar Livre,Era uma vez meu alimento - Banana,Com Marina Pedrosa e Camila de Souza Xavier - Horta Pedagógica,uma,nextW,proxima,dom,6,10h,undefined,2023-10-01 00:00:00,2023-10-01 00:00:00,2023-10-01 00:00:00,,,0,manhã
72000000594895,20,2,cursos e oficinas,9,Meio Ambiente,72,Mogi Das Cruzes,capital,0,0,crianças,(brinc)Ar Livre,Era uma vez meu alimento - PANC,Com Marina Pedrosa e Camila de Souza Xavier - Horta Pedagógica,uma,nextW,proxima,dom,6,14h,undefined,2023-10-01 00:00:00,2023-10-01 00:00:00,2023-10-01 00:00:00,,,0,tarde
83000004029102,30,2,cursos e oficinas,9,Meio Ambiente,83,Piracicaba,interior,0,0,outros,,Passarinhando entre pais e filhos,,uma,nextW,proxima,dom,6,09h30,undefined,2023-10-01 00:00:00,2023-10-01 00:00:00,2023-10-01 00:00:00,,,0,manhã
83000004127386,100,2,cursos e oficinas,9,Meio Ambiente,83,Piracicaba,interior,0,0,outros,,Terra e Chão,,uma,nextW,proxima,dom,6,09h30,undefined,2023-10-01 00:00:00,2023-10-01 00:00:00,2023-10-31 00:00:00,,,0,manhã
86000004107840,30,2,cursos e oficinas,9,Meio Ambiente,86,Araraquara,interior,1,0,outros,,Bola de Sementes,Com Daterra Educação e Permacultura,uma,nextW,proxima,dom,6,14h,undefined,2023-10-01 00:00:00,2023-09-29 00:00:00,2023-10-01 00:00:00,,,0,tarde
92000001522979,20,2,cursos e oficinas,9,Meio Ambiente,92,Registro,interior,1,0,crianças,Florestar: Áreas Verdes Educadoras - Ações regulares,Toda Abelha Ferroa?,Com Heborá,primeira,nextW,proxima,dom,6,15h,undefined,2023-10-01 00:00:00,2023-10-01 00:00:00,2023-10-01 00:00:00,,,0,tarde
96000317000707,15,2,cursos e oficinas,9,Meio Ambiente,96,Sorocaba,interior,1,0,crianças,EcoLab Mirim,Plantando morangos,"Com Alexandre Anezio, educador ambiental do Sesc Sorocaba",uma,nextW,proxima,dom,6,10h30,undefined,2023-10-01 00:00:00,2023-10-01 00:00:00,2023-10-01 00:00:00,,,0,manhã
68000008760975,150,3,debates e paletras,11,Atividade Física,68,Belenzinho,capital,0,0,outros,Semana Move,"Ancestralidade: Corpo, Cultura e Religião.","Mestre Peu, Mestre Nenel e Mestra Preguiça e Mestre Plínio.",uma,nextW,proxima,dom,6,11h30,undefined,2023-10-01 00:00:00,2023-10-01 00:00:00,2023-10-01 00:00:00,,,0,manhã
53000006213805,25,3,debates e paletras,14,Outros,53,Santana,capital,1,0,outros,Curumim,Quadradinhos de Escuta,com Giba Pedroza,uma,nextW,proxima,dom,6,10h30,undefined,2023-10-01 00:00:00,2023-09-24 00:00:00,2023-10-01 00:00:00,,,0,manhã
83000004093373,150,3,debates e paletras,5,Cinema,83,Piracicaba,interior,1,0,outros,,A casa da mamãe Icha,Dir: Oscar Molina,uma,nextW,proxima,dom,6,17h,undefined,2023-10-01 00:00:00,2023-10-01 00:00:00,2023-10-01 00:00:00,,,0,tarde
68000008318299,80,3,debates e paletras,7,Literatura,68,Belenzinho,capital,1,0,outros,,Leituras de Lá e de Cá: Mediação de Leitura,com a Cia. Oya ô,uma,nextW,proxima,dom,6,13h,undefined,2023-10-01 00:00:00,2023-09-23 00:00:00,2023-10-01 00:00:00,,,0,tarde
70000005682641,25,3,debates e paletras,7,Literatura,70,Santo Amaro,capital,1,0,outros,,Historinhas e Historietas,"Com Simone de Souza, artista eucadora, mediadora de leitura, licenciada em teatro.",uma,nextW,proxima,dom,6,14h30,undefined,2023-10-01 00:00:00,2023-10-01 00:00:00,2023-10-29 00:00:00,,,0,tarde
72000000602035,80,3,debates e paletras,7,Literatura,72,Mogi Das Cruzes,capital,1,0,outros,,Pé de Histórias: mediação de leitura,com Volta e Meia,uma,nextW,proxima,dom,6,10h,undefined,2023-10-01 00:00:00,2023-09-23 00:00:00,2023-10-01 00:00:00,,,0,manhã
72000000602035,80,3,debates e paletras,7,Literatura,72,Mogi Das Cruzes,capital,1,0,outros,,Pé de Histórias: mediação de leitura,com Volta e Meia,uma,nextW,proxima,dom,6,13h30,undefined,2023-10-01 00:00:00,2023-09-23 00:00:00,2023-10-01 00:00:00,,,0,tarde
78000006774247,200,3,debates e paletras,7,Literatura,78,Santos,interior,1,0,outros,,êBa! vem ler com a gente,com gRUPO êBA!,uma,nextW,proxima,dom,6,13h,undefined,2023-10-01 00:00:00,2023-10-01 00:00:00,2023-10-29 00:00:00,,,0,tarde
91000002209868,100,3,debates e paletras,7,Literatura,91,Campo Limpo,capital,1,0,outros,"Zona Sul, Zona Show",Podcast: Manda Notícias ao vivo com Kelly Neriah e Thalia Abdon,,uma,nextW,proxima,dom,6,13h,undefined,2023-10-01 00:00:00,2023-10-01 00:00:00,2023-10-01 00:00:00,,,0,tarde
58000006710675,600,3,debates e paletras,8,Educação,58,Pinheiros,capital,0,0,outros,PONTINHOS DE ECONOMIA SOLIDÁRIA,Feira da Economia Solidária Rede Pontinhos,"Com a Ponto da Ecosol Butantã, Com. Cachoeiras e Viela da Paz",uma,nextW,proxima,dom,6,11h,undefined,2023-10-01 00:00:00,2023-09-30 00:00:00,2023-10-01 00:00:00,,,0,manhã
83000004124926,60,3,debates e paletras,8,Educação,83,Piracicaba,interior,1,0,outros,,B.Girl Toquinha - Break dance,,uma,nextW,proxima,dom,6,14h,undefined,2023-10-01 00:00:00,2023-10-01 00:00:00,2023-10-01 00:00:00,,,0,tarde
91000002154240,150,3,debates e paletras,8,Educação,91,Campo Limpo,capital,1,0,outros,"Zona Sul, Zona Show",Bate-papo com Lino Krizz e Gaspar Z'Áfrika com mediação Léo Almeida,Abertura Festival CultCom - Cultura e Comunicação Periférica,uma,nextW,proxima,dom,6,14h30,undefined,2023-10-01 00:00:00,2023-10-01 00:00:00,2023-10-01 00:00:00,,,0,tarde
55000004686565,20,3,debates e paletras,9,Meio Ambiente,55,Interlagos,capital,1,0,outros,Adote uma Árvore,O Jatobá,,uma,nextW,proxima,dom,6,14h,undefined,2023-10-01 00:00:00,2023-10-01 00:00:00,2023-10-01 00:00:00,,,0,tarde
83000004034179,150,3,debates e paletras,9,Meio Ambiente,83,Piracicaba,interior,1,0,outros,,Primeiro Ciclo de Palestras: Encontro de Observação de Aves de Piracicaba,,uma,nextW,proxima,dom,6,13h30,undefined,2023-10-01 00:00:00,2023-10-01 00:00:00,2023-10-01 00:00:00,,,0,tarde
70000005681027,300,4,exposições,4,Dança,70,Santo Amaro,capital,0,0,outros,,Bichos soltos,,de-ate,sempre,proxima,sempre,7,16h,undefined,2023-10-01 00:00:00,2023-10-01 00:00:00,2023-10-01 00:00:00,,,0,tarde
56000005031830,20,5,filmes,5,Cinema,56,Itaquera,capital,1,0,outros,,A Toca do Coelho: exibição de curta-metragem,com Coletivo Vórtice,uma,nextW,proxima,dom,6,10h,undefined,2023-10-01 00:00:00,2023-09-24 00:00:00,2023-10-01 00:00:00,,,0,manhã
62000007427952,45,5,filmes,5,Cinema,62,Consolação,capital,1,0,outros,Cine Criança,O menino e o mundo,"Dir. Alê Abreu, 2013, Brasil, 80min",uma,nextW,proxima,dom,6,11h,undefined,2023-10-01 00:00:00,2023-10-01 00:00:00,2023-10-08 00:00:00,,,0,manhã
77000315019063,126,5,filmes,5,Cinema,77,S. J. Campos,interior,0,0,outros,,Babenco - Alguém tem que ouvir o coração e dizer: parou,Direção: Bárbara Paz. Brasil. 2020. 75 minutos.,uma,nextW,proxima,dom,6,18h,undefined,2023-10-01 00:00:00,2023-10-01 00:00:00,2023-10-01 00:00:00,,,0,noite
84000005568808,236,5,filmes,5,Cinema,84,Rio Preto,interior,1,0,outros,Artes para crianças,Gatos no Museu,"Dir: Vasiliy Rovenskiy. Rússia, 2023, 83 min.",uma,nextW,proxima,dom,6,16h,undefined,2023-10-01 00:00:00,2023-10-01 00:00:00,2023-10-01 00:00:00,,,0,tarde
85000003265411,217,5,filmes,5,Cinema,85,Birigui,interior,0,0,outros,,Tarsilinha,"2022/ 1h 33min / Animação/ Direção: Célia Catunda, Kiko Mistrorigo/ Roteiro: Fernando Salem, Marcus Aurelius Pimenta/ Elenco: Marisa Orth, Alice Barion, Ando Camargo",uma,nextW,proxima,dom,6,16h,undefined,2023-10-01 00:00:00,2023-10-01 00:00:00,2023-10-01 00:00:00,,,0,tarde
93000005891328,220,5,filmes,5,Cinema,93,Jundiaí,interior,0,0,outros,,Pequenos Guerreiros,"74min, 2021, Dir.: Barbara Cariry",uma,nextW,proxima,dom,6,16h,undefined,2023-10-01 00:00:00,2023-10-01 00:00:00,2023-10-01 00:00:00,,,0,tarde
96000319487950,270,5,filmes,5,Cinema,96,Sorocaba,interior,1,0,outros,,Curtas de Animação da Pixar - Volume 3,Vários diretores  Animação  76 min.  EUA,uma,nextW,proxima,dom,6,16h,undefined,2023-10-01 00:00:00,2023-10-01 00:00:00,2023-10-01 00:00:00,,,0,tarde
52000005476532,25,6,atividade física,11,Atividade Física,52,24 De Maio,capital,0,0,crianças,Semana Move,"Capuêra Angola Pequena, Filha da Natureza.",Semana MOVE,uma,nextW,proxima,dom,6,11h,undefined,2023-10-01 00:00:00,2023-09-23 00:00:00,2023-10-01 00:00:00,,,0,manhã
52000005476059,300,6,atividade física,11,Atividade Física,52,24 De Maio,capital,0,0,crianças,Semana Move,Hóquei - Semana Move,Semana MOVE,uma,nextW,proxima,dom,6,13h30,undefined,2023-10-01 00:00:00,2023-09-28 00:00:00,2023-10-01 00:00:00,,,0,tarde
52000005607868,15,6,atividade física,11,Atividade Física,52,24 De Maio,capital,0,0,crianças,Semana Move,Jogos e Brincadeiras na Escalada,Com Educadores do Sesc 24 de Maio,uma,nextW,proxima,dom,6,11h30,undefined,2023-10-01 00:00:00,2023-09-23 00:00:00,2023-10-01 00:00:00,,,0,manhã
52000005607868,15,6,atividade física,11,Atividade Física,52,24 De Maio,capital,0,0,crianças,Semana Move,Jogos e Brincadeiras na Escalada,Com Educadores do Sesc 24 de Maio,uma,nextW,proxima,dom,6,15h30,undefined,2023-10-01 00:00:00,2023-09-23 00:00:00,2023-10-01 00:00:00,,,0,tarde
52000005419897,80,6,atividade física,11,Atividade Física,52,24 De Maio,capital,0,0,outros,Corpo Consciente,Corpo Consciente: Vinyasa Yoga,Com Jéssica Kimura,uma,nextW,proxima,dom,6,11h30,undefined,2023-10-01 00:00:00,2023-10-01 00:00:00,2023-10-29 00:00:00,,,0,manhã
55000004664995,50,6,atividade física,11,Atividade Física,55,Interlagos,capital,0,0,outros,Semana Move,Vivência de Chi Kung,,uma,nextW,proxima,dom,6,11h,undefined,2023-10-01 00:00:00,2023-09-24 00:00:00,2023-10-01 00:00:00,,,0,manhã
57000007399658,20,6,atividade física,11,Atividade Física,57,Ipiranga,capital,0,0,crianças,Semana Move,Aikido para famílias,Com Vagner Tome Sensei,uma,nextW,proxima,dom,6,12h,undefined,2023-10-01 00:00:00,2023-10-01 00:00:00,2023-10-01 00:00:00,,,0,tarde
57000007399615,20,6,atividade física,11,Atividade Física,57,Ipiranga,capital,0,0,outros,Semana Move,Aikido - Mulheres no tatame,Com Lila Serzedello Sensei,uma,nextW,proxima,dom,6,15h,undefined,2023-10-01 00:00:00,2023-09-30 00:00:00,2023-10-01 00:00:00,,,0,tarde
57000007443945,20,6,atividade física,11,Atividade Física,57,Ipiranga,capital,0,0,outros,Semana Move,Aikido aula aberta, Com Herbert Ran Ichi Sensei,uma,nextW,proxima,dom,6,11h,undefined,2023-10-01 00:00:00,2023-10-01 00:00:00,2023-10-01 00:00:00,,,0,manhã
57000007474573,20,6,atividade física,11,Atividade Física,57,Ipiranga,capital,0,0,outros,Semana Move,Movimentos Básicos do Aikido, Com Daniel Ono Sensei,uma,nextW,proxima,dom,6,13h,undefined,2023-10-01 00:00:00,2023-10-01 00:00:00,2023-10-01 00:00:00,,,0,tarde
58000006840712,45,6,atividade física,11,Atividade Física,58,Pinheiros,capital,1,0,outros,,Práticas Corporais,Com educadores Sesc,uma,nextW,proxima,dom,6,10h30,undefined,2023-10-01 00:00:00,2023-10-01 00:00:00,2023-10-01 00:00:00,,,0,manhã
62000007859943,50,6,atividade física,11,Atividade Física,62,Consolação,capital,1,0,outros,Domingos de Práticas Corporais,Treinamento Perfumado,Com Jesse Matos,de-ate,sempre,proxima,sempre,7,10h15,undefined,2023-10-01 00:00:00,2023-09-24 00:00:00,2023-10-29 00:00:00,,,0,manhã
63000013559262,50,6,atividade física,11,Atividade Física,63,Pompeia,capital,0,0,outros,Semana Move,Encontro Move Zen,Com Sandro Bosco,uma,nextW,proxima,dom,6,10h30,undefined,2023-10-01 00:00:00,2023-10-01 00:00:00,2023-10-01 00:00:00,,,0,manhã
63000013601929,100,6,atividade física,11,Atividade Física,63,Pompeia,capital,1,0,outros,,Danças Circulares,Com educadores do Sesc,de-ate,sempre,proxima,sempre,7,11h30,undefined,2023-10-01 00:00:00,2023-10-01 00:00:00,2023-12-10 00:00:00,,,0,manhã
65000003486892,40,6,atividade física,11,Atividade Física,65,Av. Paulista,capital,0,0,outros,,Lugar do Corpo e os Elementos,com educadoras de atividades físico esportivas do Sesc Avenida Paulista,uma,nextW,proxima,dom,6,10h10,undefined,2023-10-01 00:00:00,2023-09-24 00:00:00,2023-10-01 00:00:00,,,0,manhã
65000003615088,20,6,atividade física,11,Atividade Física,65,Av. Paulista,capital,0,0,outros,,Pilates - 1/10 - 10h10,com educadores(as) de atividades físicas do Sesc Avenida Paulista.,uma,nextW,proxima,dom,6,10h10,undefined,2023-10-01 00:00:00,2023-10-01 00:00:00,2023-10-01 00:00:00,,,0,manhã
65000003615199,20,6,atividade física,11,Atividade Física,65,Av. Paulista,capital,0,0,outros,,Pilates - 1/10 - 11h30,com educadores(as) de atividades físicas do Sesc Avenida Paulista.,uma,nextW,proxima,dom,6,11h30,undefined,2023-10-01 00:00:00,2023-10-01 00:00:00,2023-10-01 00:00:00,,,0,manhã
65000003487190,20,6,atividade física,11,Atividade Física,65,Av. Paulista,capital,0,0,outros,,Pilates Solo - 1/10 - 14h,com educadores(as) de atividades físicas do Sesc Avenida Paulista.,uma,nextW,proxima,dom,6,14h,undefined,2023-10-01 00:00:00,2023-10-01 00:00:00,2023-10-01 00:00:00,,,0,tarde
65000003552224,50,6,atividade física,11,Atividade Física,65,Av. Paulista,capital,0,0,outros,,Que Jogo é esse? Double Dutch e Rope Skipping,Com Joy Box e Iara Ito,uma,nextW,proxima,dom,6,15h30,undefined,2023-10-01 00:00:00,2023-10-01 00:00:00,2023-10-29 00:00:00,,,0,tarde
65000003555024,20,6,atividade física,11,Atividade Física,65,Av. Paulista,capital,0,0,outros,,Yoga para Crianças,com educadoras de atividades físicas do Sesc Avenida Paulista,uma,nextW,proxima,dom,6,10h10,undefined,2023-10-01 00:00:00,2023-10-01 00:00:00,2023-10-29 00:00:00,,,0,manhã
65000003411236,40,6,atividade física,11,Atividade Física,65,Av. Paulista,capital,0,0,outros,Semana Move,Enduro de Bicicleta - Quartetos Mistos,Com Esdras Martins e a equipe Mochila BR,uma,nextW,proxima,dom,6,08h,undefined,2023-10-01 00:00:00,2023-10-01 00:00:00,2023-10-01 00:00:00,,,0,manhã
65000003193361,70,6,atividade física,11,Atividade Física,65,Av. Paulista,capital,1,0,outros,,A Ginástica pelas Décadas na GMF,com educadores(as) de atividades físicas do Sesc Avenida Paulista.,de-ate,sempre,proxima,sempre,7,11h30,undefined,2023-10-01 00:00:00,2023-10-01 00:00:00,2023-12-17 00:00:00,,,0,manhã
65000003424222,50,6,atividade física,11,Atividade Física,65,Av. Paulista,capital,1,0,outros,Semana Move,Flash Move - Nas Linhas do Oriente,com educadoras de atividades físicas do Sesc Avenida Paulista,uma,nextW,proxima,dom,6,13h30,undefined,2023-10-01 00:00:00,2023-10-01 00:00:00,2023-10-01 00:00:00,,,0,tarde
66000016748994,100,6,atividade física,11,Atividade Física,66,Vila Mariana,capital,0,0,crianças,Semana Move,Nado Artístico,Vivência e exploração do fluir dos movimentos na água,uma,nextW,proxima,dom,6,13h,undefined,2023-10-01 00:00:00,2023-09-23 00:00:00,2023-10-01 00:00:00,1,Tradução em Libras,0,tarde
66000017458416,150,6,atividade física,11,Atividade Física,66,Vila Mariana,capital,0,0,outros,Semana Move,Tambores Flow - O caminho interno,com Monica Jurado,uma,nextW,proxima,dom,6,15h,undefined,2023-10-01 00:00:00,2023-10-01 00:00:00,2023-10-01 00:00:00,,,0,tarde
66000017454317,100,6,atividade física,11,Atividade Física,66,Vila Mariana,capital,0,0,outros,Semana Move,Yoga: o fluir do movimento,Com Márcia Ferrarezi,uma,nextW,proxima,dom,6,10h30,undefined,2023-10-01 00:00:00,2023-10-01 00:00:00,2023-10-01 00:00:00,,,0,manhã
68000008744376,120,6,atividade física,11,Atividade Física,68,Belenzinho,capital,0,0,outros,Semana Move,Aula Aberta de Côco,Com Mestre Diolino Brito,de-ate,sempre,proxima,sempre,7,10h,undefined,2023-10-01 00:00:00,2023-10-01 00:00:00,2023-10-01 00:00:00,,,0,manhã
68000008956913,150,6,atividade física,11,Atividade Física,68,Belenzinho,capital,1,0,outros,,Aulas Abertas de Samba Rock,com Rúbia Frutuoso,uma,nextW,proxima,dom,6,15h30,undefined,2023-10-01 00:00:00,2023-10-01 00:00:00,2023-10-29 00:00:00,,,0,tarde
68000008365937,50,6,atividade física,11,Atividade Física,68,Belenzinho,capital,1,0,outros,,Práticas Corporais,Com educadores do Sesc,de-ate,sempre,proxima,sempre,7,11h,undefined,2023-10-01 00:00:00,2023-09-30 00:00:00,2023-10-29 00:00:00,,,0,manhã
68000008744346,300,6,atividade física,11,Atividade Física,68,Belenzinho,capital,1,0,outros,Semana Move,Vivência de Surfe e SUP,,uma,nextW,proxima,dom,6,10h,undefined,2023-10-01 00:00:00,2023-09-23 00:00:00,2023-10-01 00:00:00,,,0,manhã
72000000587228,50,6,atividade física,11,Atividade Física,72,Mogi Das Cruzes,capital,0,0,outros,Semana Move,Kemetic: Yoga Africana com Hekau/canções,Com Sirlene Santos e Dedé Souza,uma,nextW,proxima,dom,6,10h,undefined,2023-10-01 00:00:00,2023-10-01 00:00:00,2023-10-01 00:00:00,,,0,manhã
73000004930485,25,6,atividade física,11,Atividade Física,73,Guarulhos,capital,0,0,crianças,,No Reino das Águas Brincantes,Recreágua Temática,uma,nextW,proxima,dom,6,14h,undefined,2023-10-01 00:00:00,2023-10-01 00:00:00,2023-10-29 00:00:00,,,0,tarde
73000004805600,200,6,atividade física,11,Atividade Física,73,Guarulhos,capital,0,0,outros,Semana Move,2ª Caminhada Sustentável (Plogging Walking) - Semana Move,Caminhada com recolhimento de resíduos,de-ate,sempre,proxima,sempre,7,10h,undefined,2023-10-01 00:00:00,2023-10-01 00:00:00,2023-10-01 00:00:00,,,0,manhã
73000004883150,50,6,atividade física,11,Atividade Física,73,Guarulhos,capital,0,0,outros,Semana Move,"Aula aberta de ritmos: semana movie, dançando trilhas sonoras de filmes",Com educadores do Sesc,de-ate,sempre,proxima,sempre,7,10h,undefined,2023-10-01 00:00:00,2023-09-24 00:00:00,2023-10-01 00:00:00,,,0,manhã
73000004883046,50,6,atividade física,11,Atividade Física,73,Guarulhos,capital,0,0,outros,Semana Move,Ritos Tibetanos e meditação Guiada,Com educadores do Sesc,uma,nextW,proxima,dom,6,09h15,undefined,2023-10-01 00:00:00,2023-10-01 00:00:00,2023-10-01 00:00:00,,,0,manhã
75000007996779,200,6,atividade física,11,Atividade Física,75,Campinas,interior,0,0,outros,Semana Move,Desafio GMF - Campinas,,de-ate,sempre,proxima,sempre,7,10h,undefined,2023-10-01 00:00:00,2023-10-01 00:00:00,2023-10-01 00:00:00,,,0,manhã
77000313104945,150,6,atividade física,11,Atividade Física,77,S. J. Campos,interior,0,0,crianças,Semana Move,Solário esportivo,,uma,nextW,proxima,dom,6,15h,undefined,2023-10-01 00:00:00,2023-09-30 00:00:00,2023-10-01 00:00:00,,,0,tarde
77000314203636,30,6,atividade física,11,Atividade Física,77,S. J. Campos,interior,1,0,outros,Perceba-se,Práticas Somáticas,Com Maercio Maia,de-ate,sempre,proxima,sempre,7,10h30,undefined,2023-10-01 00:00:00,2023-10-01 00:00:00,2023-10-29 00:00:00,,,0,manhã
78000006703987,40,6,atividade física,11,Atividade Física,78,Santos,interior,0,0,outros,Semana Move,Tênis de Mesa -Move Esportes,,uma,nextW,proxima,dom,6,15h30,undefined,2023-10-01 00:00:00,2023-10-01 00:00:00,2023-10-01 00:00:00,,,0,tarde
79000003153228,100,6,atividade física,11,Atividade Física,79,Catanduva,interior,0,0,outros,Programa Sesc de Esportes,Conhecendo o Roundnet na Praça do Movimento,Vinicius Modesto,de-ate,sempre,proxima,sempre,7,15h,undefined,2023-10-01 00:00:00,2023-09-24 00:00:00,2023-10-08 00:00:00,,,0,tarde
80000005163315,100,6,atividade física,11,Atividade Física,80,Bauru,interior,0,0,outros,Semana Move,Move Zen  Yoga,Com Caroline Guerra e Leonardo Noda.,de-ate,sempre,proxima,sempre,7,10h30,undefined,2023-10-01 00:00:00,2023-09-24 00:00:00,2023-10-29 00:00:00,,,0,manhã
81000004409677,25,6,atividade física,11,Atividade Física,81,Taubaté,interior,0,0,outros,,Condicionamento Físico Aquático,Sábado e Domingo 10h30  Sábado e Domingo 10h30 - A partir de 12 anos,de-ate,sempre,proxima,sempre,7,10h30,undefined,2023-10-01 00:00:00,2023-09-23 00:00:00,2023-12-31 00:00:00,,,0,manhã
82000004991668,45,6,atividade física,11,Atividade Física,82,São Carlos,interior,0,0,outros,Semana Move,Yoga: os cinco ritos tibetanos,Com educadores do Sesc,uma,nextW,proxima,dom,6,09h30,undefined,2023-10-01 00:00:00,2023-10-01 00:00:00,2023-10-01 00:00:00,,,0,manhã
82000004991668,45,6,atividade física,11,Atividade Física,82,São Carlos,interior,0,0,outros,Semana Move,Yoga: os cinco ritos tibetanos,Com educadores do Sesc,uma,nextW,proxima,dom,6,10h30,undefined,2023-10-01 00:00:00,2023-10-01 00:00:00,2023-10-01 00:00:00,,,0,manhã
83000004041371,200,6,atividade física,11,Atividade Física,83,Piracicaba,interior,0,0,outros,Semana Move,"Circuito de Corridas, Esportes e Jogos de precisão",com equipe Esporte Fácil,uma,nextW,proxima,dom,6,10h,undefined,2023-10-01 00:00:00,2023-09-30 00:00:00,2023-10-01 00:00:00,,,0,manhã
84000005468900,40,6,atividade física,11,Atividade Física,84,Rio Preto,interior,1,0,outros,,Hatha Yoga,"Com Gisela Zeghini, professora de yoga.",de-ate,sempre,proxima,sempre,7,10h,undefined,2023-10-01 00:00:00,2023-10-01 00:00:00,2023-10-29 00:00:00,,,0,manhã
84000005403455,50,6,atividade física,11,Atividade Física,84,Rio Preto,interior,1,0,outros,Semana Move,Aquafloating - Prancha Aquática,Com monitores especializados.,uma,nextW,proxima,dom,6,10h,undefined,2023-10-01 00:00:00,2023-09-30 00:00:00,2023-10-01 00:00:00,,,0,manhã
85000003216077,100,6,atividade física,11,Atividade Física,85,Birigui,interior,0,0,crianças,Semana Move,Skate - o acesso ao esporte para pessoas Queer,Com coletivo Skate no Vale,de-ate,sempre,proxima,sempre,7,15h30,undefined,2023-10-01 00:00:00,2023-10-01 00:00:00,2023-10-01 00:00:00,,,0,tarde
85000003209840,100,6,atividade física,11,Atividade Física,85,Birigui,interior,0,0,outros,,Se eu botar o Skate na cabeça eu viro o chão,Documentário sobre Skate Queer,de-ate,sempre,proxima,sempre,7,15h,undefined,2023-10-01 00:00:00,2023-10-01 00:00:00,2023-10-01 00:00:00,,,0,tarde
85000003252668,50,6,atividade física,11,Atividade Física,85,Birigui,interior,0,0,outros,,Yoga,Com Pedro Costa,de-ate,sempre,proxima,sempre,7,10h,undefined,2023-10-01 00:00:00,2023-10-01 00:00:00,2023-10-29 00:00:00,,,0,manhã
86000004227368,30,6,atividade física,11,Atividade Física,86,Araraquara,interior,1,0,outros,,Práticas Corporais Chinesas,,de-ate,sempre,proxima,sempre,7,10h,undefined,2023-10-01 00:00:00,2023-10-01 00:00:00,2023-10-29 00:00:00,,,0,manhã
87000003009293,120,6,atividade física,11,Atividade Física,87,Prudente,interior,0,0,outros,,Yoga,Com educadora de atividades físico-esportivas do Sesc,uma,nextW,proxima,dom,6,10h,undefined,2023-10-01 00:00:00,2023-10-01 00:00:00,2023-10-01 00:00:00,,,0,manhã
87000002964313,100,6,atividade física,11,Atividade Física,87,Prudente,interior,0,0,outros,Semana Move,Jogos e Brincadeiras Tradicionais,Com a educadora Elizabeth Gomes Soares,uma,nextW,proxima,dom,6,14h,undefined,2023-10-01 00:00:00,2023-09-24 00:00:00,2023-10-01 00:00:00,,,0,tarde
91000002215733,90,6,atividade física,11,Atividade Física,91,Campo Limpo,capital,1,0,crianças,,Aulas abertas de iniciação ao skate,,de-ate,sempre,proxima,sempre,7,10h30,undefined,2023-10-01 00:00:00,2023-10-01 00:00:00,2023-10-29 00:00:00,,,0,manhã
92000001507948,300,6,atividade física,11,Atividade Física,92,Registro,interior,1,0,crianças,Semana Move,Apresentação esportiva de Bike Trial,Sp Hawks,uma,nextW,proxima,dom,6,16h30,undefined,2023-10-01 00:00:00,2023-09-27 00:00:00,2023-10-01 00:00:00,,,0,tarde
93000005946894,100,6,atividade física,11,Atividade Física,93,Jundiaí,interior,0,0,outros,,Yoga e Vitalidade,com Deborah Casa Grande,de-ate,sempre,proxima,sempre,7,10h30,undefined,2023-10-01 00:00:00,2023-10-01 00:00:00,2023-10-29 00:00:00,,,0,manhã
94000006087378,300,6,atividade física,11,Atividade Física,94,Bom Retiro,capital,0,0,crianças,Semana Move,Ocupação Skate na Rua,Com equipe Switch,de-ate,sempre,proxima,sempre,7,10h,undefined,2023-10-01 00:00:00,2023-10-01 00:00:00,2023-10-01 00:00:00,,,0,manhã
96000317046780,250,6,atividade física,11,Atividade Física,96,Sorocaba,interior,1,0,crianças,Semana Move,Recreação Aquática: Aqua jump e mergulho full face e livre,Com Equipe Viva Mais,uma,nextW,proxima,dom,6,14h,undefined,2023-10-01 00:00:00,2023-09-30 00:00:00,2023-10-01 00:00:00,,,0,tarde
96000313683085,140,6,atividade física,11,Atividade Física,96,Sorocaba,interior,1,0,outros,,Manhãs de Yoga: Kundalini Yoga,"com Mike Altorfer, professor e praticante de yoga",de-ate,sempre,proxima,sempre,7,08h,undefined,2023-10-01 00:00:00,2023-10-01 00:00:00,2023-10-29 00:00:00,,,0,manhã
96000317101632,150,6,atividade física,11,Atividade Física,96,Sorocaba,interior,1,0,outros,Semana Move,Axé 90 - volume 2,Com educadores de atividades fisicoesportivas do Sesc Sorocaba,uma,nextW,proxima,dom,6,16h,undefined,2023-10-01 00:00:00,2023-09-23 00:00:00,2023-10-01 00:00:00,,,0,tarde
96000317413802,100,6,atividade física,11,Atividade Física,96,Sorocaba,interior,1,0,outros,Semana Move,Futmesa,Com Quality Ville,uma,nextW,proxima,dom,6,14h,undefined,2023-10-01 00:00:00,2023-09-30 00:00:00,2023-10-01 00:00:00,,,0,tarde
96000320795578,80,6,atividade física,11,Atividade Física,96,Sorocaba,interior,1,0,outros,Semana Move,Integraskate -  Vivência com Skate adaptado,com SkateAnima,uma,nextW,proxima,dom,6,10h,undefined,2023-10-01 00:00:00,2023-10-01 00:00:00,2023-10-01 00:00:00,,,0,manhã
96000315975677,70,6,atividade física,11,Atividade Física,96,Sorocaba,interior,1,0,outros,Semana Move,Semana MOVE - Skate Park,Com profissionais da Milos Eventos,de-ate,sempre,proxima,sempre,7,10h30,undefined,2023-10-01 00:00:00,2023-09-28 00:00:00,2023-10-01 00:00:00,,,0,manhã
96000323965602,20,6,atividade física,11,Atividade Física,96,Sorocaba,interior,1,0,outros,Semana Move,Vivência em Mergulho com Cilindro,Com Dive Club Sorocaba,uma,nextW,proxima,dom,6,10h30,undefined,2023-10-01 00:00:00,2023-10-01 00:00:00,2023-10-01 00:00:00,,,0,manhã
53000006115723,100,6,atividade física,14,Outros,53,Santana,capital,0,0,outros,,Praça de esportes - Ginástica para famílias,Atividades de ginástica artística e rítmica,de-ate,sempre,proxima,sempre,7,15h,undefined,2023-10-01 00:00:00,2023-10-01 00:00:00,2023-10-29 00:00:00,,,0,tarde
53000006105920,40,6,atividade física,14,Outros,53,Santana,capital,0,0,outros,,Recreação Orientada de Futsal,Com educadores do Sesc,de-ate,sempre,proxima,sempre,7,10h15,undefined,2023-10-01 00:00:00,2023-10-01 00:00:00,2023-12-21 00:00:00,,,0,manhã
62000007880426,120,6,atividade física,14,Outros,62,Consolação,capital,0,0,crianças,,Escalada Aquática,,de-ate,sempre,proxima,sempre,7,13h,undefined,2023-10-01 00:00:00,2023-09-24 00:00:00,2023-10-01 00:00:00,,,0,tarde
62000007459030,50,6,atividade física,14,Outros,62,Consolação,capital,0,0,outros,Sesc Delas,Recreação de Basquete para Mulheres,Com educadoras(es) do Sesc,de-ate,sempre,proxima,sempre,7,15h,undefined,2023-10-01 00:00:00,2023-10-01 00:00:00,2023-12-17 00:00:00,,,0,tarde
73000004836166,100,6,atividade física,14,Outros,73,Guarulhos,capital,0,0,crianças,Semana Move,Shuffleboard e Floor Curling no Esporte Família,,de-ate,sempre,proxima,sempre,7,15h30,undefined,2023-10-01 00:00:00,2023-10-01 00:00:00,2023-10-01 00:00:00,,,0,tarde
77000313181045,100,6,atividade física,14,Outros,77,S. J. Campos,interior,0,0,crianças,Semana Move,Basquete 3x3,,de-ate,sempre,proxima,sempre,7,15h,undefined,2023-10-01 00:00:00,2023-10-01 00:00:00,2023-10-01 00:00:00,,,0,tarde
85000003238481,60,6,atividade física,14,Outros,85,Birigui,interior,0,0,outros,,Recreação de Futebol Soçaite Feminino,,de-ate,sempre,proxima,sempre,7,10h,undefined,2023-10-01 00:00:00,2023-10-01 00:00:00,2023-12-31 00:00:00,,,0,manhã
93000005886528,50,6,atividade física,14,Outros,93,Jundiaí,interior,0,0,outros,Semana Move,Lazer sobre rodas,com Ativiva,de-ate,sempre,proxima,sempre,7,14h,undefined,2023-10-01 00:00:00,2023-09-28 00:00:00,2023-10-01 00:00:00,,,0,tarde
68000008789049,25,8,turismo,12,Turismo,68,Belenzinho,capital,0,0,outros,Programa de Turismo Social,O Futuro é Ancestral - memória e ancestralidade no outeiro histórico da Penha,Com o Grupo Ururay,uma,nextW,proxima,dom,6,08h,undefined,2023-10-01 00:00:00,2023-10-01 00:00:00,2023-10-01 00:00:00,,,0,manhã
73000004925329,20,8,turismo,12,Turismo,73,Guarulhos,capital,0,0,outros,,Expedição Biomas Brasileiros - Trilha do Parque Estadual de Restinga de Bertioga,Com o biólogo Anderson Santos e a guia de turismo Maiza Carvalho,uma,nextW,proxima,dom,6,08h,undefined,2023-10-01 00:00:00,2023-10-01 00:00:00,2023-10-01 00:00:00,,,0,manhã
62000008050073,30,9,'+ lazer,14,Outros,62,Consolação,capital,1,0,crianças,Brincantes - Dia das crianças,Balaio de erês: desvendares de elementos sensoriais e do cotidiano,Com Cia. Caruru,de-ate,sempre,proxima,sempre,7,15h,undefined,2023-10-01 00:00:00,2023-10-01 00:00:00,2023-10-29 00:00:00,,,0,tarde
63000013328857,50,9,'+ lazer,14,Outros,63,Pompeia,capital,0,0,outros,Espaço de Brincar,Roda Musical em Família,com Badalu,de-ate,sempre,proxima,sempre,7,11h,undefined,2023-10-01 00:00:00,2023-10-01 00:00:00,2023-10-29 00:00:00,,,0,manhã
65000003517794,15,9,'+ lazer,14,Outros,65,Av. Paulista,capital,0,0,crianças,Espaço de Brincar,"Contar, Mediar, Brincar",Com Coletiva Lobas,de-ate,sempre,proxima,sempre,7,11h,undefined,2023-10-01 00:00:00,2023-09-23 00:00:00,2023-10-01 00:00:00,,,0,manhã
73000004787377,25,9,'+ lazer,14,Outros,73,Guarulhos,capital,0,0,crianças,,Brincando com linhas,com educadores do Curumim,de-ate,sempre,proxima,sempre,7,14h,undefined,2023-10-01 00:00:00,2023-09-23 00:00:00,2023-10-01 00:00:00,,,0,tarde
79000003153053,100,9,'+ lazer,14,Outros,79,Catanduva,interior,0,0,outros,,Jogos e Brincadeiras na Praça do movimento,,de-ate,sempre,proxima,sempre,7,11h,undefined,2023-10-01 00:00:00,2023-09-24 00:00:00,2023-10-08 00:00:00,,,0,manhã
83000004112867,20,9,'+ lazer,14,Outros,83,Piracicaba,interior,1,0,crianças,Espaço lúdico,Pezinhos pré-históricos,Transforme-se em um animal pré histórico ao recriar sua pata para e vesti-la.,de-ate,sempre,proxima,sempre,7,14h,undefined,2023-10-01 00:00:00,2023-10-01 00:00:00,2023-10-01 00:00:00,,,0,tarde
93000005902778,60,9,'+ lazer,14,Outros,93,Jundiaí,interior,0,0,crianças,,Com as próprias mãos,com educadores do Sesc Jundiaí,de-ate,sempre,proxima,sempre,7,16h30,undefined,2023-10-01 00:00:00,2023-09-30 00:00:00,2023-10-22 00:00:00,,,0,tarde
93000005919081,30,9,'+ lazer,14,Outros,93,Jundiaí,interior,0,0,outros,,Acampamento do Espaço de Brincar,Vivência de acampamento de aventura para crianças,de-ate,sempre,proxima,sempre,7,14h,undefined,2023-10-01 00:00:00,2023-10-01 00:00:00,2023-10-01 00:00:00,,,0,tarde
93000005911106,20,9,'+ lazer,14,Outros,93,Jundiaí,interior,1,0,outros,,Jogue o jogo,com educadores do ETA,de-ate,sempre,proxima,sempre,7,10h30,undefined,2023-10-01 00:00:00,2023-10-01 00:00:00,2023-11-19 00:00:00,,,0,manhã
64000005046467,20,2,cursos e oficinas,10,Saúde,64,Carmo,capital,1,0,outros,,Tai Chi Pai Lin,Com Unidade de Medicinas Tradicionais (UMT) da Supervisão Técnica de Saúde - Sé,uma,thisM,depois,seg,0,09h,undefined,2023-10-02 00:00:00,2023-10-02 00:00:00,2023-10-30 00:00:00,,,0,manhã
83000004051114,30,2,cursos e oficinas,8,Educação,83,Piracicaba,interior,1,0,outros,,Empreender na comunidade,Como formar associações comunitárias,primeira,thisM,depois,seg,0,18h,undefined,2023-10-02 00:00:00,2023-10-02 00:00:00,2023-11-23 00:00:00,,,0,noite
89000001377231,50,2,cursos e oficinas,8,Educação,89,CPF,capital,0,0,outros,Gestão do Esporte,Curso Sesc de Gestão do Esporte 2023/2024,Filosofia do esporte - Renato Noguera,primeira,thisM,depois,seg,0,19h,undefined,2023-10-02 00:00:00,2023-10-02 00:00:00,2023-10-02 00:00:00,,,0,noite
78000006648353,300,1,shows e espetáculos,1,Música,78,Santos,interior,0,0,idosos,,Ponto de Encontro com a Velha Guarda da Vaia,,uma,thisM,depois,ter,1,15h,undefined,2023-10-03 00:00:00,2023-10-03 00:00:00,2023-10-03 00:00:00,,,0,tarde
63000013035250,40,1,shows e espetáculos,2,Teatro,63,Pompeia,capital,0,0,outros,,Nica,Com Elisa Band e Gilda Nomacce,uma,thisM,depois,ter,1,20h30,undefined,2023-10-03 00:00:00,2023-09-21 00:00:00,2023-10-06 00:00:00,1,Audiodescrição  Tradução em Libras,0,noite
73000005161492,50,1,shows e espetáculos,2,Teatro,73,Guarulhos,capital,1,0,outros,Residência Resistência,Abertura de Processo,Com Cia PimentArdida,uma,thisM,depois,ter,1,20h,undefined,2023-10-03 00:00:00,2023-10-03 00:00:00,2023-10-04 00:00:00,,,0,noite
58000006764712,100,1,shows e espetáculos,4,Dança,58,Pinheiros,capital,0,0,outros,Coisas da Dança,O Diário de duas bicicletas,Com Ana Catarina Vieira e Ângelo Madureira,uma,thisM,depois,ter,1,19h30,undefined,2023-10-03 00:00:00,2023-09-26 00:00:00,2023-10-04 00:00:00,,,0,noite
75000008050815,100,1,shows e espetáculos,7,Literatura,75,Campinas,interior,0,0,outros,,Novo [Na estante],com Rita Carelli,uma,thisM,depois,ter,1,09h,undefined,2023-10-03 00:00:00,2023-09-21 00:00:00,2023-10-31 00:00:00,,,0,manhã
75000007953323,15,1,shows e espetáculos,7,Literatura,75,Campinas,interior,1,0,outros,,[NA ESTANTE] Rita Carelli,com Rita Carelli,uma,thisM,depois,ter,1,09h,undefined,2023-10-03 00:00:00,2023-09-21 00:00:00,2023-10-31 00:00:00,,,0,manhã
91000002215943,50,1,shows e espetáculos,7,Literatura,91,Campo Limpo,capital,0,0,outros,,Refresco de Rimas,Com Circo de Trapo,uma,thisM,depois,ter,1,14h,undefined,2023-10-03 00:00:00,2023-10-03 00:00:00,2023-10-31 00:00:00,,,0,tarde
70000005348524,30,10,serviços,14,Outros,70,Santo Amaro,capital,0,0,outros,,Piscina,Terca 10h  Quarta 10h  Quinta 10h  Sexta 10h - Livre,de-ate,thisM,depois,ter,1,10h,undefined,2023-10-03 00:00:00,2023-09-21 00:00:00,2023-12-29 00:00:00,,,0,
56000005085650,100,10,serviços,7,Literatura,56,Itaquera,capital,1,0,outros,,Empréstimo,"R. Bardana, 35 - Jardim Ruth - São Paulo/SP",de-ate,thisM,depois,ter,1,10h,undefined,2023-10-03 00:00:00,2023-10-03 00:00:00,2023-11-28 00:00:00,,,0,
78000006816727,30,2,cursos e oficinas,1,Música,78,Santos,interior,0,0,idosos,,"Roberto Seresteiro conta a história dos ritmos bolero, samba-canção e do tango",,de-ate,sempre,depois,sempre,7,18h,undefined,2023-10-03 00:00:00,2023-10-03 00:00:00,2023-10-26 00:00:00,,,0,noite
84000005468565,20,2,cursos e oficinas,1,Música,84,Rio Preto,interior,1,0,idosos,,Violão: básico,"Com  Lucas Rocha, músico.",primeira,thisM,depois,ter,1,14h30,undefined,2023-10-03 00:00:00,2023-10-03 00:00:00,2023-10-31 00:00:00,,,0,tarde
84000005468684,30,2,cursos e oficinas,1,Música,84,Rio Preto,interior,1,0,idosos,,Violão: intermediário,"Com Lucas Rocha, músico.",primeira,thisM,depois,ter,1,15h30,undefined,2023-10-03 00:00:00,2023-10-03 00:00:00,2023-10-31 00:00:00,,,0,tarde
64000005066379,40,2,cursos e oficinas,10,Saúde,64,Carmo,capital,0,0,outros,,[NÃO DIVULGAR] Bem-Estar na Mesa: cuidando dos educadores.,com nutricionistas do Sesc,uma,thisM,depois,ter,1,14h,undefined,2023-10-03 00:00:00,2023-10-03 00:00:00,2023-10-03 00:00:00,,,0,tarde
53000006127269,25,2,cursos e oficinas,14,Outros,53,Santana,capital,1,0,idosos,,Miniaturas - Um quartinho dentro da maleta imaginarium,com Andreia Kusaba,primeira,thisM,depois,ter,1,11h,undefined,2023-10-03 00:00:00,2023-10-03 00:00:00,2023-10-24 00:00:00,,,0,manhã
70000005624825,15,2,cursos e oficinas,14,Outros,70,Santo Amaro,capital,0,0,idosos,,Editor de texto,com Alexandre Rüger,primeira,thisM,depois,ter,1,09h30,undefined,2023-10-03 00:00:00,2023-10-03 00:00:00,2023-10-31 00:00:00,,,0,manhã
57000007443512,20,2,cursos e oficinas,2,Teatro,57,Ipiranga,capital,0,0,outros,Teatro Mínimo,Memória e Fabulação,Com Miwa Yanagizawa e Gabriel Saito,primeira,thisM,depois,ter,1,15h,undefined,2023-10-03 00:00:00,2023-10-03 00:00:00,2023-10-06 00:00:00,,,0,tarde
86000004136030,30,2,cursos e oficinas,2,Teatro,86,Araraquara,interior,1,0,idosos,,Teatro +60,,de-ate,sempre,depois,sempre,7,14h30,undefined,2023-10-03 00:00:00,2023-10-03 00:00:00,2023-10-19 00:00:00,,,0,tarde
66000017526638,25,2,cursos e oficinas,3,Circo,66,Vila Mariana,capital,0,0,outros,,Curso de palhaçaria,com Tato Villanueva (ARG),uma,thisM,depois,ter,1,18h30,undefined,2023-10-03 00:00:00,2023-10-03 00:00:00,2023-10-05 00:00:00,,,0,noite
59000000709461,60,2,cursos e oficinas,5,Cinema,59,Cinesesc,capital,0,0,outros,,Curso Narrativas Documentais,Com Cristiano Burlan,primeira,thisM,depois,ter,1,19h,undefined,2023-10-03 00:00:00,2023-10-03 00:00:00,2023-10-12 00:00:00,,,0,noite
63000013563593,60,2,cursos e oficinas,5,Cinema,63,Pompeia,capital,0,0,outros,,Cinemas Africanos: o cinema visto pelas tradições orais,com Morgana Gama,primeira,thisM,depois,ter,1,18h30,undefined,2023-10-03 00:00:00,2023-10-03 00:00:00,2023-10-24 00:00:00,,,0,noite
76000004510415,12,2,cursos e oficinas,5,Cinema,76,Ribeirão Preto,interior,0,0,outros,,Nanometragem - Uma nova perspectiva,Com Ian Iordanu e Julio Avanci,uma,thisM,depois,ter,1,18h30,undefined,2023-10-03 00:00:00,2023-10-03 00:00:00,2023-10-06 00:00:00,,,0,noite
58000006872492,15,2,cursos e oficinas,6,Artes Visuais,58,Pinheiros,capital,0,0,crianças,,EncontrA: Ateliê Aberto de Tecnologias e Artes,"com Marcela Pupatto e Priscila Quedas, educadoras de Tecnologias e Artes",de-ate,sempre,depois,sempre,7,14h,undefined,2023-10-03 00:00:00,2023-10-03 00:00:00,2023-11-28 00:00:00,,,0,tarde
61000000866457,15,2,cursos e oficinas,6,Artes Visuais,61,Florêncio,capital,0,0,outros,Conexão SP-Amazônia,Tramas e têxteis,Com Mauricio Duarte,uma,thisM,depois,ter,1,17h30,undefined,2023-10-03 00:00:00,2023-10-03 00:00:00,2023-10-03 00:00:00,,,0,tarde
62000008039299,85,2,cursos e oficinas,6,Artes Visuais,62,Consolação,capital,0,0,outros,,Bicho é Bom,Com Atellier Mundo Pano,uma,thisM,depois,ter,1,10h,undefined,2023-10-03 00:00:00,2023-10-03 00:00:00,2023-10-06 00:00:00,,,0,manhã
68000008770889,15,2,cursos e oficinas,6,Artes Visuais,68,Belenzinho,capital,0,0,outros,Design.Lab,Faça Você Mesmo Seu Aplicativo,com Amanda Ferreira,primeira,thisM,depois,ter,1,14h,undefined,2023-10-03 00:00:00,2023-10-03 00:00:00,2023-10-06 00:00:00,,,0,tarde
71000004437839,20,2,cursos e oficinas,6,Artes Visuais,71,Bertioga,interior,0,0,outros,,treinamento para as oficinas de criatividade: arte educação,Com Nadia Bosquê,uma,thisM,depois,ter,1,14h30,undefined,2023-10-03 00:00:00,2023-10-03 00:00:00,2023-10-07 00:00:00,,,0,tarde
78000006680390,10,2,cursos e oficinas,6,Artes Visuais,78,Santos,interior,0,0,outros,,Design para não Designers: Identidade Visual,"Com André Luiz, educador do espaço de tecnologias e artes",primeira,thisM,depois,ter,1,15h30,undefined,2023-10-03 00:00:00,2023-10-03 00:00:00,2023-10-24 00:00:00,,,0,tarde
78000006505024,25,2,cursos e oficinas,6,Artes Visuais,78,Santos,interior,0,0,outros,,Produção de curta-metragem de terror e efeitos visuais,"Com Mestre e Doutor em Comunicação Audiovisual, Delson Gomes",primeira,thisM,depois,ter,1,19h,undefined,2023-10-03 00:00:00,2023-10-03 00:00:00,2023-10-31 00:00:00,,,0,noite
80000005145889,20,2,cursos e oficinas,6,Artes Visuais,80,Bauru,interior,0,0,outros,,Introdução à sapataria artesanal,"Com Fernanda San Juan e Gabriela San Juan, artesãs da Atairu Sapatos Artesanais. SEQUENCIAL",primeira,thisM,depois,ter,1,18h30,undefined,2023-10-03 00:00:00,2023-10-03 00:00:00,2023-10-06 00:00:00,,,0,noite
80000005044855,12,2,cursos e oficinas,6,Artes Visuais,80,Bauru,interior,1,0,outros,,Costurando estojos de feltro,"Com Diego Pessoa, educador de Tecnologias e Artes do Sesc Bauru.",primeira,thisM,depois,ter,1,19h,undefined,2023-10-03 00:00:00,2023-09-26 00:00:00,2023-10-10 00:00:00,,,0,noite
55000004687133,40,2,cursos e oficinas,7,Literatura,55,Interlagos,capital,0,0,outros,NerdCon,Oficina de Escrita de RPG - Narrativas Afrofuturistas,Com Kelly Cristina,uma,thisM,depois,ter,1,19h,undefined,2023-10-03 00:00:00,2023-10-03 00:00:00,2023-10-06 00:00:00,,,0,noite
73000005095026,16,2,cursos e oficinas,8,Educação,73,Guarulhos,capital,0,0,outros,,Cabelos e Ancestralidades: Penteados Afrofuturistas e Economia Criativa,Com Diva Green,primeira,thisM,depois,ter,1,18h30,undefined,2023-10-03 00:00:00,2023-10-03 00:00:00,2023-10-31 00:00:00,,,0,noite
75000007915287,30,2,cursos e oficinas,8,Educação,75,Campinas,interior,1,0,outros,,Oficinas Criativas - Auto maquiagem  e auto estima,Com Ju Kaya,primeira,thisM,depois,ter,1,10h,undefined,2023-10-03 00:00:00,2023-10-03 00:00:00,2023-10-03 00:00:00,,,0,manhã
76000004496220,10,2,cursos e oficinas,8,Educação,76,Ribeirão Preto,interior,1,0,outros,,Introdução à montagem de arranjos secos: vasinho de vidro,"Com Natalia Nadaleto, do ateliê A casa da Tita",uma,thisM,depois,ter,1,14h30,undefined,2023-10-03 00:00:00,2023-10-03 00:00:00,2023-10-04 00:00:00,,,0,tarde
78000006334550,15,2,cursos e oficinas,8,Educação,78,Santos,interior,0,0,crianças,,LIA - Laboratório de Iniciação Artística - TEATRO,Terças-feiras de OUTUBRO,primeira,thisM,depois,ter,1,15h,undefined,2023-10-03 00:00:00,2023-10-03 00:00:00,2023-10-31 00:00:00,,,0,tarde
79000003146769,75,2,cursos e oficinas,8,Educação,79,Catanduva,interior,0,0,crianças,,Curumim Turma 2,"Terça, Quarta, Quinta e Sexta 13h30 às 17h00 - De 7 a 12 anos",primeira,thisM,depois,ter,1,13h30,undefined,2023-10-03 00:00:00,2023-09-21 00:00:00,2023-12-01 00:00:00,,,0,tarde
87000003010613,15,2,cursos e oficinas,8,Educação,87,Prudente,interior,0,0,idosos,Trabalho Social com Idosos,Música no Celular,Com educador do Espaço de Tecnologias e Artes do Sesc,uma,thisM,depois,ter,1,14h30,undefined,2023-10-03 00:00:00,2023-10-03 00:00:00,2023-10-03 00:00:00,,,0,tarde
89000001402096,60,2,cursos e oficinas,8,Educação,89,CPF,capital,0,0,outros,Gestão Cultural,Curso Sesc de Gestão Cultural 2023,Com Cleber Eduardo e Viviane Ferreira,primeira,thisM,depois,ter,1,19h,undefined,2023-10-03 00:00:00,2023-10-03 00:00:00,2023-10-03 00:00:00,,,0,noite
93000005825050,15,2,cursos e oficinas,8,Educação,93,Jundiaí,interior,0,0,outros,,Costura Criativa POCHETE com reaproveitamento de tecido,com Clarissa de Oliveira Pereira e Bruna Danielli dos Santos,uma,thisM,depois,ter,1,18h30,undefined,2023-10-03 00:00:00,2023-09-26 00:00:00,2023-10-03 00:00:00,,,0,noite
71000004372142,20,2,cursos e oficinas,9,Meio Ambiente,71,Bertioga,interior,0,0,outros,,Aulas práticas do Curso de jardinagem Senac,,uma,thisM,depois,ter,1,08h,undefined,2023-10-03 00:00:00,2023-09-29 00:00:00,2023-10-26 00:00:00,,,0,manhã
83000004127386,100,2,cursos e oficinas,9,Meio Ambiente,83,Piracicaba,interior,0,0,outros,,Terra e Chão,,uma,thisM,depois,ter,1,13h30,undefined,2023-10-03 00:00:00,2023-10-01 00:00:00,2023-10-31 00:00:00,,,0,tarde
81000004436868,30,3,debates e paletras,14,Outros,81,Taubaté,interior,0,0,jovens,Juventudes,Juventudes 2023 - 13 a 17 anos,com Educadores do Programa Juventudes,uma,thisM,depois,ter,1,18h,undefined,2023-10-03 00:00:00,2023-10-03 00:00:00,2023-12-05 00:00:00,,,0,noite
83000004053472,150,3,debates e paletras,5,Cinema,83,Piracicaba,interior,1,0,outros,,Sangue e Terra,Dir: Ariel Arango Prada,uma,thisM,depois,ter,1,20h,undefined,2023-10-03 00:00:00,2023-10-03 00:00:00,2023-10-03 00:00:00,,,0,noite
96000318958615,275,3,debates e paletras,5,Cinema,96,Sorocaba,interior,1,0,outros,,Cinema em Reflexão,"Com Laura Guedes, atriz e gastrônoma.",uma,thisM,depois,ter,1,21h,undefined,2023-10-03 00:00:00,2023-10-03 00:00:00,2023-10-31 00:00:00,,,0,noite
55000004657144,50,3,debates e paletras,8,Educação,55,Interlagos,capital,0,0,outros,,Refúgios Humanos e Migração,Formação Para Profissionais da Educação em Parceria com Secretaria Municipal de Ensino - DRE Capela do Socorro,uma,thisM,depois,ter,1,19h,undefined,2023-10-03 00:00:00,2023-09-26 00:00:00,2023-10-07 00:00:00,,,0,noite
66000016542423,300,3,debates e paletras,8,Educação,66,Vila Mariana,capital,0,0,outros,,171º Fórum do Comitê de Cultura de Paz e Não Violência,Live no youtube da Palas Athena,uma,thisM,depois,ter,1,19h,undefined,2023-10-03 00:00:00,2023-10-03 00:00:00,2023-10-03 00:00:00,1,Tradução em Libras,0,noite
76000004354540,200,3,debates e paletras,8,Educação,76,Ribeirão Preto,interior,1,0,outros,,Artesania dos Afetos,"com Geni Nunez, do @Genipapos, mediação Janaína de Ná",uma,thisM,depois,ter,1,19h30,undefined,2023-10-03 00:00:00,2023-10-03 00:00:00,2023-10-03 00:00:00,,,0,noite
61000000908340,100,4,exposições,6,Artes Visuais,61,Florêncio,capital,1,0,outros,,Mais do Meme,Mini exposição de memes- SIPAT,de-ate,sempre,depois,sempre,7,09h,undefined,2023-10-03 00:00:00,2023-10-03 00:00:00,2023-10-03 00:00:00,,,0,manhã
76000004536912,200,4,exposições,6,Artes Visuais,76,Ribeirão Preto,interior,0,0,outros,O que os olhos alcançam - Cristiano Mascaro,Visita Mediada - O que os olhos alcançam,,de-ate,sempre,depois,sempre,7,08h,undefined,2023-10-03 00:00:00,2023-10-03 00:00:00,2023-12-22 00:00:00,1,Audiodescrição  Recursos Táteis  Braille  Tradução em Libras  Audioguia  Texto Ampliado,0,manhã
56000005089084,200,4,exposições,7,Literatura,56,Itaquera,capital,1,0,outros,,Ilustríssima Ilustradora - Elisa Carareto -  E.E. Prof. Tito Lívio Ferreira,"R. Bardana, 35 - Jardim Ruth - São Paulo/SP",de-ate,sempre,depois,sempre,7,10h,undefined,2023-10-03 00:00:00,2023-10-03 00:00:00,2023-11-28 00:00:00,,,0,manhã
53000006186285,330,5,filmes,5,Cinema,53,Santana,capital,1,0,outros,,Supa Modo,"(Dir. Likarion Wainaina, 2018, Alemanha/Quênia, ficção, 74min)",uma,thisM,depois,ter,1,20h,undefined,2023-10-03 00:00:00,2023-10-03 00:00:00,2023-10-03 00:00:00,,,0,noite
75000008025768,155,5,filmes,5,Cinema,75,Campinas,interior,0,0,outros,,[Materializar Mundos - a direção de arte no cinema brasileiro] Carvão,"Direção: Carolina Markowicz Direção de arte: Marines Mencio Brasil, 2022 1h47min",uma,thisM,depois,ter,1,19h,undefined,2023-10-03 00:00:00,2023-10-03 00:00:00,2023-10-03 00:00:00,,,0,noite
85000003265490,217,5,filmes,5,Cinema,85,Birigui,interior,0,0,outros,,Como Nossos Pais,"2017/ 1h 42min / Drama/ Direção: Laís Bodanzky/ Roteiro Laís Bodanzky, Luiz Bolognesi/ Elenco: Maria Ribeiro, Clarisse Abujamra, Paulo Vilhena",uma,thisM,depois,ter,1,19h,undefined,2023-10-03 00:00:00,2023-10-03 00:00:00,2023-10-03 00:00:00,,,0,noite
86000004130054,234,5,filmes,5,Cinema,86,Araraquara,interior,1,0,outros,,Meu vizinho Adolf,"Dir. Leon Prudovsky  Comédia Dramática  Israel, Polônia, Colômbia  2022  14 anos  96 min.",uma,thisM,depois,ter,1,20h,undefined,2023-10-03 00:00:00,2023-10-03 00:00:00,2023-10-03 00:00:00,,,0,noite
92000001537238,170,5,filmes,5,Cinema,92,Registro,interior,1,0,outros,,Documentário - Nas Beiras do Ribeira,,uma,thisM,depois,ter,1,20h,undefined,2023-10-03 00:00:00,2023-09-21 00:00:00,2023-12-12 00:00:00,,,0,noite
93000005894189,220,5,filmes,5,Cinema,93,Jundiaí,interior,0,0,outros,,Turma da Mônica - Laços,"96 min, 2019, Dir.: Daniel Rezende",uma,thisM,depois,ter,1,20h,undefined,2023-10-03 00:00:00,2023-10-03 00:00:00,2023-10-03 00:00:00,,,0,noite
96000319487911,270,5,filmes,5,Cinema,96,Sorocaba,interior,1,0,outros,,Chão,Dir.: Camila Freitas  Brasil  2021  112 min  Documentário,uma,thisM,depois,ter,1,19h,undefined,2023-10-03 00:00:00,2023-10-03 00:00:00,2023-10-03 00:00:00,,,0,noite
58000006685786,20,6,atividade física,11,Atividade Física,58,Pinheiros,capital,0,0,outros,,Aula aberta de Práticas Corporais,Com educadores Sesc,de-ate,sempre,depois,sempre,7,17h30,undefined,2023-10-03 00:00:00,2023-09-21 00:00:00,2023-10-31 00:00:00,,,0,tarde
65000003259569,40,6,atividade física,11,Atividade Física,65,Av. Paulista,capital,0,0,outros,,Danças brasileiras,com Carolina Moya,uma,thisM,depois,ter,1,12h,undefined,2023-10-03 00:00:00,2023-10-03 00:00:00,2023-10-28 00:00:00,,,0,tarde
65000003259596,40,6,atividade física,11,Atividade Física,65,Av. Paulista,capital,0,0,outros,,Danças brasileiras,com educadores(as) de atividades físicas do Sesc Avenida Paulista,de-ate,sempre,depois,sempre,7,19h,undefined,2023-10-03 00:00:00,2023-10-03 00:00:00,2023-10-31 00:00:00,,,0,noite
65000003486653,40,6,atividade física,11,Atividade Física,65,Av. Paulista,capital,0,0,outros,,Movimento Consciente,com educadores(as) de atividades físicas do Sesc Avenida Paulista,de-ate,sempre,depois,sempre,7,17h,undefined,2023-10-03 00:00:00,2023-09-21 00:00:00,2023-12-14 00:00:00,,,0,tarde
70000005578750,40,6,atividade física,11,Atividade Física,70,Santo Amaro,capital,0,0,outros,,Amistoso Basquete - Sesc Santo Amaro x Sesc Pinheiros,com as turma de PSE de Iniciação ao Basquete,de-ate,sempre,depois,sempre,7,20h,undefined,2023-10-03 00:00:00,2023-10-03 00:00:00,2023-10-03 00:00:00,,,0,noite
71000004460599,80,6,atividade física,11,Atividade Física,71,Bertioga,interior,0,0,outros,,Comunicação Não Violenta na Prática - Esporte criança,,uma,thisM,depois,ter,1,15h,undefined,2023-10-03 00:00:00,2023-10-03 00:00:00,2023-10-24 00:00:00,,,0,tarde
84000005468444,30,6,atividade física,11,Atividade Física,84,Rio Preto,interior,1,0,idosos,,Dançando no Salão,"Com Guto Rodrigues, professor de dança.",de-ate,sempre,depois,sempre,7,14h,undefined,2023-10-03 00:00:00,2023-10-03 00:00:00,2023-10-31 00:00:00,,,0,tarde
85000003307961,150,6,atividade física,11,Atividade Física,85,Birigui,interior,0,0,outros,,Ritmos,"Com André Vieira e Daiane Fernandez, educadores do Sesc",de-ate,sempre,depois,sempre,7,19h,undefined,2023-10-03 00:00:00,2023-10-03 00:00:00,2023-11-30 00:00:00,,,0,noite
93000005946953,20,6,atividade física,11,Atividade Física,93,Jundiaí,interior,0,0,outros,,Yoga Flow,com Deborah Casa Grande,de-ate,sempre,depois,sempre,7,07h30,undefined,2023-10-03 00:00:00,2023-10-03 00:00:00,2023-10-11 00:00:00,,,0,manhã
58000006759343,40,8,turismo,12,Turismo,58,Pinheiros,capital,0,0,outros,,Entre a Serra e o Mar,Bertioga (SP),primeira,thisM,depois,ter,1,10h,undefined,2023-10-03 00:00:00,2023-10-03 00:00:00,2023-10-06 00:00:00,,,0,manhã
96000320844890,40,8,turismo,12,Turismo,96,Sorocaba,interior,0,0,outros,,Turismo Social - Excursão Bertioga - Entre a serra e o Mar - 03 a 06/10/23,,primeira,thisM,depois,ter,1,07h,undefined,2023-10-03 00:00:00,2023-10-03 00:00:00,2023-10-06 00:00:00,,,0,manhã
65000003564509,20,9,'+ lazer,14,Outros,65,Av. Paulista,capital,1,0,crianças,Tocando o Terror,Se monstre!,Com equipe de educadores do infantojuvenil do Sesc Avenida Paulista,de-ate,sempre,depois,sempre,7,14h,undefined,2023-10-03 00:00:00,2023-10-03 00:00:00,2023-10-10 00:00:00,,,0,tarde
58000006585294,100,1,shows e espetáculos,1,Música,58,Pinheiros,capital,0,0,outros,,Waly Salomão: Dito e Lido,Um espetáculo de poemas e canções em homenagem aos 80 anos do poeta,uma,thisM,depois,qua,2,20h,undefined,2023-10-04 00:00:00,2023-10-04 00:00:00,2023-10-04 00:00:00,,,0,noite
63000013582902,400,1,shows e espetáculos,1,Música,63,Pompeia,capital,1,0,idosos,Segue o Baile,Segue o Baile, A Baila Brasileira,uma,thisM,depois,qua,2,17h,undefined,2023-10-04 00:00:00,2023-10-04 00:00:00,2023-10-04 00:00:00,,,0,tarde
72000000630099,60,1,shows e espetáculos,11,Atividade Física,72,Mogi Das Cruzes,capital,1,0,outros,,Futebol de amputados,Com Rogerinho e time,uma,thisM,depois,qua,2,19h,undefined,2023-10-04 00:00:00,2023-10-04 00:00:00,2023-10-04 00:00:00,1,Tradução em Libras,0,noite
62000007895240,280,1,shows e espetáculos,2,Teatro,62,Consolação,capital,0,0,outros,,A hora do lobo - um debate com o filme Dogville de Lars von Trier,de Christiane Jatahy,uma,thisM,depois,qua,2,20h,undefined,2023-10-04 00:00:00,2023-09-22 00:00:00,2023-10-15 00:00:00,,,0,noite
63000013035250,40,1,shows e espetáculos,2,Teatro,63,Pompeia,capital,0,0,outros,,Nica,Com Elisa Band e Gilda Nomacce,uma,thisM,depois,qua,2,20h30,undefined,2023-10-04 00:00:00,2023-09-21 00:00:00,2023-10-06 00:00:00,1,Audiodescrição  Tradução em Libras,0,noite
73000005161492,50,1,shows e espetáculos,2,Teatro,73,Guarulhos,capital,1,0,outros,Residência Resistência,Abertura de Processo,Com Cia PimentArdida,uma,thisM,depois,qua,2,20h,undefined,2023-10-04 00:00:00,2023-10-03 00:00:00,2023-10-04 00:00:00,,,0,noite
61000000867634,100,1,shows e espetáculos,3,Circo,61,Florêncio,capital,1,0,outros,Cabaré Florêncio,Baitaclã,Com Heraldo Firmino e diversos coletivos circenses.,uma,thisM,depois,qua,2,13h30,undefined,2023-10-04 00:00:00,2023-10-04 00:00:00,2023-10-04 00:00:00,,,0,tarde
58000006764712,100,1,shows e espetáculos,4,Dança,58,Pinheiros,capital,0,0,outros,Coisas da Dança,O Diário de duas bicicletas,Com Ana Catarina Vieira e Ângelo Madureira,uma,thisM,depois,qua,2,19h30,undefined,2023-10-04 00:00:00,2023-09-26 00:00:00,2023-10-04 00:00:00,,,0,noite
81000004101824,150,1,shows e espetáculos,4,Dança,81,Taubaté,interior,1,0,crianças,,Festa das Flores,,uma,thisM,depois,qua,2,17h,undefined,2023-10-04 00:00:00,2023-10-04 00:00:00,2023-10-04 00:00:00,,,0,tarde
83000004041433,50,1,shows e espetáculos,6,Artes Visuais,83,Piracicaba,interior,1,0,outros,CRIA_experiências de invenção,Banho de Canto - Experiências de Invenção,,uma,thisM,depois,qua,2,17h15,undefined,2023-10-04 00:00:00,2023-09-27 00:00:00,2023-10-25 00:00:00,,,0,tarde
58000006826779,35,1,shows e espetáculos,7,Literatura,58,Pinheiros,capital,0,0,outros,,Sarauzim: Pedagogia dos Saraus,Com Rodrigo Ciríaco,uma,thisM,depois,qua,2,10h,undefined,2023-10-04 00:00:00,2023-10-04 00:00:00,2023-10-25 00:00:00,,,0,manhã
63000013380078,300,1,shows e espetáculos,7,Literatura,63,Pompeia,capital,1,0,outros,,Lançamento Livro Balanço Afiado - Estética e Política em Jorge Ben,"Com Allan da Rosa, Deivison Faustino e quarteto Balanço Afiado",uma,thisM,depois,qua,2,20h,undefined,2023-10-04 00:00:00,2023-10-04 00:00:00,2023-10-04 00:00:00,,,0,noite
75000008050815,100,1,shows e espetáculos,7,Literatura,75,Campinas,interior,0,0,outros,,Novo [Na estante],com Rita Carelli,uma,thisM,depois,qua,2,09h,undefined,2023-10-04 00:00:00,2023-09-21 00:00:00,2023-10-31 00:00:00,,,0,manhã
75000007953323,15,1,shows e espetáculos,7,Literatura,75,Campinas,interior,1,0,outros,,[NA ESTANTE] Rita Carelli,com Rita Carelli,uma,thisM,depois,qua,2,09h,undefined,2023-10-04 00:00:00,2023-09-21 00:00:00,2023-10-31 00:00:00,,,0,manhã
91000002215686,50,1,shows e espetáculos,7,Literatura,91,Campo Limpo,capital,0,0,outros,,Histórias Mágicas,Companhia Circo de Trapo,uma,thisM,depois,qua,2,14h,undefined,2023-10-04 00:00:00,2023-10-04 00:00:00,2023-10-26 00:00:00,,,0,tarde
83000003575018,20,2,cursos e oficinas,1,Música,83,Piracicaba,interior,0,0,outros,,Laboratório Musical - Juventudes,,de-ate,sempre,depois,sempre,7,18h,undefined,2023-10-04 00:00:00,2023-10-04 00:00:00,2023-10-25 00:00:00,,,0,noite
78000006733970,35,2,cursos e oficinas,11,Atividade Física,78,Santos,interior,0,0,jovens,Programa Sesc de Esportes,Customização de Camisetas Esportivas,Esporte Jovem 10 a 13 anos,de-ate,sempre,depois,sempre,7,14h,undefined,2023-10-04 00:00:00,2023-10-04 00:00:00,2023-10-06 00:00:00,,,0,tarde
70000005689328,50,2,cursos e oficinas,2,Teatro,70,Santo Amaro,capital,0,0,jovens,Juventudes,Juventudes e Oficina de Dramaturgia,Oficina de teatro,uma,thisM,depois,qua,2,15h,undefined,2023-10-04 00:00:00,2023-10-04 00:00:00,2023-11-22 00:00:00,,,0,tarde
85000003298730,20,2,cursos e oficinas,2,Teatro,85,Birigui,interior,1,0,outros,Festara - Festival de Teatro de Araçatuba,Fotografando a cena,"Com João T.K, fotógrafo",primeira,thisM,depois,qua,2,19h,undefined,2023-10-04 00:00:00,2023-10-04 00:00:00,2023-10-15 00:00:00,,,0,noite
65000003537176,12,2,cursos e oficinas,3,Circo,65,Av. Paulista,capital,0,0,outros,Palhaçaria total: celebrando o riso,Palhaçaria em cena,Com Ana Luiza Bellacosta,primeira,thisM,depois,qua,2,14h,undefined,2023-10-04 00:00:00,2023-09-27 00:00:00,2023-10-04 00:00:00,,,0,tarde
66000017526638,25,2,cursos e oficinas,3,Circo,66,Vila Mariana,capital,0,0,outros,,Curso de palhaçaria,com Tato Villanueva (ARG),uma,thisM,depois,qua,2,18h30,undefined,2023-10-04 00:00:00,2023-10-03 00:00:00,2023-10-05 00:00:00,,,0,noite
58000006765232,20,2,cursos e oficinas,4,Dança,58,Pinheiros,capital,0,0,outros,Coisas da Dança,"Dança - experimentações, significados e sentidos - Processos, teoria e práticas",Com Ana Catarina Vieira e Angelo Madureira,uma,thisM,depois,qua,2,15h,undefined,2023-10-04 00:00:00,2023-10-04 00:00:00,2023-10-06 00:00:00,,,0,tarde
72000000632430,65,2,cursos e oficinas,4,Dança,72,Mogi Das Cruzes,capital,0,0,idosos,,Dança de salão para pessoas idosas,Com Fabio Vicente,primeira,thisM,depois,qua,2,16h,undefined,2023-10-04 00:00:00,2023-10-04 00:00:00,2023-11-29 00:00:00,,,0,tarde
91000002220162,30,2,cursos e oficinas,4,Dança,91,Campo Limpo,capital,1,0,outros,,Oficina de Funk,Com Renata Prado,de-ate,sempre,depois,sempre,7,18h30,undefined,2023-10-04 00:00:00,2023-10-04 00:00:00,2023-12-20 00:00:00,,,0,noite
95000002825461,50,2,cursos e oficinas,4,Dança,95,Osasco,capital,0,0,outros,,Vem Dançar: Bachata,Com Vinícius Borges,de-ate,sempre,depois,sempre,7,18h30,undefined,2023-10-04 00:00:00,2023-10-04 00:00:00,2023-10-25 00:00:00,,,0,noite
70000005640426,20,2,cursos e oficinas,5,Cinema,70,Santo Amaro,capital,0,0,outros,,Trucagem de Efeitos Especiais,com RZP Filmes,primeira,thisM,depois,qua,2,19h,undefined,2023-10-04 00:00:00,2023-10-04 00:00:00,2023-10-25 00:00:00,,,0,noite
71000004424402,15,2,cursos e oficinas,5,Cinema,71,Bertioga,interior,1,0,outros,,Criando um VideoCast,com Luciano Bezerra - Educador de Tecnologias e Artes,uma,thisM,depois,qua,2,16h,undefined,2023-10-04 00:00:00,2023-10-04 00:00:00,2023-10-25 00:00:00,,,0,tarde
76000004510415,12,2,cursos e oficinas,5,Cinema,76,Ribeirão Preto,interior,0,0,outros,,Nanometragem - Uma nova perspectiva,Com Ian Iordanu e Julio Avanci,uma,thisM,depois,qua,2,18h30,undefined,2023-10-04 00:00:00,2023-10-03 00:00:00,2023-10-06 00:00:00,,,0,noite
92000001553773,55,2,cursos e oficinas,5,Cinema,92,Registro,interior,0,0,outros,Relacionamento com empresas - Sesc,Programa de Relacionamento com Empresas - Visual Merchandising,Com Renata Aguilar,de-ate,sempre,depois,sempre,7,19h30,undefined,2023-10-04 00:00:00,2023-10-04 00:00:00,2023-10-05 00:00:00,,,0,noite
52000005630872,15,2,cursos e oficinas,6,Artes Visuais,52,24 De Maio,capital,1,0,idosos,,Plantão de dúvidas sobre o celular,com Bruno Fiorelli,uma,thisM,depois,qua,2,16h,undefined,2023-10-04 00:00:00,2023-09-27 00:00:00,2023-10-04 00:00:00,,,0,tarde
58000006871943,10,2,cursos e oficinas,6,Artes Visuais,58,Pinheiros,capital,0,0,outros,,Aplicativos do dia a dia - Letramento Digital,"com Priscila Quedas, educadora de Tecnologias e Artes",primeira,thisM,depois,qua,2,14h,undefined,2023-10-04 00:00:00,2023-10-04 00:00:00,2023-12-13 00:00:00,,,0,tarde
58000006875481,15,2,cursos e oficinas,6,Artes Visuais,58,Pinheiros,capital,0,0,outros,Retratistas da Morro,GRAVURA: território e ancestralidade,com Rafa Black,primeira,thisM,depois,qua,2,19h,undefined,2023-10-04 00:00:00,2023-10-04 00:00:00,2023-10-25 00:00:00,,,0,noite
62000008039299,85,2,cursos e oficinas,6,Artes Visuais,62,Consolação,capital,0,0,outros,,Bicho é Bom,Com Atellier Mundo Pano,uma,thisM,depois,qua,2,10h,undefined,2023-10-04 00:00:00,2023-10-03 00:00:00,2023-10-06 00:00:00,,,0,manhã
67000002722407,15,2,cursos e oficinas,6,Artes Visuais,67,São Caetano,capital,0,0,outros,AteliETA,AteliETA: Descomplicando o patchwork em bolsas e sacolas,com Simone Guanabara,uma,thisM,depois,qua,2,15h,undefined,2023-10-04 00:00:00,2023-09-27 00:00:00,2023-10-04 00:00:00,,,0,tarde
71000004437839,20,2,cursos e oficinas,6,Artes Visuais,71,Bertioga,interior,0,0,outros,,treinamento para as oficinas de criatividade: arte educação,Com Nadia Bosquê,uma,thisM,depois,qua,2,14h30,undefined,2023-10-04 00:00:00,2023-10-03 00:00:00,2023-10-07 00:00:00,,,0,tarde
78000006680396,10,2,cursos e oficinas,6,Artes Visuais,78,Santos,interior,0,0,outros,,Arduino para todas as pessoas,"Com Antonio Celso, educador do Espaço de Tecnologias e Artes",primeira,thisM,depois,qua,2,19h,undefined,2023-10-04 00:00:00,2023-10-04 00:00:00,2023-10-25 00:00:00,,,0,noite
85000003199389,15,2,cursos e oficinas,6,Artes Visuais,85,Birigui,interior,0,0,outros,,Canetas 3D,Com Deva Bhakta,uma,thisM,depois,qua,2,19h,undefined,2023-10-04 00:00:00,2023-10-04 00:00:00,2023-10-04 00:00:00,,,0,noite
88000005206771,10,2,cursos e oficinas,6,Artes Visuais,88,Santo André,capital,0,0,outros,Cursos e Oficinas 2023,Noções Básicas de Impressão 3D,com Fábio Justino,primeira,thisM,depois,qua,2,15h,undefined,2023-10-04 00:00:00,2023-10-04 00:00:00,2023-10-25 00:00:00,,,0,tarde
93000005830159,12,2,cursos e oficinas,6,Artes Visuais,93,Jundiaí,interior,0,0,outros,,Introdução à Robótica e Programação,"com Vinicius Catalano, da Oceano3D",primeira,thisM,depois,qua,2,19h,undefined,2023-10-04 00:00:00,2023-09-27 00:00:00,2023-11-01 00:00:00,,,0,noite
93000005849742,15,2,cursos e oficinas,6,Artes Visuais,93,Jundiaí,interior,1,0,outros,,Lanterna de papel,"Com Alline Lola, educadora em Tecnologias e Artes.",uma,thisM,depois,qua,2,14h30,undefined,2023-10-04 00:00:00,2023-09-27 00:00:00,2023-10-04 00:00:00,,,0,tarde
95000002814552,10,2,cursos e oficinas,6,Artes Visuais,95,Osasco,capital,1,0,crianças,,Livros Esquisitos - Oficina de Encadernação Criativa,com Vinicius Airumã,de-ate,sempre,depois,sempre,7,17h,undefined,2023-10-04 00:00:00,2023-10-04 00:00:00,2023-10-27 00:00:00,,,0,tarde
55000004687133,40,2,cursos e oficinas,7,Literatura,55,Interlagos,capital,0,0,outros,NerdCon,Oficina de Escrita de RPG - Narrativas Afrofuturistas,Com Kelly Cristina,uma,thisM,depois,qua,2,19h,undefined,2023-10-04 00:00:00,2023-10-03 00:00:00,2023-10-06 00:00:00,,,0,noite
70000005624641,40,2,cursos e oficinas,7,Literatura,70,Santo Amaro,capital,0,0,outros,,Oficina presencial de Leitura Inclusiva,Com equipe da Fundação Dorina Nowill,uma,thisM,depois,qua,2,14h,undefined,2023-10-04 00:00:00,2023-10-04 00:00:00,2023-10-04 00:00:00,,,0,tarde
71000004308062,20,2,cursos e oficinas,7,Literatura,71,Bertioga,interior,1,0,outros,,Cais das letras: Escrita Literária,Carol Rodrigues,primeira,thisM,depois,qua,2,19h,undefined,2023-10-04 00:00:00,2023-09-27 00:00:00,2023-11-08 00:00:00,,,0,noite
53000006207869,25,2,cursos e oficinas,8,Educação,53,Santana,capital,0,0,outros,Lab Valoriza,Labvaloriza: Artesão e Carreira,com Giulia L. Lupo,primeira,thisM,depois,qua,2,16h30,undefined,2023-10-04 00:00:00,2023-10-04 00:00:00,2023-11-08 00:00:00,,,0,tarde
73000004865893,20,2,cursos e oficinas,8,Educação,73,Guarulhos,capital,0,0,outros,,LABORA - Laboratório de Criação Artesanal,Com Samir Zavitoski e convidados,primeira,thisM,depois,qua,2,14h30,undefined,2023-10-04 00:00:00,2023-10-04 00:00:00,2023-11-29 00:00:00,,,0,tarde
76000004496220,10,2,cursos e oficinas,8,Educação,76,Ribeirão Preto,interior,1,0,outros,,Introdução à montagem de arranjos secos: vasinho de vidro,"Com Natalia Nadaleto, do ateliê A casa da Tita",uma,thisM,depois,qua,2,14h30,undefined,2023-10-04 00:00:00,2023-10-03 00:00:00,2023-10-04 00:00:00,,,0,tarde
82000004394731,20,2,cursos e oficinas,8,Educação,82,São Carlos,interior,1,0,outros,,Cachepô de crochê,"Com Cândida dos Santos, artesã associada à TASCA (Talentos Artísticos de São Carlos)",de-ate,sempre,depois,sempre,7,14h30,undefined,2023-10-04 00:00:00,2023-10-04 00:00:00,2023-10-18 00:00:00,,,0,tarde
83000003901053,60,2,cursos e oficinas,8,Educação,83,Piracicaba,interior,0,0,idosos,TSI Arte e Expressão,Tum Ti Pá (TSI),,de-ate,sempre,depois,sempre,7,14h,undefined,2023-10-04 00:00:00,2023-10-04 00:00:00,2023-11-01 00:00:00,,,0,tarde
83000003995448,15,2,cursos e oficinas,8,Educação,83,Piracicaba,interior,1,0,outros,,Territórios de Acompanhamento e Escuta,Com Ana León e Leonor Solano,uma,thisM,depois,qua,2,19h,undefined,2023-10-04 00:00:00,2023-10-04 00:00:00,2023-10-04 00:00:00,,,0,noite
83000004008007,30,2,cursos e oficinas,8,Educação,83,Piracicaba,interior,1,0,outros,Lab Valoriza,LAB VALORIZA - Estratégias de vendas digitais,"com Maurício Pinheiro, Educador de Tecnologia e Artes",de-ate,sempre,depois,sempre,7,18h30,undefined,2023-10-04 00:00:00,2023-10-04 00:00:00,2023-11-08 00:00:00,,,0,noite
84000005472007,20,2,cursos e oficinas,8,Educação,84,Rio Preto,interior,1,0,idosos,,Teatro,"Com Murilo Gussi, ator.",uma,thisM,depois,qua,2,14h,undefined,2023-10-04 00:00:00,2023-10-04 00:00:00,2023-10-25 00:00:00,,,0,tarde
89000001355967,40,2,cursos e oficinas,8,Educação,89,CPF,capital,0,0,outros,Cursos e Palestras,Brasis em disputa: Comunicação política e discursos políticos na atualidade,,primeira,thisM,depois,qua,2,15h,undefined,2023-10-04 00:00:00,2023-09-27 00:00:00,2023-10-11 00:00:00,,,0,tarde
89000001324831,30,2,cursos e oficinas,8,Educação,89,CPF,capital,0,0,outros,Cursos e Palestras,IA & Eu: Inteligência Artificial nos campos da Cultura e da Aprendizagem,Com Laura Trachtenberg Hauser e Andressa Michelotti,primeira,thisM,depois,qua,2,10h30,undefined,2023-10-04 00:00:00,2023-10-04 00:00:00,2023-10-06 00:00:00,,,0,manhã
89000001377249,50,2,cursos e oficinas,8,Educação,89,CPF,capital,0,0,outros,Gestão do Esporte,Curso Sesc de Gestão do Esporte 2023/2024,Relatos de experiência,primeira,thisM,depois,qua,2,19h,undefined,2023-10-04 00:00:00,2023-10-04 00:00:00,2023-10-04 00:00:00,,,0,noite
92000001536518,14,2,cursos e oficinas,8,Educação,92,Registro,interior,0,0,outros,,Formação em Cooperativismo e Autogestão à Cooperativa União de Registro,"Com Leandro Belini, Marly Monteiro e Marcia Andrade, da Cooperativa de Materiais Recicláveis de Cotia",primeira,thisM,depois,qua,2,13h,undefined,2023-10-04 00:00:00,2023-10-04 00:00:00,2023-12-06 00:00:00,,,0,tarde
93000005908160,20,2,cursos e oficinas,8,Educação,93,Jundiaí,interior,0,0,outros,,Português como Língua Estrangeira,,primeira,thisM,depois,qua,2,16h,undefined,2023-10-04 00:00:00,2023-10-04 00:00:00,2023-12-05 00:00:00,,,0,tarde
93000005908245,20,2,cursos e oficinas,8,Educação,93,Jundiaí,interior,0,0,outros,,Português como Língua Estrangeira,,primeira,thisM,depois,qua,2,19h,undefined,2023-10-04 00:00:00,2023-10-04 00:00:00,2023-12-05 00:00:00,,,0,noite
56000005146986,60,2,cursos e oficinas,9,Meio Ambiente,56,Itaquera,capital,0,0,crianças,,Parque de Bambú: Instalação Brincante,Grupo Equipe Parque de Bambu,uma,thisM,depois,qua,2,09h,undefined,2023-10-04 00:00:00,2023-10-01 00:00:00,2023-10-29 00:00:00,,,0,manhã
80000005153118,15,2,cursos e oficinas,9,Meio Ambiente,80,Bauru,interior,0,0,idosos,,Sabonetes naturais de ervas e óleos essenciais (Turma 1),"Com Suzana da Costa Longo, aromaterapeuta e pesquisadora.",uma,thisM,depois,qua,2,14h,undefined,2023-10-04 00:00:00,2023-10-04 00:00:00,2023-10-04 00:00:00,,,0,tarde
81000004405430,25,2,cursos e oficinas,9,Meio Ambiente,81,Taubaté,interior,1,0,crianças,,Casinhas de Barro,"Kallu Whitaker, educadora, permacultora e contadora de histórias",uma,thisM,depois,qua,2,10h30,undefined,2023-10-04 00:00:00,2023-10-04 00:00:00,2023-10-04 00:00:00,,,0,manhã
83000003538365,15,2,cursos e oficinas,9,Meio Ambiente,83,Piracicaba,interior,0,0,outros,,Clube da Horta (outubro),,de-ate,sempre,depois,sempre,7,16h,undefined,2023-10-04 00:00:00,2023-10-04 00:00:00,2023-10-25 00:00:00,,,0,tarde
83000004127386,100,2,cursos e oficinas,9,Meio Ambiente,83,Piracicaba,interior,0,0,outros,,Terra e Chão,,uma,thisM,depois,qua,2,13h30,undefined,2023-10-04 00:00:00,2023-10-01 00:00:00,2023-10-31 00:00:00,,,0,tarde
85000003251012,25,2,cursos e oficinas,9,Meio Ambiente,85,Birigui,interior,0,0,idosos,,Construção de Horta em pequenos espaços,Com o biólogo Marcelo Oliveira,de-ate,sempre,depois,sempre,7,14h,undefined,2023-10-04 00:00:00,2023-10-04 00:00:00,2023-10-05 00:00:00,,,0,tarde
96000319930667,20,2,cursos e oficinas,9,Meio Ambiente,96,Sorocaba,interior,1,0,outros,,Sementes: As fontes de vida,com agente de educação ambiental do Sesc Sorocaba,uma,thisM,depois,qua,2,19h,undefined,2023-10-04 00:00:00,2023-10-04 00:00:00,2023-10-04 00:00:00,,,0,noite
82000004975606,500,3,debates e paletras,11,Atividade Física,82,São Carlos,interior,0,0,outros,Copa Sesc do Comércio e Serviços,A violência nas entrelinhas do esporte,Abertura Copa Sesc do Comércio e Serviços,uma,thisM,depois,qua,2,19h,undefined,2023-10-04 00:00:00,2023-10-04 00:00:00,2023-10-04 00:00:00,,,0,noite
88000005118022,200,3,debates e paletras,11,Atividade Física,88,Santo André,capital,0,0,outros,Esporte em Diálogo,Esporte em Diálogo - Corpos Gordos no Esporte,"com Jéssica Balbino, Maria Suelen e Carlos Ciampone",uma,thisM,depois,qua,2,19h,undefined,2023-10-04 00:00:00,2023-10-04 00:00:00,2023-10-04 00:00:00,1,Tradução em Libras,0,noite
92000001533171,35,3,debates e paletras,14,Outros,92,Registro,interior,0,0,idosos,Trabalho Social com Idosos - TSI,Conexão 60+,Com técnico de referência do TSI,uma,thisM,depois,qua,2,15h30,undefined,2023-10-04 00:00:00,2023-09-27 00:00:00,2023-12-27 00:00:00,,,0,tarde
67000002848033,60,3,debates e paletras,6,Artes Visuais,67,São Caetano,capital,0,0,outros,,Lançamento Tearzine,,uma,thisM,depois,qua,2,19h,undefined,2023-10-04 00:00:00,2023-10-04 00:00:00,2023-10-04 00:00:00,,,0,noite
56000005187602,50,3,debates e paletras,8,Educação,56,Itaquera,capital,1,0,jovens,Juventudes,"Esporte, Gênero e Juventudes: reflexões para o exercício da Cidadania","Com Débora Cajé Yamamoto, Jennifer Oliveira e Raony Iaconis Braga",uma,thisM,depois,qua,2,14h,undefined,2023-10-04 00:00:00,2023-10-04 00:00:00,2023-10-04 00:00:00,,,0,tarde
68000009002801,30,3,debates e paletras,8,Educação,68,Belenzinho,capital,0,0,outros,,Brincadeiras afro-brasileiras na educação das infâncias,Roda de conversa [Ceert],uma,thisM,depois,qua,2,16h40,undefined,2023-10-04 00:00:00,2023-10-04 00:00:00,2023-10-04 00:00:00,,,0,tarde
68000009002677,60,3,debates e paletras,8,Educação,68,Belenzinho,capital,0,0,outros,,Educação Antirracista das infâncias,Roda de conversa [Ceert],uma,thisM,depois,qua,2,11h40,undefined,2023-10-04 00:00:00,2023-10-04 00:00:00,2023-10-04 00:00:00,,,0,manhã
72000000637053,30,3,debates e paletras,8,Educação,72,Mogi Das Cruzes,capital,1,0,idosos,,Ponto de Encontro,,uma,thisM,depois,qua,2,17h30,undefined,2023-10-04 00:00:00,2023-10-04 00:00:00,2023-10-04 00:00:00,1,Tradução em Libras,0,tarde
73000005104072,25,3,debates e paletras,8,Educação,73,Guarulhos,capital,1,0,outros,,Roda de Conversa para Familiares de Pessoas LGBTQIA+,Com Dyemison Pinheiro,uma,thisM,depois,qua,2,19h30,undefined,2023-10-04 00:00:00,2023-10-04 00:00:00,2023-10-04 00:00:00,,,0,noite
78000006105260,150,3,debates e paletras,8,Educação,78,Santos,interior,0,0,outros,Semana da Diversidade,Fake News e população LGBTQIAPN+,Semana da Diversidade,uma,thisM,depois,qua,2,20h,undefined,2023-10-04 00:00:00,2023-10-04 00:00:00,2023-10-04 00:00:00,,,0,noite
78000006861990,150,3,debates e paletras,8,Educação,78,Santos,interior,0,0,outros,Semana da Diversidade,Semana da Diversidade - Abertura,,uma,thisM,depois,qua,2,19h,undefined,2023-10-04 00:00:00,2023-10-04 00:00:00,2023-10-04 00:00:00,,,0,noite
87000002988943,50,3,debates e paletras,9,Meio Ambiente,87,Prudente,interior,0,0,outros,,Bate-papo sobre o documentário A Mãe de Todas as Lutas,Com a liderança indígena Lidiane Damaceno Krenak e a cientista social Mariana Souza.,uma,thisM,depois,qua,2,19h30,undefined,2023-10-04 00:00:00,2023-10-04 00:00:00,2023-10-04 00:00:00,,,0,noite
56000005089156,200,4,exposições,7,Literatura,56,Itaquera,capital,1,0,outros,,Ilustríssima Ilustradora - Elisa Carareto - A Avó Amarela - UBS Cidade Lider I,"Av. Dr. Francisco Munhoz Filho, 379 - Cidade Líder, São Paulo - SP",de-ate,sempre,depois,sempre,7,10h,undefined,2023-10-04 00:00:00,2023-10-04 00:00:00,2023-11-29 00:00:00,,,0,manhã
87000002988856,50,5,filmes,5,Cinema,87,Prudente,interior,1,0,outros,,A Mãe de Todas as Lutas,Direção: Susanna Lira,uma,thisM,depois,qua,2,19h30,undefined,2023-10-04 00:00:00,2023-10-04 00:00:00,2023-10-04 00:00:00,,,0,noite
70000005689002,100,6,atividade física,11,Atividade Física,70,Santo Amaro,capital,0,0,outros,Copa Sesc do Comércio e Serviços,Copa Sesc de Futsal,Categoria Masculino,de-ate,sempre,depois,sempre,7,20h,undefined,2023-10-04 00:00:00,2023-10-04 00:00:00,2023-11-08 00:00:00,,,0,noite
71000004460599,80,6,atividade física,11,Atividade Física,71,Bertioga,interior,0,0,outros,,Comunicação Não Violenta na Prática - Esporte criança,,uma,thisM,depois,qua,2,15h,undefined,2023-10-04 00:00:00,2023-10-03 00:00:00,2023-10-24 00:00:00,,,0,tarde
82000004986037,20,6,atividade física,11,Atividade Física,82,São Carlos,interior,1,0,idosos,,Nos embalos dos ritmos da tarde 60+,Com educadores do Sesc,de-ate,sempre,depois,sempre,7,14h,undefined,2023-10-04 00:00:00,2023-10-04 00:00:00,2023-10-04 00:00:00,,,0,tarde
85000003237772,10,6,atividade física,11,Atividade Física,85,Birigui,interior,0,0,outros,,Yoga Restaurativa,"Com Marcia Toquetão, instrutora de yoga",de-ate,sempre,depois,sempre,7,15h30,undefined,2023-10-04 00:00:00,2023-10-04 00:00:00,2023-10-27 00:00:00,,,0,tarde
78000006856905,40,8,turismo,12,Turismo,78,Santos,interior,0,0,outros,,ONDE NASCE O VELHO CHICO  São Roque de Minas (MG), De 03 a 08/10/2023.,primeira,thisM,depois,qua,2,07h,undefined,2023-10-04 00:00:00,2023-10-03 00:00:00,2023-10-08 00:00:00,,,0,manhã
71000004391837,20,9,'+ lazer,14,Outros,71,Bertioga,interior,0,0,crianças,Recreação Hóspedes II,Caça ao Tesouro para Pequenos,Ponto de encontro portaria da praia,de-ate,sempre,depois,sempre,7,10h,undefined,2023-10-04 00:00:00,2023-10-04 00:00:00,2023-12-27 00:00:00,,,0,manhã
75000008248398,40,9,'+ lazer,14,Outros,75,Campinas,interior,0,0,crianças,Curumim,[Curumim] Música e Movimento,Com Uirá Kuhlmann,de-ate,sempre,depois,sempre,7,14h,undefined,2023-10-04 00:00:00,2023-10-01 00:00:00,2023-10-28 00:00:00,,,0,tarde
63000013281172,1332,1,shows e espetáculos,1,Música,63,Pompeia,capital,0,0,outros,,Assucena Assucena,Lançamento do disco Lusco-Fusco,uma,thisM,depois,qui,3,21h,undefined,2023-10-05 00:00:00,2023-10-05 00:00:00,2023-10-06 00:00:00,,,0,noite
63000013624752,800,1,shows e espetáculos,1,Música,63,Pompeia,capital,0,0,outros,,Os Mutantes,,uma,thisM,depois,qui,3,21h30,undefined,2023-10-05 00:00:00,2023-10-05 00:00:00,2023-10-05 00:00:00,,,0,noite
65000003485640,250,1,shows e espetáculos,1,Música,65,Av. Paulista,capital,0,0,outros,,Leo Jaime,"Show ""Dance Comigo""",uma,thisM,depois,qui,3,20h,undefined,2023-10-05 00:00:00,2023-10-05 00:00:00,2023-10-07 00:00:00,,,0,noite
66000017439602,120,1,shows e espetáculos,1,Música,66,Vila Mariana,capital,0,0,outros,Palco Novidade,Augusta Barna,"Lançamento do álbum ""Sangria Desatada"".",uma,thisM,depois,qui,3,20h,undefined,2023-10-05 00:00:00,2023-10-05 00:00:00,2023-10-05 00:00:00,,,0,noite
72000000629080,140,1,shows e espetáculos,1,Música,72,Mogi Das Cruzes,capital,0,0,outros,,Tributo ao Clube da Esquina,com Rodrigo Borges e Ian Guedes,uma,thisM,depois,qui,3,20h,undefined,2023-10-05 00:00:00,2023-10-05 00:00:00,2023-10-05 00:00:00,,,0,noite
73000004812489,100,1,shows e espetáculos,1,Música,73,Guarulhos,capital,1,0,idosos,,Tim Maia 80 Anos: Baile Do Síndico por Frã Finamore,com Frã Finamore,uma,thisM,depois,qui,3,15h,undefined,2023-10-05 00:00:00,2023-10-05 00:00:00,2023-10-05 00:00:00,,,0,tarde
75000008017078,155,1,shows e espetáculos,1,Música,75,Campinas,interior,0,0,outros,,Edy Star,50 anos Sociedade da Grã Ordem Kavernista Apresenta Sessão das 10,uma,thisM,depois,qui,3,20h,undefined,2023-10-05 00:00:00,2023-10-05 00:00:00,2023-10-05 00:00:00,,,0,noite
76000004255677,200,1,shows e espetáculos,1,Música,76,Ribeirão Preto,interior,0,1,outros,,Casa de Pedra,Apresentação do álbum Percorrer em Nós.,uma,thisM,depois,qui,3,20h,undefined,2023-10-05 00:00:00,2023-10-05 00:00:00,2023-10-05 00:00:00,,,0,noite
79000003165669,200,1,shows e espetáculos,1,Música,79,Catanduva,interior,1,0,outros,Quintas do Sesc,Duca Belintani,Electric Delta,uma,thisM,depois,qui,3,20h,undefined,2023-10-05 00:00:00,2023-10-05 00:00:00,2023-10-05 00:00:00,,,0,noite
83000004024055,2000,1,shows e espetáculos,1,Música,83,Piracicaba,interior,1,0,outros,No Palco do Sesc,Luiz Ayrão,Show: Samba de Respeito,uma,thisM,depois,qui,3,15h30,undefined,2023-10-05 00:00:00,2023-10-05 00:00:00,2023-10-05 00:00:00,,,0,tarde
86000004139909,2600,1,shows e espetáculos,1,Música,86,Araraquara,interior,0,0,outros,,Elba Ramalho,,uma,thisM,depois,qui,3,21h,undefined,2023-10-05 00:00:00,2023-10-05 00:00:00,2023-10-05 00:00:00,,,0,noite
88000005206670,200,1,shows e espetáculos,1,Música,88,Santo André,capital,1,0,outros,,Homenagem a Esquina do Choro,Grupo Nó na Pedra,uma,thisM,depois,qui,3,20h,undefined,2023-10-05 00:00:00,2023-10-05 00:00:00,2023-10-05 00:00:00,,,0,noite
57000007274848,200,1,shows e espetáculos,2,Teatro,57,Ipiranga,capital,0,0,outros,,Selvagem,De Mike Bartlett,uma,thisM,depois,qui,3,15h,undefined,2023-10-05 00:00:00,2023-09-23 00:00:00,2023-10-22 00:00:00,1,Tradução em Libras,0,tarde
57000007274848,200,1,shows e espetáculos,2,Teatro,57,Ipiranga,capital,0,0,outros,,Selvagem,De Mike Bartlett,uma,thisM,depois,qui,3,20h,undefined,2023-10-05 00:00:00,2023-09-23 00:00:00,2023-10-22 00:00:00,1,Tradução em Libras,0,noite
58000006707553,98,1,shows e espetáculos,2,Teatro,58,Pinheiros,capital,0,0,outros,,"E VOCÊS, QUEM SÃO?",Samuel de Assis,uma,thisM,depois,qui,3,20h,undefined,2023-10-05 00:00:00,2023-09-21 00:00:00,2023-10-28 00:00:00,,,0,noite
62000007895240,280,1,shows e espetáculos,2,Teatro,62,Consolação,capital,0,0,outros,,A hora do lobo - um debate com o filme Dogville de Lars von Trier,de Christiane Jatahy,uma,thisM,depois,qui,3,20h,undefined,2023-10-05 00:00:00,2023-09-22 00:00:00,2023-10-15 00:00:00,,,0,noite
63000013035250,40,1,shows e espetáculos,2,Teatro,63,Pompeia,capital,0,0,outros,,Nica,Com Elisa Band e Gilda Nomacce,uma,thisM,depois,qui,3,20h30,undefined,2023-10-05 00:00:00,2023-09-21 00:00:00,2023-10-06 00:00:00,1,Audiodescrição  Tradução em Libras,0,noite
65000003505504,80,1,shows e espetáculos,2,Teatro,65,Av. Paulista,capital,0,0,outros,,Guará Vermelha,Com Cia do Tijolo,uma,thisM,depois,qui,3,19h30,undefined,2023-10-05 00:00:00,2023-09-29 00:00:00,2023-10-29 00:00:00,1,Audiodescrição  Tradução em Libras,0,noite
75000008050815,100,1,shows e espetáculos,7,Literatura,75,Campinas,interior,0,0,outros,,Novo [Na estante],com Rita Carelli,uma,thisM,depois,qui,3,09h,undefined,2023-10-05 00:00:00,2023-09-21 00:00:00,2023-10-31 00:00:00,,,0,manhã
75000007953323,15,1,shows e espetáculos,7,Literatura,75,Campinas,interior,1,0,outros,,[NA ESTANTE] Rita Carelli,com Rita Carelli,uma,thisM,depois,qui,3,09h,undefined,2023-10-05 00:00:00,2023-09-21 00:00:00,2023-10-31 00:00:00,,,0,manhã
91000002215943,50,1,shows e espetáculos,7,Literatura,91,Campo Limpo,capital,0,0,outros,,Refresco de Rimas,Com Circo de Trapo,uma,thisM,depois,qui,3,14h,undefined,2023-10-05 00:00:00,2023-10-03 00:00:00,2023-10-31 00:00:00,,,0,tarde
68000009002866,350,1,shows e espetáculos,8,Educação,68,Belenzinho,capital,0,0,outros,,Mart'nália,SOU ASSIM ATÉ MUDAR,uma,thisM,depois,qui,3,20h,undefined,2023-10-05 00:00:00,2023-10-05 00:00:00,2023-10-05 00:00:00,,,0,noite
63000012545748,200,10,serviços,14,Outros,63,Pompeia,capital,1,0,outros,,Piscina,,de-ate,thisM,depois,qui,3,10h,undefined,2023-10-05 00:00:00,2023-09-21 00:00:00,2023-12-29 00:00:00,,,0,
75000007915412,50,2,cursos e oficinas,1,Música,75,Campinas,interior,0,0,outros,,Canto Coral,Com Anabela Leandro.,primeira,thisM,depois,qui,3,10h,undefined,2023-10-05 00:00:00,2023-10-05 00:00:00,2023-12-07 00:00:00,,,0,manhã
61000000858335,40,2,cursos e oficinas,10,Saúde,61,Florêncio,capital,0,0,idosos,,Ba Duan Jin,"Dra Elizângela Almeida de Carvalho Pereira, fisioterapeuta e instrutora de Liang Gong",uma,thisM,depois,qui,3,14h,undefined,2023-10-05 00:00:00,2023-10-05 00:00:00,2023-10-26 00:00:00,,,0,tarde
62000007590511,30,2,cursos e oficinas,10,Saúde,62,Consolação,capital,1,0,outros,,Agro(ecologia) é prosa!,Com agricultores de assentamentos do MST da Grande São Paulo - Cooperativa Terra e Liberdade,de-ate,sempre,depois,sempre,7,12h,undefined,2023-10-05 00:00:00,2023-10-05 00:00:00,2023-10-05 00:00:00,,,0,tarde
71000004441771,24,2,cursos e oficinas,10,Saúde,71,Bertioga,interior,1,0,outros,,Massagem Expressa,,uma,thisM,depois,qui,3,11h,undefined,2023-10-05 00:00:00,2023-10-05 00:00:00,2023-10-27 00:00:00,,,0,manhã
84000005468731,20,2,cursos e oficinas,10,Saúde,84,Rio Preto,interior,1,0,idosos,,Cérebro ativo,"Com Marina Pereira Zaiden e Marina Soares Facioli, terapeutas ocupacionais.",uma,thisM,depois,qui,3,15h,undefined,2023-10-05 00:00:00,2023-10-05 00:00:00,2023-10-26 00:00:00,,,0,tarde
93000005941334,40,2,cursos e oficinas,10,Saúde,93,Jundiaí,interior,0,0,outros,,Movimento em pauta na saúde! Chi Kung & Meditação- Sipat Sesc Empresa,ação oferecida para empresa Iron Montain com Educador Maróstica,uma,thisM,depois,qui,3,09h,undefined,2023-10-05 00:00:00,2023-10-05 00:00:00,2023-10-05 00:00:00,,,0,manhã
96000324224245,25,2,cursos e oficinas,10,Saúde,96,Sorocaba,interior,1,0,outros,Mesa Brasil Sesc,Elaboração de cardápios,"Com Vivian Salvador, nutricionista",de-ate,sempre,depois,sempre,7,09h,undefined,2023-10-05 00:00:00,2023-10-05 00:00:00,2023-11-01 00:00:00,,,0,manhã
70000005624699,15,2,cursos e oficinas,14,Outros,70,Santo Amaro,capital,0,0,idosos,,E-mail - Para que serve?,com Alexandre Rüger,primeira,thisM,depois,qui,3,09h30,undefined,2023-10-05 00:00:00,2023-09-21 00:00:00,2023-10-05 00:00:00,,,0,manhã
62000008079693,12,2,cursos e oficinas,2,Teatro,62,Consolação,capital,0,0,outros,,Expansão - A Hora do Lobo - workshop com Paulo Camacho (direção de fotografia),"No workshop Cinema Vivo, o artista Paulo Camacho destaca o papel da câmera no palco e o diálogo entre decupagem, roteiro, encenação e luz.",uma,thisM,depois,qui,3,14h,undefined,2023-10-05 00:00:00,2023-10-05 00:00:00,2023-10-05 00:00:00,,,0,tarde
83000004091196,20,2,cursos e oficinas,2,Teatro,83,Piracicaba,interior,0,0,outros,Em.Cena.Ação,Oficina de Teatro - O corpo em cena,,uma,thisM,depois,qui,3,15h,undefined,2023-10-05 00:00:00,2023-10-05 00:00:00,2023-10-05 00:00:00,,,0,tarde
93000005882434,25,2,cursos e oficinas,2,Teatro,93,Jundiaí,interior,0,0,outros,,Vivendo com Arte (vivência para o Juventudes),"Com Aline Nanni, Luiz Rodriguez, Gabriel Nanni e Marília Gogolla",uma,thisM,depois,qui,3,15h,undefined,2023-10-05 00:00:00,2023-10-05 00:00:00,2023-10-05 00:00:00,,,0,tarde
66000017526638,25,2,cursos e oficinas,3,Circo,66,Vila Mariana,capital,0,0,outros,,Curso de palhaçaria,com Tato Villanueva (ARG),uma,thisM,depois,qui,3,18h30,undefined,2023-10-05 00:00:00,2023-10-03 00:00:00,2023-10-05 00:00:00,,,0,noite
58000006765232,20,2,cursos e oficinas,4,Dança,58,Pinheiros,capital,0,0,outros,Coisas da Dança,"Dança - experimentações, significados e sentidos - Processos, teoria e práticas",Com Ana Catarina Vieira e Angelo Madureira,uma,thisM,depois,qui,3,15h,undefined,2023-10-05 00:00:00,2023-10-04 00:00:00,2023-10-06 00:00:00,,,0,tarde
87000003040310,30,2,cursos e oficinas,4,Dança,87,Prudente,interior,0,0,outros,,Danças Africanas,Com Ballet Koteban,uma,thisM,depois,qui,3,19h,undefined,2023-10-05 00:00:00,2023-10-05 00:00:00,2023-10-05 00:00:00,,,0,noite
76000004510415,12,2,cursos e oficinas,5,Cinema,76,Ribeirão Preto,interior,0,0,outros,,Nanometragem - Uma nova perspectiva,Com Ian Iordanu e Julio Avanci,uma,thisM,depois,qui,3,18h30,undefined,2023-10-05 00:00:00,2023-10-03 00:00:00,2023-10-06 00:00:00,,,0,noite
53000006250864,14,2,cursos e oficinas,6,Artes Visuais,53,Santana,capital,0,0,outros,,Pintura de Mandala em Móbile de MDF,Com Valéria Bdayoui,uma,thisM,depois,qui,3,16h,undefined,2023-10-05 00:00:00,2023-10-05 00:00:00,2023-10-26 00:00:00,,,0,tarde
57000007354043,15,2,cursos e oficinas,6,Artes Visuais,57,Ipiranga,capital,1,0,outros,,Lab Impressão: laboratório de experimentações impressas,com Guilherme Land e Ligia Minami,de-ate,sempre,depois,sempre,7,16h,undefined,2023-10-05 00:00:00,2023-10-05 00:00:00,2023-10-26 00:00:00,,,0,tarde
62000008039299,85,2,cursos e oficinas,6,Artes Visuais,62,Consolação,capital,0,0,outros,,Bicho é Bom,Com Atellier Mundo Pano,uma,thisM,depois,qui,3,10h,undefined,2023-10-05 00:00:00,2023-10-03 00:00:00,2023-10-06 00:00:00,,,0,manhã
66000017422004,15,2,cursos e oficinas,6,Artes Visuais,66,Vila Mariana,capital,0,0,outros,,Tardes de Desenho Experimental,"com Thiago Ruiz, educador do Espaço de Tecnologias e Artes",uma,thisM,depois,qui,3,14h,undefined,2023-10-05 00:00:00,2023-10-05 00:00:00,2023-10-05 00:00:00,,,0,tarde
67000002859245,15,2,cursos e oficinas,6,Artes Visuais,67,São Caetano,capital,0,0,crianças,Espaço de Brincar,Dobrar e criar: experimentações lúdicas com papel,Com os educadores  Isaac Arrais Gonçalves e Maria Gabriela,uma,thisM,depois,qui,3,11h,undefined,2023-10-05 00:00:00,2023-10-05 00:00:00,2023-10-27 00:00:00,,,0,manhã
67000002816497,15,2,cursos e oficinas,6,Artes Visuais,67,São Caetano,capital,0,0,outros,,Estamparias Afrikanas,Com Japhette Ozias,uma,thisM,depois,qui,3,18h30,undefined,2023-10-05 00:00:00,2023-09-21 00:00:00,2023-10-19 00:00:00,,,0,noite
70000005486749,15,2,cursos e oficinas,6,Artes Visuais,70,Santo Amaro,capital,0,0,outros,,Armazenamento em nuvem,Com Karina Rhomberg,uma,thisM,depois,qui,3,14h,undefined,2023-10-05 00:00:00,2023-09-21 00:00:00,2023-10-19 00:00:00,,,0,tarde
71000004424360,20,2,cursos e oficinas,6,Artes Visuais,71,Bertioga,interior,0,0,outros,,Aplicações de Inteligência Artificial,com Luciano Bezerra - Educador de Tecnologias e Artes,uma,thisM,depois,qui,3,16h,undefined,2023-10-05 00:00:00,2023-10-05 00:00:00,2023-10-26 00:00:00,,,0,tarde
71000004437839,20,2,cursos e oficinas,6,Artes Visuais,71,Bertioga,interior,0,0,outros,,treinamento para as oficinas de criatividade: arte educação,Com Nadia Bosquê,uma,thisM,depois,qui,3,14h30,undefined,2023-10-05 00:00:00,2023-10-03 00:00:00,2023-10-07 00:00:00,,,0,tarde
77000311318622,15,2,cursos e oficinas,6,Artes Visuais,77,S. J. Campos,interior,1,0,outros,,Bordado em folha seca - turma 2,Com Nádia Pupo,uma,thisM,depois,qui,3,14h30,undefined,2023-10-05 00:00:00,2023-09-28 00:00:00,2023-10-05 00:00:00,,,0,tarde
79000003186528,12,2,cursos e oficinas,6,Artes Visuais,79,Catanduva,interior,0,0,outros,,Fotografia - Módulo II - Imersão Conceitual em Retratos,com o arte-educador Ivan Antoniazzi Andreolli,primeira,thisM,depois,qui,3,19h,undefined,2023-10-05 00:00:00,2023-10-05 00:00:00,2023-12-07 00:00:00,,,0,noite
80000005232330,15,2,cursos e oficinas,6,Artes Visuais,80,Bauru,interior,1,0,outros,,Arte com estêncil manual,"Com Diego Pessoa, educador de Tecnologias e Artes do Sesc Bauru.",uma,thisM,depois,qui,3,19h,undefined,2023-10-05 00:00:00,2023-10-05 00:00:00,2023-10-26 00:00:00,,,0,noite
83000004105547,30,2,cursos e oficinas,6,Artes Visuais,83,Piracicaba,interior,0,0,outros,,Sob Medida: Transformando Ambientes através do Design,"com Patrícia Moretti, designer de interiores",uma,thisM,depois,qui,3,19h30,undefined,2023-10-05 00:00:00,2023-10-05 00:00:00,2023-10-05 00:00:00,,,0,noite
84000005429695,20,2,cursos e oficinas,6,Artes Visuais,84,Rio Preto,interior,0,0,outros,Coisas que voam,LabLibre: Motorização de Telescópios (para bases dobsonianas),Com Educadores em Tecnologias e Artes,uma,thisM,depois,qui,3,19h,undefined,2023-10-05 00:00:00,2023-10-05 00:00:00,2023-10-26 00:00:00,,,0,noite
85000003265816,15,2,cursos e oficinas,6,Artes Visuais,85,Birigui,interior,0,0,outros,,Transferência de fotografia no MDF,com Thiago Mahin,primeira,thisM,depois,qui,3,15h,undefined,2023-10-05 00:00:00,2023-10-05 00:00:00,2023-10-26 00:00:00,,,0,tarde
87000003010644,10,2,cursos e oficinas,6,Artes Visuais,87,Prudente,interior,0,0,outros,,Passeio virtual: cultura do grafite,Com educador do Espaço de Tecnologias e Artes do Sesc,uma,thisM,depois,qui,3,16h30,undefined,2023-10-05 00:00:00,2023-10-05 00:00:00,2023-10-06 00:00:00,,,0,tarde
92000001559540,10,2,cursos e oficinas,6,Artes Visuais,92,Registro,interior,1,0,outros,Buguei!,Navegação orientada,com educadores do Espaço deTecnologia e Artes.,uma,thisM,depois,qui,3,17h,undefined,2023-10-05 00:00:00,2023-10-05 00:00:00,2023-10-19 00:00:00,,,0,tarde
96000318842878,12,2,cursos e oficinas,6,Artes Visuais,96,Sorocaba,interior,1,0,outros,,Trançado Kumihimo,"Com Célia Harumi, educadora de tecnologias e artes no Sesc Sorocaba.",uma,thisM,depois,qui,3,14h,undefined,2023-10-05 00:00:00,2023-10-05 00:00:00,2023-10-12 00:00:00,,,0,tarde
55000004687133,40,2,cursos e oficinas,7,Literatura,55,Interlagos,capital,0,0,outros,NerdCon,Oficina de Escrita de RPG - Narrativas Afrofuturistas,Com Kelly Cristina,uma,thisM,depois,qui,3,19h,undefined,2023-10-05 00:00:00,2023-10-03 00:00:00,2023-10-06 00:00:00,,,0,noite
78000006669749,25,2,cursos e oficinas,7,Literatura,78,Santos,interior,0,0,outros,,Criação literária: De ficcionista para ficcionista: da ideia à história,com escritor Javier A. Contreras,uma,thisM,depois,qui,3,19h,undefined,2023-10-05 00:00:00,2023-09-21 00:00:00,2023-10-05 00:00:00,,,0,noite
57000007457905,15,2,cursos e oficinas,8,Educação,57,Ipiranga,capital,1,0,idosos,,Kokedama,com Fabiane Emilio dos Santos,uma,thisM,depois,qui,3,10h,undefined,2023-10-05 00:00:00,2023-10-05 00:00:00,2023-10-19 00:00:00,,,0,manhã
68000008879957,200,2,cursos e oficinas,8,Educação,68,Belenzinho,capital,0,0,outros,,7ª edição do curso Refúgios Humanos,,primeira,thisM,depois,qui,3,18h30,undefined,2023-10-05 00:00:00,2023-10-05 00:00:00,2023-11-23 00:00:00,,,0,noite
75000003830589,30,2,cursos e oficinas,8,Educação,75,Campinas,interior,0,0,jovens,Juventudes,Papo Geral - juventudes,Atividade de artes visuais,primeira,thisM,depois,qui,3,14h30,undefined,2023-10-05 00:00:00,2023-10-05 00:00:00,2023-10-06 00:00:00,,,0,tarde
76000004496203,10,2,cursos e oficinas,8,Educação,76,Ribeirão Preto,interior,1,0,outros,,Introdução à montagem de arranjos secos: vasinho de vidro,"Com Natalia Nadaleto, do ateliê A casa da Tita",uma,thisM,depois,qui,3,14h30,undefined,2023-10-05 00:00:00,2023-10-05 00:00:00,2023-10-06 00:00:00,,,0,tarde
80000005087214,15,2,cursos e oficinas,8,Educação,80,Bauru,interior,1,0,idosos,,Iniciando no smartphone: um bê-á-bá para pessoas idosas,"Com Bruno Müller, educador de tecnologias e artes do Sesc.",primeira,thisM,depois,qui,3,14h,undefined,2023-10-05 00:00:00,2023-10-05 00:00:00,2023-10-19 00:00:00,,,0,tarde
94000006289212,15,2,cursos e oficinas,8,Educação,94,Bom Retiro,capital,1,0,crianças,Criar: Crianças e suas Rotinas,Boca Azul: Receitas da Bruxa da Natureza,com Kallu Whitaker,uma,thisM,depois,qui,3,17h,undefined,2023-10-05 00:00:00,2023-10-05 00:00:00,2023-10-19 00:00:00,,,0,tarde
94000006289332,15,2,cursos e oficinas,8,Educação,94,Bom Retiro,capital,1,0,crianças,Criar: Crianças e suas Rotinas,"Comer e Aprender: Oficina Sensorial para Mães, Pais e Bebês",com Viviane Laudelino Vieira,uma,thisM,depois,qui,3,10h30,undefined,2023-10-05 00:00:00,2023-10-05 00:00:00,2023-10-26 00:00:00,,,0,manhã
56000005146986,60,2,cursos e oficinas,9,Meio Ambiente,56,Itaquera,capital,0,0,crianças,,Parque de Bambú: Instalação Brincante,Grupo Equipe Parque de Bambu,uma,thisM,depois,qui,3,09h,undefined,2023-10-05 00:00:00,2023-10-01 00:00:00,2023-10-29 00:00:00,,,0,manhã
62000007591788,80,2,cursos e oficinas,9,Meio Ambiente,62,Consolação,capital,1,0,outros,,Feira Agroecológica e práticas sustentáveis,Com agricultores de assentamentos do MST da Grande São Paulo - Cooperativa Terra e Liberdade,uma,thisM,depois,qui,3,11h,undefined,2023-10-05 00:00:00,2023-09-21 00:00:00,2023-12-14 00:00:00,,,0,manhã
65000003554876,30,2,cursos e oficinas,9,Meio Ambiente,65,Av. Paulista,capital,1,0,outros,,Minimutirão Preparar Plantar e Colher,Com Arboreser,uma,thisM,depois,qui,3,14h,undefined,2023-10-05 00:00:00,2023-10-05 00:00:00,2023-12-13 00:00:00,,,0,tarde
70000005647465,100,2,cursos e oficinas,9,Meio Ambiente,70,Santo Amaro,capital,1,0,outros,,Alimentos Orgânicos  e Agroecológicos,Projeto Ideias e Ações Para um Novo Tempo - Feira Permanente de Alimentos Orgânicos e Agroecológicos - Programação Meio Ambiente,uma,thisM,depois,qui,3,11h,undefined,2023-10-05 00:00:00,2023-10-05 00:00:00,2023-10-25 00:00:00,,,0,manhã
71000004372142,20,2,cursos e oficinas,9,Meio Ambiente,71,Bertioga,interior,0,0,outros,,Aulas práticas do Curso de jardinagem Senac,,uma,thisM,depois,qui,3,08h,undefined,2023-10-05 00:00:00,2023-09-29 00:00:00,2023-10-26 00:00:00,,,0,manhã
71000004339310,25,2,cursos e oficinas,9,Meio Ambiente,71,Bertioga,interior,1,0,outros,,O Canal e o Maguezal,Navegando com o Barco Escola,uma,thisM,depois,qui,3,09h,undefined,2023-10-05 00:00:00,2023-10-05 00:00:00,2023-10-26 00:00:00,,,0,manhã
80000005153161,15,2,cursos e oficinas,9,Meio Ambiente,80,Bauru,interior,0,0,idosos,,Sabonetes naturais de ervas e óleos essenciais (Turma 2),"Com Suzana da Costa Longo, aromaterapeuta e pesquisadora",uma,thisM,depois,qui,3,14h,undefined,2023-10-05 00:00:00,2023-10-05 00:00:00,2023-10-05 00:00:00,,,0,tarde
83000004105238,40,2,cursos e oficinas,9,Meio Ambiente,83,Piracicaba,interior,0,0,crianças,,Ciência dos Resíduos (Receptivo de Grupos),,uma,thisM,depois,qui,3,10h,undefined,2023-10-05 00:00:00,2023-10-05 00:00:00,2023-10-26 00:00:00,,,0,manhã
83000004127386,100,2,cursos e oficinas,9,Meio Ambiente,83,Piracicaba,interior,0,0,outros,,Terra e Chão,,uma,thisM,depois,qui,3,13h30,undefined,2023-10-05 00:00:00,2023-10-01 00:00:00,2023-10-31 00:00:00,,,0,tarde
88000005127666,30,2,cursos e oficinas,9,Meio Ambiente,88,Santo André,capital,1,0,crianças,Cursos e Oficinas 2023,Mutirão no jardim,Com Pedro Sekiya do Coletivo Dente de Leão,uma,thisM,depois,qui,3,15h,undefined,2023-10-05 00:00:00,2023-10-05 00:00:00,2023-12-07 00:00:00,,,0,tarde
91000002219400,20,2,cursos e oficinas,9,Meio Ambiente,91,Campo Limpo,capital,1,0,idosos,,Oficina de Terrários (minijardins em vidros),Com Hospital das Plantas,de-ate,sempre,depois,sempre,7,15h,undefined,2023-10-05 00:00:00,2023-10-05 00:00:00,2023-10-26 00:00:00,,,0,tarde
93000005924981,15,2,cursos e oficinas,9,Meio Ambiente,93,Jundiaí,interior,1,0,outros,,Plantio terapia,Com Biomundo,uma,thisM,depois,qui,3,10h30,undefined,2023-10-05 00:00:00,2023-10-05 00:00:00,2023-10-06 00:00:00,,,0,manhã
96000319958960,15,2,cursos e oficinas,9,Meio Ambiente,96,Sorocaba,interior,1,0,outros,Oficinas Ecopráticas,Miniterrários,"Com Alexandre Anezio, educador ambiental do Sesc Sorocaba",uma,thisM,depois,qui,3,10h,undefined,2023-10-05 00:00:00,2023-10-05 00:00:00,2023-10-05 00:00:00,,,0,manhã
81000004338986,30,3,debates e paletras,14,Outros,81,Taubaté,interior,0,0,jovens,Juventudes,Juventudes 2023 - 13 a 17 anos,com Educadores do Programa Juventudes,uma,thisM,depois,qui,3,18h,undefined,2023-10-05 00:00:00,2023-09-21 00:00:00,2023-12-07 00:00:00,,,0,noite
80000005201832,165,3,debates e paletras,5,Cinema,80,Bauru,interior,0,0,outros,,[FILMA Bauru] Roda de conversa: Produção de objetos no audiovisual,"Com Gabrielle Marçal e Marina Butolo, com mediação de Rene Lopez.",uma,thisM,depois,qui,3,14h30,undefined,2023-10-05 00:00:00,2023-10-05 00:00:00,2023-10-05 00:00:00,,,0,tarde
62000008111889,50,3,debates e paletras,8,Educação,62,Consolação,capital,1,0,outros,,Mulheres no trabalho: Desafios e Possibilidades,Com Itala Herta,uma,thisM,depois,qui,3,09h30,undefined,2023-10-05 00:00:00,2023-10-05 00:00:00,2023-10-05 00:00:00,,,0,manhã
75000008055239,20,3,debates e paletras,8,Educação,75,Campinas,interior,0,0,idosos,Falas Compartilhadas,[Falas Compartilhadas],,uma,thisM,depois,qui,3,14h,undefined,2023-10-05 00:00:00,2023-10-05 00:00:00,2023-10-26 00:00:00,,,0,tarde
83000003912904,150,3,debates e paletras,8,Educação,83,Piracicaba,interior,1,0,outros,,Direitos Humanos e refúgio: convivências,Semana sobre Direitos Humanos e Refúgio,uma,thisM,depois,qui,3,19h,undefined,2023-10-05 00:00:00,2023-10-05 00:00:00,2023-10-05 00:00:00,1,Tradução em Libras,0,noite
87000003011701,100,3,debates e paletras,8,Educação,87,Prudente,interior,0,0,outros,,Lei 10.639: Por uma educação de corpo inteiro,"Com Ana Koteban, mestre em Sociologia, pesquisadora em educação antirracista.",uma,thisM,depois,qui,3,13h,undefined,2023-10-05 00:00:00,2023-10-05 00:00:00,2023-10-06 00:00:00,,,0,tarde
89000001399403,40,3,debates e paletras,8,Educação,89,CPF,capital,0,0,outros,Cursos e Palestras,Casas Espaços de Produções Culturais: Ancestralidade e Cuidado,"Com Wil Oliveira, Ana Caroline da Silva, Andrea Prior e Harry De Castro",uma,thisM,depois,qui,3,19h,undefined,2023-10-05 00:00:00,2023-10-05 00:00:00,2023-10-05 00:00:00,,,0,noite
80000005202205,165,5,filmes,5,Cinema,80,Bauru,interior,1,0,outros,,Em busca do espaço cotidiano,Dir.: Leon Hirszman  Brasil  1986  80min.,uma,thisM,depois,qui,3,19h30,undefined,2023-10-05 00:00:00,2023-10-05 00:00:00,2023-10-05 00:00:00,,,0,noite
68000009158791,10,6,atividade física,11,Atividade Física,68,Belenzinho,capital,0,0,outros,Copa Sesc do Comércio e Serviços,Congresso Técnico - Copa Sesc,Futebol soçaite masculino,uma,thisM,depois,qui,3,19h30,undefined,2023-10-05 00:00:00,2023-10-05 00:00:00,2023-10-05 00:00:00,,,0,noite
71000004433170,200,6,atividade física,11,Atividade Física,71,Bertioga,interior,0,0,jovens,,Basquete 3x3,,uma,thisM,depois,qui,3,08h,undefined,2023-10-05 00:00:00,2023-10-05 00:00:00,2023-10-06 00:00:00,,,0,manhã
71000004379537,400,6,atividade física,14,Outros,71,Bertioga,interior,0,0,crianças,,Breaking Dance,,de-ate,sempre,depois,sempre,7,08h,undefined,2023-10-05 00:00:00,2023-10-05 00:00:00,2023-10-12 00:00:00,,,0,manhã
82000005154722,100,6,atividade física,14,Outros,82,São Carlos,interior,0,0,jovens,,JEESP - Futsal,,de-ate,sempre,depois,sempre,7,07h30,undefined,2023-10-05 00:00:00,2023-10-05 00:00:00,2023-10-26 00:00:00,,,0,manhã
82000005154700,100,6,atividade física,14,Outros,82,São Carlos,interior,0,0,jovens,,JEESP Basquete,,de-ate,sempre,depois,sempre,7,07h30,undefined,2023-10-05 00:00:00,2023-10-05 00:00:00,2023-10-26 00:00:00,,,0,manhã
71000004378908,400,9,'+ lazer,14,Outros,71,Bertioga,interior,0,0,crianças,,Brincapoeirar,OBA! Organização Brasil África,de-ate,sempre,depois,sempre,7,08h,undefined,2023-10-05 00:00:00,2023-10-05 00:00:00,2023-10-06 00:00:00,,,0,manhã
52000004974516,219,1,shows e espetáculos,1,Música,52,24 De Maio,capital,0,0,outros,,Craca,Lançamento do álbum PATCHWORK: COBOGÓ,uma,thisM,depois,sex,4,20h,undefined,2023-10-06 00:00:00,2023-10-06 00:00:00,2023-10-06 00:00:00,,,0,noite
53000006201132,40,1,shows e espetáculos,1,Música,53,Santana,capital,1,0,outros,,Valério,,uma,thisM,depois,sex,4,20h,undefined,2023-10-06 00:00:00,2023-10-06 00:00:00,2023-10-06 00:00:00,,,0,noite
63000013281172,1332,1,shows e espetáculos,1,Música,63,Pompeia,capital,0,0,outros,,Assucena Assucena,Lançamento do disco Lusco-Fusco,uma,thisM,depois,sex,4,21h,undefined,2023-10-06 00:00:00,2023-10-05 00:00:00,2023-10-06 00:00:00,,,0,noite
63000013624823,800,1,shows e espetáculos,1,Música,63,Pompeia,capital,0,0,outros,,ÀTTØØXXÁ,Lançamento do álbum Groove Deluxe,uma,thisM,depois,sex,4,21h30,undefined,2023-10-06 00:00:00,2023-10-06 00:00:00,2023-10-07 00:00:00,,,0,noite
65000003485640,250,1,shows e espetáculos,1,Música,65,Av. Paulista,capital,0,0,outros,,Leo Jaime,"Show ""Dance Comigo""",uma,thisM,depois,sex,4,20h,undefined,2023-10-06 00:00:00,2023-10-05 00:00:00,2023-10-07 00:00:00,,,0,noite
66000017340615,1800,1,shows e espetáculos,1,Música,66,Vila Mariana,capital,0,0,outros,,Mateus Aleluia,,uma,thisM,depois,sex,4,21h,undefined,2023-10-06 00:00:00,2023-10-06 00:00:00,2023-10-08 00:00:00,,,0,noite
68000008847431,394,1,shows e espetáculos,1,Música,68,Belenzinho,capital,0,0,outros,,Elba Ramalho,,uma,thisM,depois,sex,4,21h,undefined,2023-10-06 00:00:00,2023-10-06 00:00:00,2023-10-08 00:00:00,,,0,noite
68000009122450,650,1,shows e espetáculos,1,Música,68,Belenzinho,capital,0,0,outros,,MC Luanna,44,uma,thisM,depois,sex,4,21h,undefined,2023-10-06 00:00:00,2023-10-06 00:00:00,2023-10-06 00:00:00,,,0,noite
70000005662315,270,1,shows e espetáculos,1,Música,70,Santo Amaro,capital,0,0,outros,,Érika Martins,,uma,thisM,depois,sex,4,21h,undefined,2023-10-06 00:00:00,2023-10-06 00:00:00,2023-10-06 00:00:00,,,0,noite
70000005666888,200,1,shows e espetáculos,1,Música,70,Santo Amaro,capital,1,0,outros,Música ao cair da tarde,Guilherme Maximiano,,uma,thisM,depois,sex,4,19h,undefined,2023-10-06 00:00:00,2023-10-06 00:00:00,2023-11-03 00:00:00,,,0,noite
73000004876898,350,1,shows e espetáculos,1,Música,73,Guarulhos,capital,0,0,outros,,Del Rey,"Lançamento de ""O Disco""",uma,thisM,depois,sex,4,20h,undefined,2023-10-06 00:00:00,2023-10-06 00:00:00,2023-10-06 00:00:00,,,0,noite
77000305652164,200,1,shows e espetáculos,1,Música,77,S. J. Campos,interior,0,0,outros,,Casa de Marimbondo,Choro canção,uma,thisM,depois,sex,4,19h30,undefined,2023-10-06 00:00:00,2023-10-06 00:00:00,2023-10-06 00:00:00,,,0,noite
78000006613935,150,1,shows e espetáculos,1,Música,78,Santos,interior,1,0,outros,,Camerata de Vilões do Guri de Santos,Com regência de Deblas Alves,uma,thisM,depois,sex,4,20h,undefined,2023-10-06 00:00:00,2023-10-06 00:00:00,2023-10-06 00:00:00,,,0,noite
81000004374201,300,1,shows e espetáculos,1,Música,81,Taubaté,interior,0,0,outros,Arrastando pé,Forróbook Anastácia,Com Bando de Régia,uma,thisM,depois,sex,4,20h,undefined,2023-10-06 00:00:00,2023-10-06 00:00:00,2023-10-06 00:00:00,,,0,noite
83000004046480,150,1,shows e espetáculos,1,Música,83,Piracicaba,interior,0,1,outros,No Palco do Sesc,Rodrigo Borges & Ian Guedes,Show: Tributo ao Clube da Esquina,uma,thisM,depois,sex,4,20h,undefined,2023-10-06 00:00:00,2023-10-06 00:00:00,2023-10-06 00:00:00,,,0,noite
86000004209405,200,1,shows e espetáculos,1,Música,86,Araraquara,interior,1,0,outros,Autorais,Filpo Ribeiro,Show Lançamento álbum Arribação,uma,thisM,depois,sex,4,20h,undefined,2023-10-06 00:00:00,2023-10-06 00:00:00,2023-10-06 00:00:00,,,0,noite
92000001509603,100,1,shows e espetáculos,1,Música,92,Registro,interior,0,0,outros,Boteco do Ribeira,3DSoul - com participação de Bruna Rosa,"com Jonathas Magrão, Éder Fontes e Leandro Boby",uma,thisM,depois,sex,4,20h,undefined,2023-10-06 00:00:00,2023-10-06 00:00:00,2023-10-06 00:00:00,,,0,noite
94000006172736,290,1,shows e espetáculos,1,Música,94,Bom Retiro,capital,0,0,outros,,Batuqueiros e sua gente,Participação de Francineth Germano,uma,thisM,depois,sex,4,20h,undefined,2023-10-06 00:00:00,2023-10-06 00:00:00,2023-10-06 00:00:00,,,0,noite
57000007274848,200,1,shows e espetáculos,2,Teatro,57,Ipiranga,capital,0,0,outros,,Selvagem,De Mike Bartlett,uma,thisM,depois,sex,4,20h,undefined,2023-10-06 00:00:00,2023-09-23 00:00:00,2023-10-22 00:00:00,1,Tradução em Libras,0,noite
57000006564450,30,1,shows e espetáculos,2,Teatro,57,Ipiranga,capital,0,0,outros,Teatro Mínimo,Okama,Direção Miwa Yanagizawa,uma,thisM,depois,sex,4,21h30,undefined,2023-10-06 00:00:00,2023-09-22 00:00:00,2023-10-08 00:00:00,,,0,noite
58000006707553,98,1,shows e espetáculos,2,Teatro,58,Pinheiros,capital,0,0,outros,,"E VOCÊS, QUEM SÃO?",Samuel de Assis,uma,thisM,depois,sex,4,20h,undefined,2023-10-06 00:00:00,2023-09-21 00:00:00,2023-10-28 00:00:00,,,0,noite
62000007895240,280,1,shows e espetáculos,2,Teatro,62,Consolação,capital,0,0,outros,,A hora do lobo - um debate com o filme Dogville de Lars von Trier,de Christiane Jatahy,uma,thisM,depois,sex,4,20h,undefined,2023-10-06 00:00:00,2023-09-22 00:00:00,2023-10-15 00:00:00,,,0,noite
63000013035250,40,1,shows e espetáculos,2,Teatro,63,Pompeia,capital,0,0,outros,,Nica,Com Elisa Band e Gilda Nomacce,uma,thisM,depois,sex,4,20h30,undefined,2023-10-06 00:00:00,2023-09-21 00:00:00,2023-10-06 00:00:00,1,Audiodescrição  Tradução em Libras,0,noite
65000003505504,80,1,shows e espetáculos,2,Teatro,65,Av. Paulista,capital,0,0,outros,,Guará Vermelha,Com Cia do Tijolo,uma,thisM,depois,sex,4,19h30,undefined,2023-10-06 00:00:00,2023-09-29 00:00:00,2023-10-29 00:00:00,1,Audiodescrição  Tradução em Libras,0,noite
66000016904826,122,1,shows e espetáculos,2,Teatro,66,Vila Mariana,capital,0,0,outros,,Inútil canto e inútil pranto pelos anjos caídos,Com Ícaro Rodrigues. Dir.: Roberta Estrela D'Alva,uma,thisM,depois,sex,4,20h,undefined,2023-10-06 00:00:00,2023-09-22 00:00:00,2023-10-07 00:00:00,1,Audiodescrição  Tradução em Libras,0,noite
67000002869730,50,1,shows e espetáculos,2,Teatro,67,São Caetano,capital,0,0,outros,Cena Aberta,Eugênia,Com Alana Lial,uma,thisM,depois,sex,4,20h,undefined,2023-10-06 00:00:00,2023-10-06 00:00:00,2023-10-06 00:00:00,,,0,noite
68000008969431,120,1,shows e espetáculos,2,Teatro,68,Belenzinho,capital,0,0,outros,,G.A.L.A.,"direção de Gerald Thomas, com Fernanda Gugli",uma,thisM,depois,sex,4,21h30,undefined,2023-10-06 00:00:00,2023-09-22 00:00:00,2023-10-08 00:00:00,,,0,noite
82000004764728,269,1,shows e espetáculos,2,Teatro,82,São Carlos,interior,0,1,outros,,Elagalinha,Com Cia Bendita,uma,thisM,depois,sex,4,09h30,undefined,2023-10-06 00:00:00,2023-10-06 00:00:00,2023-10-07 00:00:00,,,0,manhã
82000004764728,269,1,shows e espetáculos,2,Teatro,82,São Carlos,interior,0,1,outros,,Elagalinha,Com Cia Bendita,uma,thisM,depois,sex,4,14h30,undefined,2023-10-06 00:00:00,2023-10-06 00:00:00,2023-10-07 00:00:00,,,0,tarde
88000005251577,302,1,shows e espetáculos,2,Teatro,88,Santo André,capital,0,0,outros,,"Arigós - bandeira, espinha-de-peixe, cara-de-gato",com Mundu Rodá,uma,thisM,depois,sex,4,20h,undefined,2023-10-06 00:00:00,2023-10-06 00:00:00,2023-10-06 00:00:00,1,Tradução em Libras,0,noite
75000008208096,50,1,shows e espetáculos,3,Circo,75,Campinas,interior,0,0,crianças,Relacionamento com Empresas,Circulando - Ação nas Empresas,IMA - Informática de Municípios Associados,uma,thisM,depois,sex,4,14h15,undefined,2023-10-06 00:00:00,2023-10-06 00:00:00,2023-10-06 00:00:00,,,0,tarde
75000007946368,147,1,shows e espetáculos,3,Circo,75,Campinas,interior,0,0,outros,,Amálgama,Com Cia. Amálgama.,uma,thisM,depois,sex,4,20h,undefined,2023-10-06 00:00:00,2023-10-06 00:00:00,2023-10-06 00:00:00,,,0,noite
58000006234484,900,1,shows e espetáculos,4,Dança,58,Pinheiros,capital,0,0,outros,,estreia PETRUSHKA  (Goyo Montero) - abertura UMBÓ (Leilane Teles),Com São Paulo Companhia de Dança,uma,thisM,depois,sex,4,21h,undefined,2023-10-06 00:00:00,2023-10-06 00:00:00,2023-10-08 00:00:00,,,0,noite
96000322053855,150,1,shows e espetáculos,4,Dança,96,Sorocaba,interior,1,0,outros,,Canja Criativa,Com Coletivo O12,uma,thisM,depois,sex,4,19h,undefined,2023-10-06 00:00:00,2023-10-06 00:00:00,2023-10-06 00:00:00,,,0,noite
75000008050815,100,1,shows e espetáculos,7,Literatura,75,Campinas,interior,0,0,outros,,Novo [Na estante],com Rita Carelli,uma,thisM,depois,sex,4,09h,undefined,2023-10-06 00:00:00,2023-09-21 00:00:00,2023-10-31 00:00:00,,,0,manhã
75000007953323,15,1,shows e espetáculos,7,Literatura,75,Campinas,interior,1,0,outros,,[NA ESTANTE] Rita Carelli,com Rita Carelli,uma,thisM,depois,sex,4,09h,undefined,2023-10-06 00:00:00,2023-09-21 00:00:00,2023-10-31 00:00:00,,,0,manhã
53000006425088,10,2,cursos e oficinas,1,Música,53,Santana,capital,1,0,outros,,Conhecendo a mbira e kalimba,Com Guilherme Valério,uma,thisM,depois,sex,4,15h,undefined,2023-10-06 00:00:00,2023-10-06 00:00:00,2023-10-06 00:00:00,,,0,tarde
84000005468861,30,2,cursos e oficinas,1,Música,84,Rio Preto,interior,1,0,idosos,A Arte de Envelhecer,Aula de Canto,"Com  Antonio Miguel, professor de canto.",de-ate,sempre,depois,sempre,7,14h,undefined,2023-10-06 00:00:00,2023-10-06 00:00:00,2023-10-27 00:00:00,,,0,tarde
71000004441771,24,2,cursos e oficinas,10,Saúde,71,Bertioga,interior,1,0,outros,,Massagem Expressa,,uma,thisM,depois,sex,4,16h,undefined,2023-10-06 00:00:00,2023-10-05 00:00:00,2023-10-27 00:00:00,,,0,tarde
83000003995466,30,2,cursos e oficinas,10,Saúde,83,Piracicaba,interior,1,0,outros,,Sabores e Saberes de Refúgio,"Oficina Culinária da Colômbia, com Leonor Solano",uma,thisM,depois,sex,4,18h,undefined,2023-10-06 00:00:00,2023-10-06 00:00:00,2023-10-06 00:00:00,,,0,noite
85000003299353,20,2,cursos e oficinas,10,Saúde,85,Birigui,interior,0,0,idosos,,Construindo Floreiras,Com karina Idalgo e Bianca Rochani,uma,thisM,depois,sex,4,14h,undefined,2023-10-06 00:00:00,2023-10-06 00:00:00,2023-10-06 00:00:00,,,0,tarde
88000005134466,30,2,cursos e oficinas,10,Saúde,88,Santo André,capital,0,0,outros,Gerando,Atenção à gestantes e puérperas em situação de vulnerabilidade social,Com Coletiva Raízes do Parto,primeira,thisM,depois,sex,4,14h,undefined,2023-10-06 00:00:00,2023-09-26 00:00:00,2023-10-20 00:00:00,,,0,tarde
93000005787503,21,2,cursos e oficinas,14,Outros,93,Jundiaí,interior,0,0,outros,Comunidades Ativas,Comunidades Ativas - Empreendedorismo,com Quecolab,primeira,thisM,depois,sex,4,14h,undefined,2023-10-06 00:00:00,2023-10-06 00:00:00,2023-10-06 00:00:00,,,0,tarde
62000008079651,20,2,cursos e oficinas,2,Teatro,62,Consolação,capital,0,0,outros,,Expansão - A Hora do Lobo - workshop com Christiane Jatahy,"Na oficina Relação. Reação. Criação., a diretora Christiane Jatahy apresenta alguns aspectos de sua linguagem de criação.",uma,thisM,depois,sex,4,14h,undefined,2023-10-06 00:00:00,2023-09-29 00:00:00,2023-10-06 00:00:00,,,0,tarde
95000002767285,50,2,cursos e oficinas,3,Circo,95,Osasco,capital,0,0,outros,Circo Nosso de Todo Dia,O circo na construção da dramaturgia na pesquisa da Companhia Linhas Aéreas,Com a Cia Linhas Aéreas,uma,thisM,depois,sex,4,15h,undefined,2023-10-06 00:00:00,2023-10-06 00:00:00,2023-10-06 00:00:00,,,0,tarde
58000006765232,20,2,cursos e oficinas,4,Dança,58,Pinheiros,capital,0,0,outros,Coisas da Dança,"Dança - experimentações, significados e sentidos - Processos, teoria e práticas",Com Ana Catarina Vieira e Angelo Madureira,uma,thisM,depois,sex,4,15h,undefined,2023-10-06 00:00:00,2023-10-04 00:00:00,2023-10-06 00:00:00,,,0,tarde
75000007915223,80,2,cursos e oficinas,4,Dança,75,Campinas,interior,1,0,outros,,Vem dançar!,Com  Paulo Zanandré.  Prof. de Dança,de-ate,sempre,depois,sempre,7,15h,undefined,2023-10-06 00:00:00,2023-10-06 00:00:00,2023-12-08 00:00:00,,,0,tarde
84000005471954,100,2,cursos e oficinas,4,Dança,84,Rio Preto,interior,0,0,idosos,,Ritmos da Dança de Salão,Com Professores da Star Dance,de-ate,sempre,depois,sempre,7,14h30,undefined,2023-10-06 00:00:00,2023-10-06 00:00:00,2023-10-27 00:00:00,,,0,tarde
76000004510415,12,2,cursos e oficinas,5,Cinema,76,Ribeirão Preto,interior,0,0,outros,,Nanometragem - Uma nova perspectiva,Com Ian Iordanu e Julio Avanci,uma,thisM,depois,sex,4,18h30,undefined,2023-10-06 00:00:00,2023-10-03 00:00:00,2023-10-06 00:00:00,,,0,noite
80000005201851,20,2,cursos e oficinas,5,Cinema,80,Bauru,interior,0,0,outros,,[FILMA Bauru] [Cessão] Workflow de áudio - Narrativas sonoras,"Com Isadora Torres, técnica e editora de som.",uma,thisM,depois,sex,4,14h,undefined,2023-10-06 00:00:00,2023-10-06 00:00:00,2023-10-06 00:00:00,,,0,tarde
52000005404693,10,2,cursos e oficinas,6,Artes Visuais,52,24 De Maio,capital,0,0,outros,,Restauração e ajustes de plainas e formões,com Thiago Endrigo,primeira,thisM,depois,sex,4,14h30,undefined,2023-10-06 00:00:00,2023-09-22 00:00:00,2023-10-27 00:00:00,,,0,tarde
56000005103840,20,2,cursos e oficinas,6,Artes Visuais,56,Itaquera,capital,1,0,outros,,Jogos Tabuleiros e Dados,com Educadores de Tecnologias e Artes,de-ate,sempre,depois,sempre,7,14h,undefined,2023-10-06 00:00:00,2023-10-06 00:00:00,2023-11-26 00:00:00,,,0,tarde
62000008039299,85,2,cursos e oficinas,6,Artes Visuais,62,Consolação,capital,0,0,outros,,Bicho é Bom,Com Atellier Mundo Pano,uma,thisM,depois,sex,4,10h,undefined,2023-10-06 00:00:00,2023-10-03 00:00:00,2023-10-06 00:00:00,,,0,manhã
64000005032781,30,2,cursos e oficinas,6,Artes Visuais,64,Carmo,capital,0,0,crianças,,Curumim no ETA,com Mateus Pavan e Danilo Medeiros,primeira,thisM,depois,sex,4,15h,undefined,2023-10-06 00:00:00,2023-09-22 00:00:00,2023-12-01 00:00:00,,,0,tarde
67000002859245,15,2,cursos e oficinas,6,Artes Visuais,67,São Caetano,capital,0,0,crianças,Espaço de Brincar,Dobrar e criar: experimentações lúdicas com papel,Com os educadores  Isaac Arrais Gonçalves e Maria Gabriela,uma,thisM,depois,sex,4,15h,undefined,2023-10-06 00:00:00,2023-10-05 00:00:00,2023-10-27 00:00:00,,,0,tarde
71000004437839,20,2,cursos e oficinas,6,Artes Visuais,71,Bertioga,interior,0,0,outros,,treinamento para as oficinas de criatividade: arte educação,Com Nadia Bosquê,uma,thisM,depois,sex,4,14h30,undefined,2023-10-06 00:00:00,2023-10-03 00:00:00,2023-10-07 00:00:00,,,0,tarde
76000004495774,15,2,cursos e oficinas,6,Artes Visuais,76,Ribeirão Preto,interior,1,0,outros,,Recriar a cidade,Com a artista visual Tatiana Ferraz,uma,thisM,depois,sex,4,18h30,undefined,2023-10-06 00:00:00,2023-10-06 00:00:00,2023-10-06 00:00:00,,,0,noite
80000005087192,16,2,cursos e oficinas,6,Artes Visuais,80,Bauru,interior,1,0,outros,,ETA: Laboratório Aberto,"Com Bruno Müller, educador de Tecnologias e Artes do Sesc",uma,thisM,depois,sex,4,14h,undefined,2023-10-06 00:00:00,2023-10-06 00:00:00,2023-10-27 00:00:00,,,0,tarde
87000003010644,10,2,cursos e oficinas,6,Artes Visuais,87,Prudente,interior,0,0,outros,,Passeio virtual: cultura do grafite,Com educador do Espaço de Tecnologias e Artes do Sesc,uma,thisM,depois,sex,4,16h30,undefined,2023-10-06 00:00:00,2023-10-05 00:00:00,2023-10-06 00:00:00,,,0,tarde
88000005201201,20,2,cursos e oficinas,6,Artes Visuais,88,Santo André,capital,1,0,jovens,Cursos e Oficinas 2023,Lab Jovem de Criatividade: Estêncil,"com Fábio Justino, educador em tecnologias e artes.",uma,thisM,depois,sex,4,14h30,undefined,2023-10-06 00:00:00,2023-10-06 00:00:00,2023-10-27 00:00:00,,,0,tarde
92000001553273,15,2,cursos e oficinas,6,Artes Visuais,92,Registro,interior,1,0,idosos,60naRede,Plantão de Dúvidas: Smartphone e Internet,Com educadores do Espaço de Tecnologias e Artes,uma,thisM,depois,sex,4,15h30,undefined,2023-10-06 00:00:00,2023-10-06 00:00:00,2023-10-06 00:00:00,,,0,tarde
94000006288882,12,2,cursos e oficinas,6,Artes Visuais,94,Bom Retiro,capital,1,0,crianças,Tudo Encaixa,Jogo de Encaixe,"com Andrea Jarandilha, educadora do Espaço de Brincar",uma,thisM,depois,sex,4,10h30,undefined,2023-10-06 00:00:00,2023-10-06 00:00:00,2023-10-06 00:00:00,,,0,manhã
94000006288882,12,2,cursos e oficinas,6,Artes Visuais,94,Bom Retiro,capital,1,0,crianças,Tudo Encaixa,Jogo de Encaixe,"com Andrea Jarandilha, educadora do Espaço de Brincar",uma,thisM,depois,sex,4,14h30,undefined,2023-10-06 00:00:00,2023-10-06 00:00:00,2023-10-06 00:00:00,,,0,tarde
96000320119971,12,2,cursos e oficinas,6,Artes Visuais,96,Sorocaba,interior,1,0,crianças,,Faça Você Mesmo_DIY - Tainara,"Com Tainara Martinsons, artista visual e educadora.",de-ate,sempre,depois,sempre,7,18h,undefined,2023-10-06 00:00:00,2023-10-06 00:00:00,2023-10-27 00:00:00,,,0,noite
55000004687133,40,2,cursos e oficinas,7,Literatura,55,Interlagos,capital,0,0,outros,NerdCon,Oficina de Escrita de RPG - Narrativas Afrofuturistas,Com Kelly Cristina,uma,thisM,depois,sex,4,19h,undefined,2023-10-06 00:00:00,2023-10-03 00:00:00,2023-10-06 00:00:00,,,0,noite
76000004496203,10,2,cursos e oficinas,8,Educação,76,Ribeirão Preto,interior,1,0,outros,,Introdução à montagem de arranjos secos: vasinho de vidro,"Com Natalia Nadaleto, do ateliê A casa da Tita",uma,thisM,depois,sex,4,14h30,undefined,2023-10-06 00:00:00,2023-10-05 00:00:00,2023-10-06 00:00:00,,,0,tarde
82000004878203,12,2,cursos e oficinas,8,Educação,82,São Carlos,interior,1,0,outros,Espaço de Brincar,Costuras e Costurinhas - Oficinas de Costura Afetiva para adultos,com educadoras do Espaço de Brincar,de-ate,sempre,depois,sempre,7,16h,undefined,2023-10-06 00:00:00,2023-09-22 00:00:00,2023-11-24 00:00:00,,,0,tarde
89000001248305,40,2,cursos e oficinas,8,Educação,89,CPF,capital,0,0,outros,,"Cia Pé no Mundo - Corpo Negro, diásporas - 11 anos de trajetória.","Com Claudia Nwabasili, Roges Doglas e Mariana Queen Nwabasili.",primeira,thisM,depois,sex,4,14h30,undefined,2023-10-06 00:00:00,2023-10-06 00:00:00,2023-10-27 00:00:00,,,0,tarde
56000005146986,60,2,cursos e oficinas,9,Meio Ambiente,56,Itaquera,capital,0,0,crianças,,Parque de Bambú: Instalação Brincante,Grupo Equipe Parque de Bambu,uma,thisM,depois,sex,4,09h,undefined,2023-10-06 00:00:00,2023-10-01 00:00:00,2023-10-29 00:00:00,,,0,manhã
71000004372142,20,2,cursos e oficinas,9,Meio Ambiente,71,Bertioga,interior,0,0,outros,,Aulas práticas do Curso de jardinagem Senac,,uma,thisM,depois,sex,4,08h,undefined,2023-10-06 00:00:00,2023-09-29 00:00:00,2023-10-26 00:00:00,,,0,manhã
83000004127386,100,2,cursos e oficinas,9,Meio Ambiente,83,Piracicaba,interior,0,0,outros,,Terra e Chão,,uma,thisM,depois,sex,4,13h30,undefined,2023-10-06 00:00:00,2023-10-01 00:00:00,2023-10-31 00:00:00,,,0,tarde
93000005924981,15,2,cursos e oficinas,9,Meio Ambiente,93,Jundiaí,interior,1,0,outros,,Plantio terapia,Com Biomundo,uma,thisM,depois,sex,4,10h30,undefined,2023-10-06 00:00:00,2023-10-05 00:00:00,2023-10-06 00:00:00,,,0,manhã
78000006680329,30,3,debates e paletras,6,Artes Visuais,78,Santos,interior,0,0,outros,,Bate- Papo: Vivendo o cosplay,"Com Camila Micchi, Gabriel Destro, Sabrina Nascimento, e mediação de Daniela Nascimento",uma,thisM,depois,sex,4,17h,undefined,2023-10-06 00:00:00,2023-10-06 00:00:00,2023-10-06 00:00:00,,,0,tarde
65000003544060,20,3,debates e paletras,7,Literatura,65,Av. Paulista,capital,1,0,crianças,Tocando o Terror,Meu Querido Monstro,Cia. Circo de Trapo,uma,thisM,depois,sex,4,14h,undefined,2023-10-06 00:00:00,2023-10-06 00:00:00,2023-10-27 00:00:00,,,0,tarde
79000003216576,40,3,debates e paletras,8,Educação,79,Catanduva,interior,1,0,idosos,,Violência psicológica contra Pessoa Idosa e a Comunicação Não Violenta,Com a Psicóloga Cristiane Ligeiro,uma,thisM,depois,sex,4,15h,undefined,2023-10-06 00:00:00,2023-10-06 00:00:00,2023-10-06 00:00:00,,,0,tarde
81000004259545,25,3,debates e paletras,8,Educação,81,Taubaté,interior,0,0,outros,,"Escutas de dentro, trocas e acolhimento - Espaço aberto para o diálogo","com Ana Luiza do Amaral Morais, Psicóloga e Psicanalista",uma,thisM,depois,sex,4,09h,undefined,2023-10-06 00:00:00,2023-10-06 00:00:00,2023-10-06 00:00:00,,,0,manhã
83000004125081,40,3,debates e paletras,8,Educação,83,Piracicaba,interior,1,0,outros,,A descoberta do insólito,Com Mario Medeiros,uma,thisM,depois,sex,4,19h,undefined,2023-10-06 00:00:00,2023-10-06 00:00:00,2023-10-08 00:00:00,,,0,noite
83000003875033,150,3,debates e paletras,8,Educação,83,Piracicaba,interior,1,0,outros,,Garantia de Direitos Humanos e Diversidade,O SUAS e a importância das políticas públicas para a comunidade LGBTQIAP+,uma,thisM,depois,sex,4,08h30,undefined,2023-10-06 00:00:00,2023-10-06 00:00:00,2023-10-06 00:00:00,,,0,manhã
83000003919493,50,3,debates e paletras,8,Educação,83,Piracicaba,interior,1,0,outros,,Políticas Públicas para Direitos Humanos e Refúgio,"Bate papo com fotógrafo, refugiado e secretarias públicas municipais",uma,thisM,depois,sex,4,19h30,undefined,2023-10-06 00:00:00,2023-10-06 00:00:00,2023-10-06 00:00:00,,,0,noite
84000005587980,1500,3,debates e paletras,8,Educação,84,Rio Preto,interior,0,0,outros,,A importância Da Corporeidade No Espaço Escolar,Com Prof. Rose Maria de Souza,uma,thisM,depois,sex,4,19h,undefined,2023-10-06 00:00:00,2023-10-06 00:00:00,2023-10-06 00:00:00,,,0,noite
87000003011701,100,3,debates e paletras,8,Educação,87,Prudente,interior,0,0,outros,,Lei 10.639: Por uma educação de corpo inteiro,"Com Ana Koteban, mestre em Sociologia, pesquisadora em educação antirracista.",uma,thisM,depois,sex,4,13h,undefined,2023-10-06 00:00:00,2023-10-05 00:00:00,2023-10-06 00:00:00,,,0,tarde
89000001282990,60,3,debates e paletras,8,Educação,89,CPF,capital,0,0,outros,Ciclos e Seminários,Mutações - Da Cibernética à Inteligência Artificial,"Com Jean-Pierre Dupuy, professor na Escola Politécnica de Paris e na Universidade de Stanford. Mediação de Dora Kaufman.",uma,thisM,depois,sex,4,19h30,undefined,2023-10-06 00:00:00,2023-10-06 00:00:00,2023-10-06 00:00:00,,,0,noite
92000001523685,20,3,debates e paletras,9,Meio Ambiente,92,Registro,interior,0,0,outros,Mosaico de Saberes,Roda de Conversa: Mosaico de Saberes,,uma,thisM,depois,sex,4,15h,undefined,2023-10-06 00:00:00,2023-10-06 00:00:00,2023-10-06 00:00:00,,,0,tarde
87000003004909,50,4,exposições,9,Meio Ambiente,87,Prudente,interior,0,0,outros,Florestar: Áreas Verdes Educadoras - Ações regulares,Visita ao Bosque,Com agente de educação ambiental do Sesc,de-ate,sempre,depois,sempre,7,09h,undefined,2023-10-06 00:00:00,2023-10-06 00:00:00,2023-10-27 00:00:00,,,0,manhã
82000004912666,269,5,filmes,5,Cinema,82,São Carlos,interior,0,1,outros,,Verão 1993,"Espanha, 2017. Cor. Dir.: Carla Simón. Drama/Biografia. 98 min. 12 anos.",uma,thisM,depois,sex,4,19h30,undefined,2023-10-06 00:00:00,2023-10-06 00:00:00,2023-10-06 00:00:00,,,0,noite
71000004433170,200,6,atividade física,11,Atividade Física,71,Bertioga,interior,0,0,jovens,,Basquete 3x3,,uma,thisM,depois,sex,4,08h,undefined,2023-10-06 00:00:00,2023-10-05 00:00:00,2023-10-06 00:00:00,,,0,manhã
76000004448489,20,6,atividade física,11,Atividade Física,76,Ribeirão Preto,interior,0,0,outros,Inspiração e Movimento,Inspiração e Movimento  Chi Kung,com Antonio Rocha,de-ate,sempre,depois,sempre,7,20h,undefined,2023-10-06 00:00:00,2023-10-06 00:00:00,2023-10-27 00:00:00,,,0,noite
82000004793558,40,6,atividade física,11,Atividade Física,82,São Carlos,interior,0,0,outros,,Senac - Educação Física,,de-ate,sempre,depois,sempre,7,07h40,undefined,2023-10-06 00:00:00,2023-09-22 00:00:00,2023-12-15 00:00:00,,,0,manhã
85000003255287,30,6,atividade física,11,Atividade Física,85,Birigui,interior,0,0,outros,,Mergulho livre,Com Assessoria Viva Mais Por Você,de-ate,sempre,depois,sempre,7,18h30,undefined,2023-10-06 00:00:00,2023-10-06 00:00:00,2023-10-08 00:00:00,,,0,noite
82000005154672,100,6,atividade física,14,Outros,82,São Carlos,interior,0,0,jovens,,JEESP Xadrez e dama,,de-ate,sempre,depois,sempre,7,07h30,undefined,2023-10-06 00:00:00,2023-10-03 00:00:00,2023-10-06 00:00:00,,,0,manhã
78000006802491,40,8,turismo,12,Turismo,78,Santos,interior,0,0,outros,,"Turismo de Resistência na Aldeia Tabaçu Reko Ypy, em Peruíbe.",,uma,thisM,depois,sex,4,07h30,undefined,2023-10-06 00:00:00,2023-10-06 00:00:00,2023-10-06 00:00:00,,,0,manhã
86000004147361,15,8,turismo,12,Turismo,86,Araraquara,interior,0,0,outros,,Tradições Caiçaras - Paraty (RJ),Brasileiro que nem eu,primeira,thisM,depois,sex,4,08h,undefined,2023-10-06 00:00:00,2023-10-04 00:00:00,2023-10-08 00:00:00,,,0,manhã
67000002869585,20,9,'+ lazer,14,Outros,67,São Caetano,capital,0,0,outros,Espaço de Brincar,Dobrar e criar: experimentações lúdicas com papel,com Isaac Arrais e Maria Gabriela,de-ate,sempre,depois,sempre,7,15h,undefined,2023-10-06 00:00:00,2023-10-06 00:00:00,2023-10-27 00:00:00,,,0,tarde
72000000635996,20,9,'+ lazer,14,Outros,72,Mogi Das Cruzes,capital,0,0,crianças,Espaço de Brincar,Brincadeiras de riscar o chão,"Com Caroline de Rienzo e Rui Mauro, educadores do Sesc Mogi das Cruzes",de-ate,sempre,depois,sempre,7,15h30,undefined,2023-10-06 00:00:00,2023-10-06 00:00:00,2023-10-20 00:00:00,,,0,tarde
80000005089733,15,9,'+ lazer,14,Outros,80,Bauru,interior,1,0,outros,,Jogos de Tabuleiro,Com educadores de Tecnologias e Artes do Sesc.,de-ate,sempre,depois,sempre,7,18h,undefined,2023-10-06 00:00:00,2023-10-06 00:00:00,2023-10-27 00:00:00,,,0,noite
93000005911169,20,9,'+ lazer,14,Outros,93,Jundiaí,interior,0,0,outros,,Empréstimos de jogos de tabuleiro,,de-ate,sempre,depois,sempre,7,14h,undefined,2023-10-06 00:00:00,2023-10-06 00:00:00,2023-10-27 00:00:00,,,0,tarde
52000005345189,219,1,shows e espetáculos,1,Música,52,24 De Maio,capital,0,0,outros,73/23: Meio século  de discos históricos,BNegão e Black Mantra,"Interpretam ""Tim Maia"" de Tim Maia",uma,thisM,depois,sáb,5,20h,undefined,2023-10-07 00:00:00,2023-10-07 00:00:00,2023-10-08 00:00:00,,,0,noite
53000006200579,330,1,shows e espetáculos,1,Música,53,Santana,capital,0,0,outros,,Brisa Flow,,uma,thisM,depois,sáb,5,20h,undefined,2023-10-07 00:00:00,2023-10-07 00:00:00,2023-10-08 00:00:00,,,0,noite
55000004702838,150,1,shows e espetáculos,1,Música,55,Interlagos,capital,0,0,outros,,Os Escolhidos - Encerramento do Refúgios Humanos e Migração,Atividade voltada para os professores da DRE Capela do Socorro,uma,thisM,depois,sáb,5,10h,undefined,2023-10-07 00:00:00,2023-10-07 00:00:00,2023-10-07 00:00:00,,,0,manhã
63000013624823,800,1,shows e espetáculos,1,Música,63,Pompeia,capital,0,0,outros,,ÀTTØØXXÁ,Lançamento do álbum Groove Deluxe,uma,thisM,depois,sáb,5,21h30,undefined,2023-10-07 00:00:00,2023-10-06 00:00:00,2023-10-07 00:00:00,,,0,noite
63000013281199,350,1,shows e espetáculos,1,Música,63,Pompeia,capital,0,0,outros,,Hyldon,,uma,thisM,depois,sáb,5,21h,undefined,2023-10-07 00:00:00,2023-10-07 00:00:00,2023-10-08 00:00:00,,,0,noite
65000003485640,250,1,shows e espetáculos,1,Música,65,Av. Paulista,capital,0,0,outros,,Leo Jaime,"Show ""Dance Comigo""",uma,thisM,depois,sáb,5,20h,undefined,2023-10-07 00:00:00,2023-10-05 00:00:00,2023-10-07 00:00:00,,,0,noite
66000017340615,1800,1,shows e espetáculos,1,Música,66,Vila Mariana,capital,0,0,outros,,Mateus Aleluia,,uma,thisM,depois,sáb,5,21h,undefined,2023-10-07 00:00:00,2023-10-06 00:00:00,2023-10-08 00:00:00,,,0,noite
68000008847382,650,1,shows e espetáculos,1,Música,68,Belenzinho,capital,0,0,outros,,Daparte,,uma,thisM,depois,sáb,5,20h30,undefined,2023-10-07 00:00:00,2023-10-07 00:00:00,2023-10-07 00:00:00,,,0,noite
68000008847431,394,1,shows e espetáculos,1,Música,68,Belenzinho,capital,0,0,outros,,Elba Ramalho,,uma,thisM,depois,sáb,5,21h,undefined,2023-10-07 00:00:00,2023-10-06 00:00:00,2023-10-08 00:00:00,,,0,noite
70000005711655,270,1,shows e espetáculos,1,Música,70,Santo Amaro,capital,0,0,outros,,Denise Assunção,com Show Relembrança,uma,thisM,depois,sáb,5,20h,undefined,2023-10-07 00:00:00,2023-10-07 00:00:00,2023-10-07 00:00:00,,,0,noite
71000004465505,40,1,shows e espetáculos,1,Música,71,Bertioga,interior,0,0,outros,Música na Capela,As Conversas da Conversa de Cordas,,uma,thisM,depois,sáb,5,16h30,undefined,2023-10-07 00:00:00,2023-10-07 00:00:00,2023-10-28 00:00:00,,,0,tarde
73000004978020,350,1,shows e espetáculos,1,Música,73,Guarulhos,capital,0,0,outros,,Paulinho Boca canta Novos Baianos,50 Anos de Acabou Chorare,uma,thisM,depois,sáb,5,20h,undefined,2023-10-07 00:00:00,2023-10-07 00:00:00,2023-10-07 00:00:00,,,0,noite
75000008009363,200,1,shows e espetáculos,1,Música,75,Campinas,interior,0,0,outros,Passa na Praça,CantaVento,Brincantorias,uma,thisM,depois,sáb,5,15h,undefined,2023-10-07 00:00:00,2023-10-07 00:00:00,2023-10-07 00:00:00,,,0,tarde
75000008097360,40,1,shows e espetáculos,1,Música,75,Campinas,interior,1,0,outros,Passa na Praça,Apresentação dos Violeiros do TSI,Com prof. Afonso Villasanti.,uma,thisM,depois,sáb,5,11h,undefined,2023-10-07 00:00:00,2023-10-07 00:00:00,2023-10-07 00:00:00,,,0,manhã
77000296979298,126,1,shows e espetáculos,1,Música,77,S. J. Campos,interior,0,1,outros,,Quarteto de Cordas do Instituto Bacarelli,,uma,thisM,depois,sáb,5,20h,undefined,2023-10-07 00:00:00,2023-10-07 00:00:00,2023-10-07 00:00:00,,,0,noite
79000003160884,100,1,shows e espetáculos,1,Música,79,Catanduva,interior,1,0,outros,Samba de Primeira,Mania de Samba,Da Vila e da Viola,uma,thisM,depois,sáb,5,17h,undefined,2023-10-07 00:00:00,2023-10-07 00:00:00,2023-10-07 00:00:00,,,0,tarde
80000005237702,50,1,shows e espetáculos,1,Música,80,Bauru,interior,0,0,outros,,Comunidade no Círculo,Com Ilumina Sampa.,uma,thisM,depois,sáb,5,16h30,undefined,2023-10-07 00:00:00,2023-10-07 00:00:00,2023-10-07 00:00:00,,,0,tarde
81000004214585,150,1,shows e espetáculos,1,Música,81,Taubaté,interior,0,0,outros,,Cortejo Menino Rio,Com Grupo Chuvarada,uma,thisM,depois,sáb,5,16h30,undefined,2023-10-07 00:00:00,2023-10-07 00:00:00,2023-10-07 00:00:00,,,0,tarde
81000004301564,150,1,shows e espetáculos,1,Música,81,Taubaté,interior,1,0,outros,Lab Valoriza,Seletiva Regional  do Circuito Paulista de Batalha de MCs (CPBMC),Com Circuito Paulista de Batalha de MCs (CPBMC). Participação especial : Nego Max,uma,thisM,depois,sáb,5,19h,undefined,2023-10-07 00:00:00,2023-10-07 00:00:00,2023-10-07 00:00:00,,,0,noite
85000003261696,90,1,shows e espetáculos,1,Música,85,Birigui,interior,1,0,outros,,Tributo a Rita Lee e Os Mutantes,com Banda 7 Glórias,uma,thisM,depois,sáb,5,16h,undefined,2023-10-07 00:00:00,2023-10-07 00:00:00,2023-10-07 00:00:00,,,0,tarde
87000002994020,150,1,shows e espetáculos,1,Música,87,Prudente,interior,1,0,outros,,Bruno Sanches,"Show ""Minha Voz""",uma,thisM,depois,sáb,5,16h,undefined,2023-10-07 00:00:00,2023-10-07 00:00:00,2023-10-07 00:00:00,,,0,tarde
91000002154160,200,1,shows e espetáculos,1,Música,91,Campo Limpo,capital,1,0,outros,"Zona Sul, Zona Show",Encontro de Poetas - Sarau dos Saraus,"com Apoema, Praçarau, Da ponte pra cá",uma,thisM,depois,sáb,5,15h,undefined,2023-10-07 00:00:00,2023-10-07 00:00:00,2023-10-07 00:00:00,,,0,tarde
92000001538801,1000,1,shows e espetáculos,1,Música,92,Registro,interior,1,0,outros,,Banda Cataia convida Enok Virgulino,15ª Festa Nordestina de Registro,uma,thisM,depois,sáb,5,20h,undefined,2023-10-07 00:00:00,2023-10-07 00:00:00,2023-10-07 00:00:00,,,0,noite
93000005855787,220,1,shows e espetáculos,1,Música,93,Jundiaí,interior,0,0,outros,,Del Rey,Show de lançamento O Disco,uma,thisM,depois,sáb,5,19h,undefined,2023-10-07 00:00:00,2023-10-07 00:00:00,2023-10-07 00:00:00,,,0,noite
94000006236637,291,1,shows e espetáculos,1,Música,94,Bom Retiro,capital,0,0,outros,,Rappin Hood F.C.,Show Sujeito Homem Ao Vivo,uma,thisM,depois,sáb,5,20h,undefined,2023-10-07 00:00:00,2023-10-07 00:00:00,2023-10-07 00:00:00,,,0,noite
94000006236749,500,1,shows e espetáculos,1,Música,94,Bom Retiro,capital,1,0,outros,,Bivolt,"Show de lançamento do álbum ""Chave""",uma,thisM,depois,sáb,5,17h,undefined,2023-10-07 00:00:00,2023-10-07 00:00:00,2023-10-07 00:00:00,,,0,tarde
52000005479525,100,1,shows e espetáculos,2,Teatro,52,24 De Maio,capital,0,0,outros,,O Senhor dos Sonhos,Com Cia Truks,uma,thisM,depois,sáb,5,16h,undefined,2023-10-07 00:00:00,2023-10-07 00:00:00,2023-10-08 00:00:00,,,0,tarde
57000007274848,200,1,shows e espetáculos,2,Teatro,57,Ipiranga,capital,0,0,outros,,Selvagem,De Mike Bartlett,uma,thisM,depois,sáb,5,20h,undefined,2023-10-07 00:00:00,2023-09-23 00:00:00,2023-10-22 00:00:00,1,Tradução em Libras,0,noite
57000006564450,30,1,shows e espetáculos,2,Teatro,57,Ipiranga,capital,0,0,outros,Teatro Mínimo,Okama,Direção Miwa Yanagizawa,uma,thisM,depois,sáb,5,18h30,undefined,2023-10-07 00:00:00,2023-09-22 00:00:00,2023-10-08 00:00:00,,,0,noite
58000006689435,100,1,shows e espetáculos,2,Teatro,58,Pinheiros,capital,0,0,outros,,Caminhos de Violeta,Com Daiane Baumgartner,uma,thisM,depois,sáb,5,17h,undefined,2023-10-07 00:00:00,2023-10-07 00:00:00,2023-10-08 00:00:00,,,0,tarde
58000006707553,98,1,shows e espetáculos,2,Teatro,58,Pinheiros,capital,0,0,outros,,"E VOCÊS, QUEM SÃO?",Samuel de Assis,uma,thisM,depois,sáb,5,18h,undefined,2023-10-07 00:00:00,2023-09-21 00:00:00,2023-10-28 00:00:00,,,0,noite
58000006707553,98,1,shows e espetáculos,2,Teatro,58,Pinheiros,capital,0,0,outros,,"E VOCÊS, QUEM SÃO?",Samuel de Assis,uma,thisM,depois,sáb,5,20h,undefined,2023-10-07 00:00:00,2023-09-21 00:00:00,2023-10-28 00:00:00,,,0,noite
62000007895240,280,1,shows e espetáculos,2,Teatro,62,Consolação,capital,0,0,outros,,A hora do lobo - um debate com o filme Dogville de Lars von Trier,de Christiane Jatahy,uma,thisM,depois,sáb,5,20h,undefined,2023-10-07 00:00:00,2023-09-22 00:00:00,2023-10-15 00:00:00,,,0,noite
62000008079594,280,1,shows e espetáculos,2,Teatro,62,Consolação,capital,0,0,outros,,Expansão - Montagem e desmontagem de cenas de A Hora do Lobo,,uma,thisM,depois,sáb,5,14h30,undefined,2023-10-07 00:00:00,2023-10-07 00:00:00,2023-10-07 00:00:00,,,0,tarde
65000003505504,80,1,shows e espetáculos,2,Teatro,65,Av. Paulista,capital,0,0,outros,,Guará Vermelha,Com Cia do Tijolo,uma,thisM,depois,sáb,5,19h30,undefined,2023-10-07 00:00:00,2023-09-29 00:00:00,2023-10-29 00:00:00,1,Audiodescrição  Tradução em Libras,0,noite
66000016904826,122,1,shows e espetáculos,2,Teatro,66,Vila Mariana,capital,0,0,outros,,Inútil canto e inútil pranto pelos anjos caídos,Com Ícaro Rodrigues. Dir.: Roberta Estrela D'Alva,uma,thisM,depois,sáb,5,18h30,undefined,2023-10-07 00:00:00,2023-09-22 00:00:00,2023-10-07 00:00:00,1,Audiodescrição  Tradução em Libras,0,noite
67000002851503,90,1,shows e espetáculos,2,Teatro,67,São Caetano,capital,0,0,outros,Espetáculos para Diferentes Gerações,"Chiquinha Gonzaga, a menina faceira",Com Cia. das Cores,uma,thisM,depois,sáb,5,16h30,undefined,2023-10-07 00:00:00,2023-10-07 00:00:00,2023-10-07 00:00:00,,,0,tarde
68000008969431,120,1,shows e espetáculos,2,Teatro,68,Belenzinho,capital,0,0,outros,,G.A.L.A.,"direção de Gerald Thomas, com Fernanda Gugli",uma,thisM,depois,sáb,5,21h30,undefined,2023-10-07 00:00:00,2023-09-22 00:00:00,2023-10-08 00:00:00,,,0,noite
70000005591388,200,1,shows e espetáculos,2,Teatro,70,Santo Amaro,capital,1,0,outros,,Ilu Okan - O que a minha vó contou,Com grupo Trança de Teatro,uma,thisM,depois,sáb,5,17h,undefined,2023-10-07 00:00:00,2023-10-07 00:00:00,2023-10-07 00:00:00,,,0,tarde
78000006904228,30,1,shows e espetáculos,2,Teatro,78,Santos,interior,1,0,outros,,Vila Parisi,com Coletivo 302,uma,thisM,depois,sáb,5,20h,undefined,2023-10-07 00:00:00,2023-09-30 00:00:00,2023-10-22 00:00:00,,,0,noite
82000004764728,269,1,shows e espetáculos,2,Teatro,82,São Carlos,interior,0,1,outros,,Elagalinha,Com Cia Bendita,uma,thisM,depois,sáb,5,16h,undefined,2023-10-07 00:00:00,2023-10-06 00:00:00,2023-10-07 00:00:00,,,0,tarde
83000004090552,150,1,shows e espetáculos,2,Teatro,83,Piracicaba,interior,0,1,crianças,Cena Criança,Quando eu morrer vou contar tudo a Deus,Coletivo O Bonde,uma,thisM,depois,sáb,5,16h,undefined,2023-10-07 00:00:00,2023-10-07 00:00:00,2023-10-07 00:00:00,,,0,tarde
83000003943874,150,1,shows e espetáculos,2,Teatro,83,Piracicaba,interior,0,1,outros,Em.Cena.Ação,"CÁRCERE ou Porque as Mulheres Viram Búfalos,",Companhia de Teatro Heliópolis,uma,thisM,depois,sáb,5,19h30,undefined,2023-10-07 00:00:00,2023-10-07 00:00:00,2023-10-07 00:00:00,,,0,noite
86000004133350,234,1,shows e espetáculos,2,Teatro,86,Araraquara,interior,0,0,outros,,O Avesso da Pele,com Coletivo Ocutá e Direção de Beatriz Barros,uma,thisM,depois,sáb,5,20h,undefined,2023-10-07 00:00:00,2023-10-07 00:00:00,2023-10-07 00:00:00,,,0,noite
88000005255880,302,1,shows e espetáculos,2,Teatro,88,Santo André,capital,0,0,outros,,Memórias da Rabeca,com Cia Mundu Rodá,uma,thisM,depois,sáb,5,19h,undefined,2023-10-07 00:00:00,2023-10-07 00:00:00,2023-10-07 00:00:00,1,Tradução em Libras,0,noite
53000006109473,200,1,shows e espetáculos,3,Circo,53,Santana,capital,0,0,outros,,Planeta Zulpeta,Julieta Zarza,uma,thisM,depois,sáb,5,14h,undefined,2023-10-07 00:00:00,2023-10-07 00:00:00,2023-10-08 00:00:00,,,0,tarde
65000003608153,100,1,shows e espetáculos,3,Circo,65,Av. Paulista,capital,1,0,outros,,Fora de órbita,Com Anderson Machado,uma,thisM,depois,sáb,5,15h,undefined,2023-10-07 00:00:00,2023-10-07 00:00:00,2023-10-07 00:00:00,,,0,tarde
66000017526668,150,1,shows e espetáculos,3,Circo,66,Vila Mariana,capital,0,0,outros,,Molavin,com Tato Villanueva (ARG),uma,thisM,depois,sáb,5,15h,undefined,2023-10-07 00:00:00,2023-10-07 00:00:00,2023-10-07 00:00:00,,,0,tarde
72000000630936,200,1,shows e espetáculos,3,Circo,72,Mogi Das Cruzes,capital,1,0,outros,,Estupendo Circo di SóLadies,Circo di SóLadies,uma,thisM,depois,sáb,5,16h,undefined,2023-10-07 00:00:00,2023-10-07 00:00:00,2023-10-07 00:00:00,,,0,tarde
75000008217085,150,1,shows e espetáculos,3,Circo,75,Campinas,interior,0,0,crianças,Relacionamento com Empresas,Circulando - Ação nas Empresas,AME (Ambulatório Médico de Especialidades) - Fundação de Desenvolvimento da Unicamp - Funcamp,uma,thisM,depois,sáb,5,09h30,undefined,2023-10-07 00:00:00,2023-10-07 00:00:00,2023-10-07 00:00:00,,,0,manhã
75000007946471,200,1,shows e espetáculos,3,Circo,75,Campinas,interior,0,0,outros,Passa na Praça,Mimicalado Show,Cia Mimicalado,uma,thisM,depois,sáb,5,16h30,undefined,2023-10-07 00:00:00,2023-10-07 00:00:00,2023-10-07 00:00:00,,,0,tarde
95000002765268,400,1,shows e espetáculos,3,Circo,95,Osasco,capital,0,1,outros,Circo Nosso de Todo Dia,Vera que vê o Mundo,Com a Cia Linhas Aéreas,uma,thisM,depois,sáb,5,16h,undefined,2023-10-07 00:00:00,2023-10-07 00:00:00,2023-10-07 00:00:00,,,0,tarde
96000318699795,275,1,shows e espetáculos,3,Circo,96,Sorocaba,interior,0,0,outros,,Moby Dick e os caçadores de baleias,Com a Cia. de 2 _ Dur.: 50min,uma,thisM,depois,sáb,5,20h,undefined,2023-10-07 00:00:00,2023-10-07 00:00:00,2023-10-07 00:00:00,,,0,noite
96000318685111,150,1,shows e espetáculos,3,Circo,96,Sorocaba,interior,0,0,outros,Artes para crianças,Aplausos e vaias,Com o palhaço Mendonça. Dur.: 50 min.,uma,thisM,depois,sáb,5,16h,undefined,2023-10-07 00:00:00,2023-10-07 00:00:00,2023-10-07 00:00:00,,,0,tarde
56000005105690,100,1,shows e espetáculos,4,Dança,56,Itaquera,capital,0,0,outros,,Nas Águas do Imaginar,com Cia. de Dança de Diadema,uma,thisM,depois,sáb,5,14h,undefined,2023-10-07 00:00:00,2023-10-07 00:00:00,2023-10-07 00:00:00,,,0,tarde
58000006234484,900,1,shows e espetáculos,4,Dança,58,Pinheiros,capital,0,0,outros,,estreia PETRUSHKA  (Goyo Montero) - abertura UMBÓ (Leilane Teles),Com São Paulo Companhia de Dança,uma,thisM,depois,sáb,5,21h,undefined,2023-10-07 00:00:00,2023-10-06 00:00:00,2023-10-08 00:00:00,,,0,noite
63000013328819,50,1,shows e espetáculos,4,Dança,63,Pompeia,capital,0,0,outros,Espaço de Brincar,Revoada,com Coletivo Corpo Aberto,uma,thisM,depois,sáb,5,11h,undefined,2023-10-07 00:00:00,2023-10-07 00:00:00,2023-10-07 00:00:00,,,0,manhã
65000003560959,60,1,shows e espetáculos,4,Dança,65,Av. Paulista,capital,1,0,crianças,Tocando o Terror,Assombrinho,Com: Núcleo Quanta,uma,thisM,depois,sáb,5,11h,undefined,2023-10-07 00:00:00,2023-10-07 00:00:00,2023-10-29 00:00:00,,,0,manhã
65000003560959,60,1,shows e espetáculos,4,Dança,65,Av. Paulista,capital,1,0,crianças,Tocando o Terror,Assombrinho,Com: Núcleo Quanta,uma,thisM,depois,sáb,5,15h,undefined,2023-10-07 00:00:00,2023-10-07 00:00:00,2023-10-29 00:00:00,,,0,tarde
78000006543876,775,1,shows e espetáculos,4,Dança,78,Santos,interior,0,0,outros,,Fôlego e Sixty Eight in Axys Atlas,Balé da Cidade de São Paulo,uma,thisM,depois,sáb,5,20h,undefined,2023-10-07 00:00:00,2023-10-07 00:00:00,2023-10-07 00:00:00,,,0,noite
88000005206938,200,1,shows e espetáculos,4,Dança,88,Santo André,capital,0,0,outros,,"Ninhos, performance para grandes pequenos",Com Cia Balangandança,uma,thisM,depois,sáb,5,16h,undefined,2023-10-07 00:00:00,2023-10-07 00:00:00,2023-10-14 00:00:00,,,0,tarde
56000005071353,60,1,shows e espetáculos,6,Artes Visuais,56,Itaquera,capital,1,0,crianças,,[Ateliê dos Pequenos Artistas] FLOU! Performance Interativa Para Crianças,Com Artefactos Bascos,uma,thisM,depois,sáb,5,15h,undefined,2023-10-07 00:00:00,2023-10-01 00:00:00,2023-10-07 00:00:00,,,0,tarde
55000004684311,50,1,shows e espetáculos,7,Literatura,55,Interlagos,capital,1,0,outros,,Realejo de Histórias,Contação de Histórias Com Músicas e Brincadeiras Com o Coletivo Cia Passarinho,uma,thisM,depois,sáb,5,14h,undefined,2023-10-07 00:00:00,2023-10-07 00:00:00,2023-10-28 00:00:00,,,0,tarde
62000007942549,80,1,shows e espetáculos,7,Literatura,62,Consolação,capital,1,0,outros,Brincantes,Entre na roda,Com grupo Girasonhos,uma,thisM,depois,sáb,5,14h,undefined,2023-10-07 00:00:00,2023-10-07 00:00:00,2023-10-07 00:00:00,,,0,tarde
70000005667017,250,1,shows e espetáculos,7,Literatura,70,Santo Amaro,capital,1,0,outros,,Monstros e Lobos...,Com o Grupo As Meninas do Conto,uma,thisM,depois,sáb,5,14h,undefined,2023-10-07 00:00:00,2023-10-07 00:00:00,2023-10-07 00:00:00,1,Tradução em Libras,0,tarde
73000004791555,300,1,shows e espetáculos,7,Literatura,73,Guarulhos,capital,1,0,crianças,,Sarauzim,com Casa Poética,uma,thisM,depois,sáb,5,16h,undefined,2023-10-07 00:00:00,2023-10-07 00:00:00,2023-10-22 00:00:00,,,0,tarde
75000008050815,100,1,shows e espetáculos,7,Literatura,75,Campinas,interior,0,0,outros,,Novo [Na estante],com Rita Carelli,uma,thisM,depois,sáb,5,09h,undefined,2023-10-07 00:00:00,2023-09-21 00:00:00,2023-10-31 00:00:00,,,0,manhã
75000007953323,15,1,shows e espetáculos,7,Literatura,75,Campinas,interior,1,0,outros,,[NA ESTANTE] Rita Carelli,com Rita Carelli,uma,thisM,depois,sáb,5,09h,undefined,2023-10-07 00:00:00,2023-09-21 00:00:00,2023-10-31 00:00:00,,,0,manhã
77000311417273,60,1,shows e espetáculos,7,Literatura,77,S. J. Campos,interior,1,0,crianças,HistoriElas,Empatia com Eva Furnari,Grupo Cafezinho,uma,thisM,depois,sáb,5,15h,undefined,2023-10-07 00:00:00,2023-09-23 00:00:00,2023-10-07 00:00:00,,,0,tarde
78000006523365,150,1,shows e espetáculos,7,Literatura,78,Santos,interior,1,0,outros,,Histórias de Mar,Trupe Borboletras,uma,thisM,depois,sáb,5,17h,undefined,2023-10-07 00:00:00,2023-10-07 00:00:00,2023-10-07 00:00:00,,,0,tarde
91000002209934,600,1,shows e espetáculos,7,Literatura,91,Campo Limpo,capital,0,0,outros,,Feira Literária e artesanato - Cultcom,Festival Cultcom,uma,thisM,depois,sáb,5,12h,undefined,2023-10-07 00:00:00,2023-10-07 00:00:00,2023-10-08 00:00:00,,,0,tarde
91000002216242,50,1,shows e espetáculos,7,Literatura,91,Campo Limpo,capital,0,0,outros,,Histórias que a Sorte Traz,Com Cia Conto em Cantos,uma,thisM,depois,sáb,5,14h,undefined,2023-10-07 00:00:00,2023-10-07 00:00:00,2023-10-07 00:00:00,,,0,tarde
94000006229792,60,1,shows e espetáculos,7,Literatura,94,Bom Retiro,capital,1,0,outros,Karingana - Presenças negras no livro para as infâncias,Histórias de Ananse,"com Danuza Novaes, Lívia Gomes e Jhennypher Santine",uma,thisM,depois,sáb,5,14h30,undefined,2023-10-07 00:00:00,2023-10-07 00:00:00,2023-10-21 00:00:00,,,0,tarde
58000006640906,20,1,shows e espetáculos,8,Educação,58,Pinheiros,capital,0,0,crianças,Espaço de Brincar,Histórias para Navegar,Com Andrea Lopes e Renata Roman,uma,thisM,depois,sáb,5,14h,undefined,2023-10-07 00:00:00,2023-10-07 00:00:00,2023-10-28 00:00:00,,,0,tarde
55000004689326,15,2,cursos e oficinas,1,Música,55,Interlagos,capital,0,0,outros,,Vivência e Construção de Construção de Reco-Reco,"com Coletivo MACAMBA N,GOMA",uma,thisM,depois,sáb,5,10h,undefined,2023-10-07 00:00:00,2023-10-07 00:00:00,2023-10-07 00:00:00,,,0,manhã
55000004698672,15,2,cursos e oficinas,1,Música,55,Interlagos,capital,0,0,outros,,Vivência e Construção de Construção de Xequerê,"com Coletivo MACAMBA N,GOMA",uma,thisM,depois,sáb,5,14h,undefined,2023-10-07 00:00:00,2023-10-07 00:00:00,2023-10-07 00:00:00,,,0,tarde
58000006585308,40,2,cursos e oficinas,1,Música,58,Pinheiros,capital,0,0,outros,,História Crítica da Música Brasileira,,primeira,thisM,depois,sáb,5,17h,undefined,2023-10-07 00:00:00,2023-10-07 00:00:00,2023-11-11 00:00:00,,,0,tarde
87000003004716,15,2,cursos e oficinas,1,Música,87,Prudente,interior,0,0,outros,,Audio profissional e produção em estúdio,"Com Maurício Cajueiro, engenheiro de som e produtor musical",primeira,thisM,depois,sáb,5,10h,undefined,2023-10-07 00:00:00,2023-10-07 00:00:00,2023-10-08 00:00:00,,,0,manhã
67000002850411,20,2,cursos e oficinas,10,Saúde,67,São Caetano,capital,1,0,outros,"Experimenta! Comida, saúde e cultura",Receitas da horta,Com Coletivo Dente de Leão,uma,thisM,depois,sáb,5,11h,undefined,2023-10-07 00:00:00,2023-10-07 00:00:00,2023-10-21 00:00:00,,,0,manhã
71000004333962,24,2,cursos e oficinas,10,Saúde,71,Bertioga,interior,1,0,outros,,Auriculoterapia,,uma,thisM,depois,sáb,5,16h,undefined,2023-10-07 00:00:00,2023-09-23 00:00:00,2023-10-28 00:00:00,,,0,tarde
73000004918918,60,2,cursos e oficinas,10,Saúde,73,Guarulhos,capital,0,0,outros,,UbuntuYoga,com Tati Cassiano,uma,thisM,depois,sáb,5,10h,undefined,2023-10-07 00:00:00,2023-10-07 00:00:00,2023-10-21 00:00:00,,,0,manhã
76000004498907,20,2,cursos e oficinas,10,Saúde,76,Ribeirão Preto,interior,0,0,outros,Auto Cuidado,Oficina de escalda-pés,Mari Capitanini e Fer Marchioretto,uma,thisM,depois,sáb,5,10h30,undefined,2023-10-07 00:00:00,2023-10-07 00:00:00,2023-10-07 00:00:00,,,0,manhã
93000005902262,22,2,cursos e oficinas,10,Saúde,93,Jundiaí,interior,0,0,outros,,Vivências Herbais - Óleo Corporal,,uma,thisM,depois,sáb,5,15h,undefined,2023-10-07 00:00:00,2023-10-07 00:00:00,2023-10-08 00:00:00,,,0,tarde
67000002784248,48,2,cursos e oficinas,11,Atividade Física,67,São Caetano,capital,0,0,outros,,Copa Sesc: Oficina e Festival de Beach Tennis e Futevôlei,no Parque Bosque do Povo,uma,thisM,depois,sáb,5,08h,undefined,2023-10-07 00:00:00,2023-10-07 00:00:00,2023-10-07 00:00:00,,,0,manhã
75000007922382,60,2,cursos e oficinas,11,Atividade Física,75,Campinas,interior,0,0,outros,,Workshop de Ginástica aplicada a GPT: Ginástica Historiada,,de-ate,sempre,depois,sempre,7,14h,undefined,2023-10-07 00:00:00,2023-10-07 00:00:00,2023-11-11 00:00:00,,,0,tarde
80000005220910,25,2,cursos e oficinas,14,Outros,80,Bauru,interior,0,0,outros,Comunidades Ativas 2023,Comunidades Ativas,Com Sebrae Senac e RASC.,primeira,thisM,depois,sáb,5,10h,undefined,2023-10-07 00:00:00,2023-10-07 00:00:00,2023-11-01 00:00:00,,,0,manhã
77000314233255,40,2,cursos e oficinas,3,Circo,77,S. J. Campos,interior,0,0,outros,,Girando como Saturno - Bambolês,Com Larissa Harmônica,de-ate,sempre,depois,sempre,7,16h,undefined,2023-10-07 00:00:00,2023-10-07 00:00:00,2023-10-28 00:00:00,,,0,tarde
55000004684511,20,2,cursos e oficinas,4,Dança,55,Interlagos,capital,1,0,crianças,,Mortos Vivos e Horripilantes,Com Ateliê de Dança Melina Sanchez,de-ate,sempre,depois,sempre,7,10h30,undefined,2023-10-07 00:00:00,2023-10-07 00:00:00,2023-10-21 00:00:00,,,0,manhã
56000005118425,60,2,cursos e oficinas,4,Dança,56,Itaquera,capital,0,0,outros,,Bailando em Família,com Cia. de Danças de Diadema,uma,thisM,depois,sáb,5,11h,undefined,2023-10-07 00:00:00,2023-10-07 00:00:00,2023-10-07 00:00:00,,,0,manhã
83000004056136,50,2,cursos e oficinas,4,Dança,83,Piracicaba,interior,1,0,outros,,Espaço K-pop,Curiosidades do mundo K-pop com o grupo YongHang,de-ate,sempre,depois,sempre,7,14h,undefined,2023-10-07 00:00:00,2023-10-07 00:00:00,2023-10-07 00:00:00,,,0,tarde
83000004034030,35,2,cursos e oficinas,4,Dança,83,Piracicaba,interior,1,0,outros,,K-dance,Músicas e movimentos do K-pop com o grupo YongHang,uma,thisM,depois,sáb,5,15h,undefined,2023-10-07 00:00:00,2023-10-07 00:00:00,2023-10-07 00:00:00,,,0,tarde
83000003842821,40,2,cursos e oficinas,4,Dança,83,Piracicaba,interior,1,0,outros,,"Vem, pode dançar! Oficina Corpo Oráculo",Com Natália Alleoni,de-ate,sempre,depois,sempre,7,10h,undefined,2023-10-07 00:00:00,2023-10-07 00:00:00,2023-10-28 00:00:00,,,0,manhã
87000003038216,20,2,cursos e oficinas,4,Dança,87,Prudente,interior,1,0,outros,,Do Ventre - Dançando com Bebês,Com Ballet Koteban,uma,thisM,depois,sáb,5,10h,undefined,2023-10-07 00:00:00,2023-10-07 00:00:00,2023-10-07 00:00:00,,,0,manhã
80000004857546,12,2,cursos e oficinas,5,Cinema,80,Bauru,interior,0,0,outros,,Produzindo um documentário curta-metragem - Módulo 4: Pós-produção,"Com André Turtelli Poles, Liene Saddi e Rene Lopez",primeira,thisM,depois,sáb,5,14h,undefined,2023-10-07 00:00:00,2023-10-07 00:00:00,2023-11-25 00:00:00,,,0,tarde
52000005617749,10,2,cursos e oficinas,6,Artes Visuais,52,24 De Maio,capital,1,0,outros,Ateliê de Impressões e Expressões,Encadernação Copta,com Sylvia Sato,uma,thisM,depois,sáb,5,10h,undefined,2023-10-07 00:00:00,2023-10-07 00:00:00,2023-10-22 00:00:00,,,0,manhã
52000005404263,10,2,cursos e oficinas,6,Artes Visuais,52,24 De Maio,capital,1,0,outros,Ateliê de Impressões e Expressões,Prensa livre: ateliê de criação e impressão de gravuras,com artistas e educadores de Tecnologias e Artes,de-ate,sempre,depois,sempre,7,11h,undefined,2023-10-07 00:00:00,2023-10-07 00:00:00,2023-12-02 00:00:00,,,0,manhã
56000005072313,20,2,cursos e oficinas,6,Artes Visuais,56,Itaquera,capital,1,0,crianças,,[Ateliê dos Pequenos Artistas] Oficina: Gotas de Flor,com Leonardo Sassaki,de-ate,sempre,depois,sempre,7,13h,undefined,2023-10-07 00:00:00,2023-10-07 00:00:00,2023-10-12 00:00:00,1,Tradução em Libras,0,tarde
57000007510465,10,2,cursos e oficinas,6,Artes Visuais,57,Ipiranga,capital,1,0,crianças,,Monstros por um Dia,Com Sara Cunha,de-ate,sempre,depois,sempre,7,15h,undefined,2023-10-07 00:00:00,2023-10-07 00:00:00,2023-10-29 00:00:00,,,0,tarde
58000006872684,30,2,cursos e oficinas,6,Artes Visuais,58,Pinheiros,capital,0,0,outros,,Crie sua mandala,"com Priscila Quedas, educadora de Tecnologias e Artes",uma,thisM,depois,sáb,5,14h,undefined,2023-10-07 00:00:00,2023-10-07 00:00:00,2023-10-21 00:00:00,,,0,tarde
58000006851282,15,2,cursos e oficinas,6,Artes Visuais,58,Pinheiros,capital,1,0,outros,Retratistas da Morro,Joga Joga,"com Jhonatan Brasileiro, educador da exposição Retratistas do Morro",uma,thisM,depois,sáb,5,13h30,undefined,2023-10-07 00:00:00,2023-10-07 00:00:00,2023-10-21 00:00:00,,,0,tarde
63000013692325,12,2,cursos e oficinas,6,Artes Visuais,63,Pompeia,capital,1,0,outros,Oficinas para Iniciantes,Oficina de amigurumi para iniciantes,com Patrícia Nakamura,uma,thisM,depois,sáb,5,14h,undefined,2023-10-07 00:00:00,2023-10-07 00:00:00,2023-11-18 00:00:00,,,0,tarde
63000013727510,12,2,cursos e oficinas,6,Artes Visuais,63,Pompeia,capital,1,0,outros,Oficinas para Iniciantes,Oficina de cerâmica para iniciantes -  Criando com argila,com Maria Clara Fragoso,uma,thisM,depois,sáb,5,14h,undefined,2023-10-07 00:00:00,2023-10-07 00:00:00,2023-11-18 00:00:00,,,0,tarde
63000013693005,10,2,cursos e oficinas,6,Artes Visuais,63,Pompeia,capital,1,0,outros,Oficinas para Iniciantes,Oficina de Costura para Iniciantes: Estojo simples de zíper com bordado,com Thais Ribeiro,uma,thisM,depois,sáb,5,14h,undefined,2023-10-07 00:00:00,2023-09-23 00:00:00,2023-12-02 00:00:00,,,0,tarde
63000013458240,12,2,cursos e oficinas,6,Artes Visuais,63,Pompeia,capital,1,0,outros,Oficinas para Iniciantes,Oficina de gravura para iniciantes,Com Marcos Blau,uma,thisM,depois,sáb,5,14h,undefined,2023-10-07 00:00:00,2023-09-23 00:00:00,2023-12-02 00:00:00,,,0,tarde
63000013458535,12,2,cursos e oficinas,6,Artes Visuais,63,Pompeia,capital,1,0,outros,Oficinas para Iniciantes,Oficina de marcenaria para iniciantes,Com Angelo Pinheiro,uma,thisM,depois,sáb,5,14h,undefined,2023-10-07 00:00:00,2023-09-23 00:00:00,2023-12-02 00:00:00,,,0,tarde
65000003567300,10,2,cursos e oficinas,6,Artes Visuais,65,Av. Paulista,capital,0,0,outros,"Simbioses: arte, tecnologia & ecologia",Introdução à Aquarela Botânica: Flora Tropical Brasileira,Com Alicia Lira,primeira,thisM,depois,sáb,5,10h30,undefined,2023-10-07 00:00:00,2023-10-07 00:00:00,2023-10-28 00:00:00,,,0,manhã
65000003567363,10,2,cursos e oficinas,6,Artes Visuais,65,Av. Paulista,capital,1,0,outros,,Laboratório de Experimentações Gráficas,Com a equipe de educadores do ETA,de-ate,sempre,depois,sempre,7,14h30,undefined,2023-10-07 00:00:00,2023-10-07 00:00:00,2023-11-15 00:00:00,,,0,tarde
66000017382660,20,2,cursos e oficinas,6,Artes Visuais,66,Vila Mariana,capital,0,0,outros,,Desenhando,com Gina Dinucci e Thiago Ruiz,uma,thisM,depois,sáb,5,11h,undefined,2023-10-07 00:00:00,2023-10-07 00:00:00,2023-10-07 00:00:00,,,0,manhã
67000002724875,15,2,cursos e oficinas,6,Artes Visuais,67,São Caetano,capital,0,0,crianças,TraquitanETA,TraquitanETA: Construção de brinquedos com recicláveis,com o educador Adriano Calsone,uma,thisM,depois,sáb,5,14h,undefined,2023-10-07 00:00:00,2023-10-07 00:00:00,2023-12-02 00:00:00,,,0,tarde
70000005549213,20,2,cursos e oficinas,6,Artes Visuais,70,Santo Amaro,capital,0,0,outros,,Bonecos Inusitados com Rodrigo Motta,,uma,thisM,depois,sáb,5,15h,undefined,2023-10-07 00:00:00,2023-10-07 00:00:00,2023-10-28 00:00:00,,,0,tarde
71000004406518,30,2,cursos e oficinas,6,Artes Visuais,71,Bertioga,interior,0,0,crianças,,Criando sua jóia natural,com Raiz Oliveira,uma,thisM,depois,sáb,5,15h,undefined,2023-10-07 00:00:00,2023-10-07 00:00:00,2023-10-28 00:00:00,,,0,tarde
71000004437839,20,2,cursos e oficinas,6,Artes Visuais,71,Bertioga,interior,0,0,outros,,treinamento para as oficinas de criatividade: arte educação,Com Nadia Bosquê,uma,thisM,depois,sáb,5,14h30,undefined,2023-10-07 00:00:00,2023-10-03 00:00:00,2023-10-07 00:00:00,,,0,tarde
72000000634977,20,2,cursos e oficinas,6,Artes Visuais,72,Mogi Das Cruzes,capital,0,0,crianças,Exposição Xilograffiti,Impressão do Corpo,"Com Kátia Matos, educadora da exposição Xilograffiti",uma,thisM,depois,sáb,5,14h,undefined,2023-10-07 00:00:00,2023-10-07 00:00:00,2023-10-07 00:00:00,,,0,tarde
73000004540535,15,2,cursos e oficinas,6,Artes Visuais,73,Guarulhos,capital,1,0,crianças,,Autômato de Palito,com Bruno Perê,uma,thisM,depois,sáb,5,14h,undefined,2023-10-07 00:00:00,2023-10-07 00:00:00,2023-10-28 00:00:00,,,0,tarde
75000007891072,15,2,cursos e oficinas,6,Artes Visuais,75,Campinas,interior,1,0,crianças,,[Família Maker] Brincadeira de Peteca - Turma 1,"Com Bruna Braza, artista e educadora do Estudio Embraza",uma,thisM,depois,sáb,5,14h,undefined,2023-10-07 00:00:00,2023-10-07 00:00:00,2023-10-07 00:00:00,1,Texto Ampliado,0,tarde
76000004438250,15,2,cursos e oficinas,6,Artes Visuais,76,Ribeirão Preto,interior,0,0,outros,O que os olhos alcançam - Cristiano Mascaro,Fotografia P&B com smartphone,com Matheus Urenha,primeira,thisM,depois,sáb,5,14h,undefined,2023-10-07 00:00:00,2023-10-07 00:00:00,2023-11-04 00:00:00,,,0,tarde
76000004233958,15,2,cursos e oficinas,6,Artes Visuais,76,Ribeirão Preto,interior,1,0,outros,,Poéticas Periféricas: a arte como meio de valorização da estética negra,Com Nathallya Faria,uma,thisM,depois,sáb,5,14h30,undefined,2023-10-07 00:00:00,2023-09-23 00:00:00,2023-10-07 00:00:00,,,0,tarde
77000312504513,10,2,cursos e oficinas,6,Artes Visuais,77,S. J. Campos,interior,0,0,outros,,ETA Aberto,"Com Gabriela Neyra e Renato Munhoz, educadores do Sesc",uma,thisM,depois,sáb,5,14h30,undefined,2023-10-07 00:00:00,2023-10-07 00:00:00,2023-10-22 00:00:00,,,0,tarde
77000314682920,20,2,cursos e oficinas,6,Artes Visuais,77,S. J. Campos,interior,0,0,outros,Viver até o fim o que me cabe! - Sidney Amaral: uma aproximação,Era outra vez...,Com Waldiael Braz e educadores da exposição,de-ate,sempre,depois,sempre,7,14h,undefined,2023-10-07 00:00:00,2023-10-07 00:00:00,2023-10-12 00:00:00,,,0,tarde
78000006680346,25,2,cursos e oficinas,6,Artes Visuais,78,Santos,interior,0,0,outros,,Oficina: Meu primeiro cosplay,Com Camila Michii e Gabriel Destro,uma,thisM,depois,sáb,5,13h30,undefined,2023-10-07 00:00:00,2023-10-07 00:00:00,2023-10-07 00:00:00,,,0,tarde
80000005279572,12,2,cursos e oficinas,6,Artes Visuais,80,Bauru,interior,0,0,outros,Nise: A Revolução Pelo Afeto,Ateliês Nise,Com educadores da exposição.,de-ate,sempre,depois,sempre,7,11h,undefined,2023-10-07 00:00:00,2023-10-07 00:00:00,2023-10-29 00:00:00,,,0,manhã
82000004994708,15,2,cursos e oficinas,6,Artes Visuais,82,São Carlos,interior,0,0,outros,,Pintura Acrílica 1: Fundamentos e Aplicações,Com Anny Lemos,primeira,thisM,depois,sáb,5,14h30,undefined,2023-10-07 00:00:00,2023-10-07 00:00:00,2023-10-28 00:00:00,,,0,tarde
83000003891584,25,2,cursos e oficinas,6,Artes Visuais,83,Piracicaba,interior,0,0,outros,,Kit maternidade,"com Elizabeth Queiroz, artista plástica e artesã",primeira,thisM,depois,sáb,5,10h,undefined,2023-10-07 00:00:00,2023-10-06 00:00:00,2023-10-21 00:00:00,,,0,manhã
85000003263864,40,2,cursos e oficinas,6,Artes Visuais,85,Birigui,interior,0,0,outros,13 ao 20,Bijuterias afro-brasileiras: A moda de braços dados com a ancestralidade,Com Ana Rainha,primeira,thisM,depois,sáb,5,14h,undefined,2023-10-07 00:00:00,2023-10-07 00:00:00,2023-10-08 00:00:00,,,0,tarde
91000002216276,15,2,cursos e oficinas,6,Artes Visuais,91,Campo Limpo,capital,1,0,outros,,BOTÂNICA EM MOSAICOS,Com Sandra Naxará,primeira,thisM,depois,sáb,5,10h30,undefined,2023-10-07 00:00:00,2023-10-07 00:00:00,2023-11-30 00:00:00,,,0,manhã
93000005911085,15,2,cursos e oficinas,6,Artes Visuais,93,Jundiaí,interior,1,0,crianças,,Ateliê de criatividade,com educadores do Sesc Jundiaí,uma,thisM,depois,sáb,5,10h30,undefined,2023-10-07 00:00:00,2023-10-07 00:00:00,2023-10-21 00:00:00,,,0,manhã
93000005911216,12,2,cursos e oficinas,6,Artes Visuais,93,Jundiaí,interior,1,0,crianças,,Marcenaria para brincar,Com Manufaturando Fábrica de Ideias,de-ate,sempre,depois,sempre,7,14h30,undefined,2023-10-07 00:00:00,2023-10-01 00:00:00,2023-10-08 00:00:00,,,0,tarde
96000320119010,10,2,cursos e oficinas,6,Artes Visuais,96,Sorocaba,interior,0,0,outros,,Pintura Orgânica - Do decalque à Arte final,"Com Tainara Martinsons, artista visual e educadora",uma,thisM,depois,sáb,5,14h,undefined,2023-10-07 00:00:00,2023-10-07 00:00:00,2023-10-07 00:00:00,,,0,tarde
79000003202519,30,2,cursos e oficinas,7,Literatura,79,Catanduva,interior,0,0,outros,,"Escrita Criativa: Poesia, Memória e Ancestralidade",Com Samarone Lima,de-ate,sempre,depois,sempre,7,14h,undefined,2023-10-07 00:00:00,2023-10-07 00:00:00,2023-10-08 00:00:00,,,0,tarde
83000004058350,25,2,cursos e oficinas,7,Literatura,83,Piracicaba,interior,1,0,outros,,Hangul - Vivência de escrita coreana,Com o grupo Yong Hang,uma,thisM,depois,sáb,5,15h30,undefined,2023-10-07 00:00:00,2023-10-07 00:00:00,2023-10-07 00:00:00,,,0,tarde
93000005975308,80,2,cursos e oficinas,7,Literatura,93,Jundiaí,interior,0,0,outros,Palavras em Casa,Palavras ao vento,com Quiosco Cultural,uma,thisM,depois,sáb,5,14h30,undefined,2023-10-07 00:00:00,2023-10-07 00:00:00,2023-10-08 00:00:00,,,0,tarde
52000005543814,70,2,cursos e oficinas,8,Educação,52,24 De Maio,capital,0,0,outros,Corpos Di_Versos: histórias que o corpo conta,Corporeidades Negras na Educação Física: fundamentos e pretagogias - Módulo 6,Pedagogias de fundamento negro,primeira,thisM,depois,sáb,5,11h,undefined,2023-10-07 00:00:00,2023-10-07 00:00:00,2023-10-07 00:00:00,1,Tradução em Libras,0,manhã
56000005142279,30,2,cursos e oficinas,8,Educação,56,Itaquera,capital,0,0,outros,,"ABRINDO OS POROS, ESTENDENDO AS MÃOS - Oficina de Sensibilização à Cultura Surda",com Grupo ÊBA,uma,thisM,depois,sáb,5,11h,undefined,2023-10-07 00:00:00,2023-10-07 00:00:00,2023-10-07 00:00:00,1,Tradução em Libras,0,manhã
56000005187314,25,2,cursos e oficinas,8,Educação,56,Itaquera,capital,1,0,outros,Juventudes,Poéticas Jovens,Com Isabela Mota,de-ate,sempre,depois,sempre,7,10h,undefined,2023-10-07 00:00:00,2023-10-07 00:00:00,2023-10-28 00:00:00,,,0,manhã
57000007548522,20,2,cursos e oficinas,8,Educação,57,Ipiranga,capital,0,0,crianças,,Curumininices: jogos da origem,,de-ate,sempre,depois,sempre,7,12h,undefined,2023-10-07 00:00:00,2023-10-07 00:00:00,2023-10-08 00:00:00,,,0,tarde
65000003579534,20,2,cursos e oficinas,8,Educação,65,Av. Paulista,capital,0,0,outros,Juventudes,Ludoteca Móvel (Edição Especial): Brincando com Jogos Afrocentrados,com educadores(as) de atividades físicas do Sesc Avenida Paulista,uma,thisM,depois,sáb,5,14h,undefined,2023-10-07 00:00:00,2023-10-07 00:00:00,2023-10-14 00:00:00,,,0,tarde
73000005075882,25,2,cursos e oficinas,8,Educação,73,Guarulhos,capital,0,0,crianças,,Stêncil com Sacys!,com Coletivo Fora da Garrafa,uma,thisM,depois,sáb,5,14h,undefined,2023-10-07 00:00:00,2023-10-07 00:00:00,2023-10-08 00:00:00,,,0,tarde
75000008208212,60,2,cursos e oficinas,8,Educação,75,Campinas,interior,1,0,outros,,Oficinas Criativas - Bordado,"Com Marta Alves arte-educadora, e artista visual.",primeira,thisM,depois,sáb,5,10h,undefined,2023-10-07 00:00:00,2023-10-07 00:00:00,2023-11-25 00:00:00,,,0,manhã
76000004469910,30,2,cursos e oficinas,8,Educação,76,Ribeirão Preto,interior,0,0,outros,Copa Sesc do Comércio e Serviços,Atualização e reciclagem de regras de futsal,Com Edison Pontes,primeira,thisM,depois,sáb,5,14h,undefined,2023-10-07 00:00:00,2023-10-07 00:00:00,2023-10-28 00:00:00,,,0,tarde
79000003238011,18,2,cursos e oficinas,8,Educação,79,Catanduva,interior,1,0,outros,,Cantos e acalantos,Com Ester Colabone,de-ate,sempre,depois,sempre,7,10h30,undefined,2023-10-07 00:00:00,2023-10-07 00:00:00,2023-12-09 00:00:00,,,0,manhã
82000005041509,15,2,cursos e oficinas,8,Educação,82,São Carlos,interior,0,0,crianças,Espaço de Brincar,Fulelê de brincar,,uma,thisM,depois,sáb,5,10h30,undefined,2023-10-07 00:00:00,2023-10-07 00:00:00,2023-10-08 00:00:00,,,0,manhã
82000005041529,15,2,cursos e oficinas,8,Educação,82,São Carlos,interior,0,0,crianças,Espaço de Brincar,Fulelê de brincar,,uma,thisM,depois,sáb,5,14h,undefined,2023-10-07 00:00:00,2023-10-07 00:00:00,2023-10-08 00:00:00,,,0,tarde
84000005268524,20,2,cursos e oficinas,8,Educação,84,Rio Preto,interior,1,0,outros,Arteria,Mini pebolim,Com educadores do Infantojuvenil,uma,thisM,depois,sáb,5,14h,undefined,2023-10-07 00:00:00,2023-10-07 00:00:00,2023-10-08 00:00:00,,,0,tarde
93000005927829,20,2,cursos e oficinas,8,Educação,93,Jundiaí,interior,1,0,crianças,,Livros Esquisitos,com Mínimo Diário,de-ate,sempre,depois,sempre,7,15h30,undefined,2023-10-07 00:00:00,2023-10-07 00:00:00,2023-10-29 00:00:00,,,0,tarde
52000005337210,40,2,cursos e oficinas,9,Meio Ambiente,52,24 De Maio,capital,0,0,outros,,Brinquedos com resíduos de madeira,Com Caçambaria,uma,thisM,depois,sáb,5,10h,undefined,2023-10-07 00:00:00,2023-10-07 00:00:00,2023-10-07 00:00:00,,,0,manhã
56000005146986,60,2,cursos e oficinas,9,Meio Ambiente,56,Itaquera,capital,0,0,crianças,,Parque de Bambú: Instalação Brincante,Grupo Equipe Parque de Bambu,uma,thisM,depois,sáb,5,09h,undefined,2023-10-07 00:00:00,2023-10-01 00:00:00,2023-10-29 00:00:00,,,0,manhã
58000006795800,60,2,cursos e oficinas,9,Meio Ambiente,58,Pinheiros,capital,1,0,outros,,Realejo do Cultivo,Com Anderson Maurício,uma,thisM,depois,sáb,5,12h,undefined,2023-10-07 00:00:00,2023-10-07 00:00:00,2023-10-08 00:00:00,,,0,tarde
71000004392704,20,2,cursos e oficinas,9,Meio Ambiente,71,Bertioga,interior,0,0,outros,Cursos Reserva Natural Sesc Bertioga,Introdução à Observação de Aves,,primeira,thisM,depois,sáb,5,09h,undefined,2023-10-07 00:00:00,2023-10-07 00:00:00,2023-11-26 00:00:00,,,0,manhã
71000004396747,20,2,cursos e oficinas,9,Meio Ambiente,71,Bertioga,interior,1,0,outros,,Experiência de Mergulho de Cilindro,"com Isabela Cioffi, bióloga marinha e instrutora de mergulho autônomo",uma,thisM,depois,sáb,5,09h30,undefined,2023-10-07 00:00:00,2023-10-07 00:00:00,2023-10-28 00:00:00,,,0,manhã
71000004097515,20,2,cursos e oficinas,9,Meio Ambiente,71,Bertioga,interior,1,0,outros,Núcleo de Estudos da Natureza,Cultivo de Orquídeas Nativas,,uma,thisM,depois,sáb,5,15h,undefined,2023-10-07 00:00:00,2023-10-07 00:00:00,2023-10-07 00:00:00,,,0,tarde
73000004593106,75,2,cursos e oficinas,9,Meio Ambiente,73,Guarulhos,capital,1,0,crianças,,Origami: reaproveitando papel,Com Arthur Christmann,uma,thisM,depois,sáb,5,10h30,undefined,2023-10-07 00:00:00,2023-10-07 00:00:00,2023-10-08 00:00:00,,,0,manhã
81000004417756,20,2,cursos e oficinas,9,Meio Ambiente,81,Taubaté,interior,1,0,outros,,Família Passarinho,"com Luccas Longo, biólogo, ilustrador e gestor de unidade de conservação",uma,thisM,depois,sáb,5,10h30,undefined,2023-10-07 00:00:00,2023-10-07 00:00:00,2023-10-07 00:00:00,,,0,manhã
83000004127386,100,2,cursos e oficinas,9,Meio Ambiente,83,Piracicaba,interior,0,0,outros,,Terra e Chão,,uma,thisM,depois,sáb,5,09h30,undefined,2023-10-07 00:00:00,2023-10-01 00:00:00,2023-10-31 00:00:00,,,0,manhã
83000004124257,30,2,cursos e oficinas,9,Meio Ambiente,83,Piracicaba,interior,1,0,outros,,Biodiversidade e diversidade de méis,,uma,thisM,depois,sáb,5,14h30,undefined,2023-10-07 00:00:00,2023-10-07 00:00:00,2023-10-07 00:00:00,,,0,tarde
87000003004845,25,2,cursos e oficinas,9,Meio Ambiente,87,Prudente,interior,1,0,crianças,Florestar: Áreas Verdes Educadoras - Ações regulares,Amigos Naturais,"Com Asas e Cores, projeto liderado por Guilherme Trivellato e Katherine Pérez, ambos engenheiros agrônomos e pós-graduados em Entomologia.",uma,thisM,depois,sáb,5,14h,undefined,2023-10-07 00:00:00,2023-10-07 00:00:00,2023-10-07 00:00:00,,,0,tarde
91000002218717,25,2,cursos e oficinas,9,Meio Ambiente,91,Campo Limpo,capital,1,0,outros,,Vem cuidar da Horta Viva!,com Lucas Cila - (EPARREH),de-ate,sempre,depois,sempre,7,14h,undefined,2023-10-07 00:00:00,2023-10-07 00:00:00,2023-11-26 00:00:00,,,0,tarde
73000004977945,100,3,debates e paletras,1,Música,73,Guarulhos,capital,1,0,outros,Centro de Música,O contrabaixo no Secos & Molhados,Willy Verdaguer,uma,thisM,depois,sáb,5,17h30,undefined,2023-10-07 00:00:00,2023-10-07 00:00:00,2023-10-07 00:00:00,,,0,tarde
88000005206225,60,3,debates e paletras,11,Atividade Física,88,Santo André,capital,0,0,outros,,"A corrida, a vida e o cinema",com Michelle Prazeres e Rômulo Bertuzzi,uma,thisM,depois,sáb,5,10h15,undefined,2023-10-07 00:00:00,2023-10-07 00:00:00,2023-10-07 00:00:00,,,0,manhã
88000005206403,60,3,debates e paletras,11,Atividade Física,88,Santo André,capital,0,0,outros,,"A corrida, o corpo e os pensamentos",com Cristiano Barreira e Edison Manoel,uma,thisM,depois,sáb,5,12h,undefined,2023-10-07 00:00:00,2023-10-07 00:00:00,2023-10-07 00:00:00,,,0,tarde
88000005210620,40,3,debates e paletras,11,Atividade Física,88,Santo André,capital,0,0,outros,,Corrida e suas estratégias nutricionais: do treino à prova,com Nathalia Fiori,uma,thisM,depois,sáb,5,15h,undefined,2023-10-07 00:00:00,2023-10-07 00:00:00,2023-10-07 00:00:00,,,0,tarde
57000007408390,50,3,debates e paletras,2,Teatro,57,Ipiranga,capital,1,0,outros,Teatro Mínimo,Curtas Projeto Okama - Sessão 2,Com a pesquisadora de arte nipônica Michiko Okano e o performer Gabriel Saito. Mediação Cacau Idegushi.,uma,thisM,depois,sáb,5,15h,undefined,2023-10-07 00:00:00,2023-10-07 00:00:00,2023-10-07 00:00:00,,,0,tarde
89000001283130,40,3,debates e paletras,6,Artes Visuais,89,CPF,capital,0,0,outros,Ciclos e Seminários,Eu não sou uma artista? Grafitti pretes indígenes,"Com Auá Mendes, Caiçaro, Nathália Ferreira, Nenesurreal,Ani Ganzala,Verinha Santana, Luna Bastos, Monica Ancapi, Yacunã Tuxá, Diadorim Silva e @kaus.total",uma,thisM,depois,sáb,5,10h30,undefined,2023-10-07 00:00:00,2023-10-07 00:00:00,2023-10-07 00:00:00,,,0,manhã
68000008805511,80,3,debates e paletras,7,Literatura,68,Belenzinho,capital,1,0,crianças,,Aconchego: Mediação de Leitura para Pais e Filhos,com Serena Infância,uma,thisM,depois,sáb,5,13h,undefined,2023-10-07 00:00:00,2023-10-07 00:00:00,2023-10-29 00:00:00,,,0,tarde
72000000619616,80,3,debates e paletras,7,Literatura,72,Mogi Das Cruzes,capital,1,0,outros,,Mediação de Leitura com Coletivo Cafuzas,,uma,thisM,depois,sáb,5,10h,undefined,2023-10-07 00:00:00,2023-10-07 00:00:00,2023-10-29 00:00:00,,,0,manhã
72000000619616,80,3,debates e paletras,7,Literatura,72,Mogi Das Cruzes,capital,1,0,outros,,Mediação de Leitura com Coletivo Cafuzas,,uma,thisM,depois,sáb,5,13h30,undefined,2023-10-07 00:00:00,2023-10-07 00:00:00,2023-10-29 00:00:00,,,0,tarde
75000007987529,100,3,debates e paletras,7,Literatura,75,Campinas,interior,0,0,outros,Passa na Praça,Pé de Histórias,Com Volta e Meia.,uma,thisM,depois,sáb,5,10h,undefined,2023-10-07 00:00:00,2023-10-07 00:00:00,2023-10-11 00:00:00,,,0,manhã
76000004488047,25,3,debates e paletras,7,Literatura,76,Ribeirão Preto,interior,1,0,outros,Sopa de Letrinhas,Quem canta com o livro encanta,Com Marcela Barbosa e Fábio Santos,uma,thisM,depois,sáb,5,10h30,undefined,2023-10-07 00:00:00,2023-10-07 00:00:00,2023-10-28 00:00:00,,,0,manhã
87000003011737,100,3,debates e paletras,7,Literatura,87,Prudente,interior,0,0,outros,Especial Crianças,Uma árvore de histórias,Com Coletivo Balangandã,uma,thisM,depois,sáb,5,14h,undefined,2023-10-07 00:00:00,2023-10-07 00:00:00,2023-12-16 00:00:00,,,0,tarde
91000002209902,100,3,debates e paletras,7,Literatura,91,Campo Limpo,capital,1,0,outros,"Zona Sul, Zona Show",Podcast: Manda Notícias ao vivo com Rose Dorea e Gabriela Graça,,uma,thisM,depois,sáb,5,11h,undefined,2023-10-07 00:00:00,2023-10-07 00:00:00,2023-10-07 00:00:00,,,0,manhã
96000316853156,20,3,debates e paletras,7,Literatura,96,Sorocaba,interior,1,0,outros,,"Clube de leitura - Uma tristeza infinita, de Antônio Xerxenesky","Com Thatiana Rocha, Bibliotecária do Sesc Sorocaba",uma,thisM,depois,sáb,5,15h,undefined,2023-10-07 00:00:00,2023-10-07 00:00:00,2023-10-07 00:00:00,,,0,tarde
55000004657144,50,3,debates e paletras,8,Educação,55,Interlagos,capital,0,0,outros,,Refúgios Humanos e Migração,Formação Para Profissionais da Educação em Parceria com Secretaria Municipal de Ensino - DRE Capela do Socorro,uma,thisM,depois,sáb,5,10h,undefined,2023-10-07 00:00:00,2023-09-26 00:00:00,2023-10-07 00:00:00,,,0,manhã
67000002816676,20,3,debates e paletras,8,Educação,67,São Caetano,capital,0,0,outros,Espaço de Brincar,"Entre desafios, tantas infâncias!",Com Flavio Santiago e Thuany Nogueira. Interação: Maria Gabriela dos Santos,uma,thisM,depois,sáb,5,10h,undefined,2023-10-07 00:00:00,2023-10-07 00:00:00,2023-10-07 00:00:00,,,0,manhã
83000004125081,40,3,debates e paletras,8,Educação,83,Piracicaba,interior,1,0,outros,,A descoberta do insólito,Com Mario Medeiros,uma,thisM,depois,sáb,5,16h,undefined,2023-10-07 00:00:00,2023-10-06 00:00:00,2023-10-08 00:00:00,,,0,tarde
89000001408235,50,3,debates e paletras,8,Educação,89,CPF,capital,0,0,outros,Autografias,Dicionário das relações étnico-raciais,,uma,thisM,depois,sáb,5,15h,undefined,2023-10-07 00:00:00,2023-10-07 00:00:00,2023-10-07 00:00:00,,,0,tarde
91000002154141,120,3,debates e paletras,8,Educação,91,Campo Limpo,capital,1,0,outros,"Zona Sul, Zona Show",Festival Cultcom - Bate-papo Jéssica Campos e Varneci Nascimento,Mediação Aline Rodrigues (Periferia em Movimento),uma,thisM,depois,sáb,5,13h30,undefined,2023-10-07 00:00:00,2023-10-07 00:00:00,2023-10-07 00:00:00,,,0,tarde
93000005902987,30,3,debates e paletras,8,Educação,93,Jundiaí,interior,0,0,outros,Juventudes,Saúde e Sexualidade na Juventude,com Elânia Francisca,uma,thisM,depois,sáb,5,15h,undefined,2023-10-07 00:00:00,2023-10-07 00:00:00,2023-10-07 00:00:00,,,0,tarde
83000004103585,30,3,debates e paletras,9,Meio Ambiente,83,Piracicaba,interior,0,0,outros,,Plantando para as abelhas,,uma,thisM,depois,sáb,5,08h30,undefined,2023-10-07 00:00:00,2023-10-07 00:00:00,2023-10-07 00:00:00,,,0,manhã
92000001506415,100,4,exposições,2,Teatro,92,Registro,interior,0,0,outros,Bonecos habitados e animados,Teatro de Lambe-Lambe: Cerrado Olhando,Com Erika Layher,de-ate,sempre,depois,sempre,7,13h30,undefined,2023-10-07 00:00:00,2023-10-07 00:00:00,2023-10-08 00:00:00,,,0,tarde
94000005966111,40,4,exposições,6,Artes Visuais,94,Bom Retiro,capital,1,0,outros,Karingana - Presenças negras no livro para as infâncias,Visitas mediadas à Exposição Karingana,,de-ate,sempre,depois,sempre,7,15h30,undefined,2023-10-07 00:00:00,2023-09-21 00:00:00,2024-01-27 00:00:00,,,0,tarde
56000005155326,40,4,exposições,9,Meio Ambiente,56,Itaquera,capital,0,0,outros,,Trilhas Urbanas: Núcleo Itutinga-Pilões - Trilha Cachoeira do Passaréuva,"Com a Guia Mariana Valério, Libras na Quebrada e  Agentes  de Educação Ambiental",de-ate,sempre,depois,sempre,7,08h,undefined,2023-10-07 00:00:00,2023-10-07 00:00:00,2023-10-07 00:00:00,1,Tradução em Libras,0,manhã
72000000576013,300,4,exposições,9,Meio Ambiente,72,Mogi Das Cruzes,capital,1,0,outros,Mosaico de Saberes,Mostra Mosaico de Saberes,"Com Núcleo Padre Dória do Parque Estadual da Serra do Mar, Chácara Nhá Luz, Paraíso das Microorquídeas e Sítio Chão d'Água",de-ate,sempre,depois,sempre,7,10h,undefined,2023-10-07 00:00:00,2023-10-07 00:00:00,2023-10-08 00:00:00,,,0,manhã
92000001523636,200,4,exposições,9,Meio Ambiente,92,Registro,interior,1,0,outros,Mosaico de Saberes,Mosaico de Saberes,"Com Instituto Nova Era, Tekoa Guaviraty, Daisy Momuna Artesã, Umbrella Cycling, Quilombo São Pedro, Quilombo Mandira, COOPAFASB e COOPAFARGA",de-ate,sempre,depois,sempre,7,13h30,undefined,2023-10-07 00:00:00,2023-10-07 00:00:00,2023-10-08 00:00:00,,,0,tarde
68000008522381,247,5,filmes,5,Cinema,68,Belenzinho,capital,1,0,outros,Cineminha,Kiriku e a Feiticeira,Cineminha,uma,thisM,depois,sáb,5,12h,undefined,2023-10-07 00:00:00,2023-10-07 00:00:00,2023-10-08 00:00:00,,,0,tarde
79000003202767,30,5,filmes,5,Cinema,79,Catanduva,interior,1,0,outros,Cine Biribinha,"Moana - Um mar de aventuras, de Ron Clements e John Musker",Dir.: Ron Clements e John Musker,uma,thisM,depois,sáb,5,10h30,undefined,2023-10-07 00:00:00,2023-10-07 00:00:00,2023-10-07 00:00:00,,,0,manhã
52000005587218,80,6,atividade física,11,Atividade Física,52,24 De Maio,capital,0,0,outros,Corpo Consciente,Corpo Consciente: autocuidado corpo-mente-emoções,Com Jéssica Kimura,uma,thisM,depois,sáb,5,11h30,undefined,2023-10-07 00:00:00,2023-10-07 00:00:00,2023-10-28 00:00:00,,,0,manhã
56000005067636,120,6,atividade física,11,Atividade Física,56,Itaquera,capital,0,0,outros,,Bate papo e Treino Aberto de Corrida,com Neide Santos  (Projeto Vida Corrida),uma,thisM,depois,sáb,5,09h30,undefined,2023-10-07 00:00:00,2023-10-07 00:00:00,2023-10-07 00:00:00,,,0,manhã
57000007527176,60,6,atividade física,11,Atividade Física,57,Ipiranga,capital,0,0,outros,Corpo em Movimento,Corpo em Movimento,Com Educadores do Sesc Ipiranga,de-ate,sempre,depois,sempre,7,14h,undefined,2023-10-07 00:00:00,2023-10-07 00:00:00,2023-12-16 00:00:00,,,0,tarde
58000006840776,45,6,atividade física,11,Atividade Física,58,Pinheiros,capital,1,0,outros,,Práticas Corporais,Com educadores Sesc,uma,thisM,depois,sáb,5,10h30,undefined,2023-10-07 00:00:00,2023-10-07 00:00:00,2023-10-07 00:00:00,,,0,manhã
62000008033287,50,6,atividade física,11,Atividade Física,62,Consolação,capital,0,0,outros,Vem Dançar!,Axé,Com Aline Oliveira,de-ate,sempre,depois,sempre,7,14h30,undefined,2023-10-07 00:00:00,2023-10-07 00:00:00,2023-10-28 00:00:00,,,0,tarde
62000008069252,30,6,atividade física,11,Atividade Física,62,Consolação,capital,1,0,outros,,Treino para Maratona Aquática,Com Fátima Moraes,de-ate,sempre,depois,sempre,7,15h,undefined,2023-10-07 00:00:00,2023-10-07 00:00:00,2023-10-28 00:00:00,,,0,tarde
62000008018259,40,6,atividade física,11,Atividade Física,62,Consolação,capital,1,0,outros,,Yoga,Com Lielze de Siqueira Marques,de-ate,sempre,depois,sempre,7,10h15,undefined,2023-10-07 00:00:00,2023-10-07 00:00:00,2023-11-25 00:00:00,,,0,manhã
62000007989631,100,6,atividade física,11,Atividade Física,62,Consolação,capital,1,0,outros,Praça Esportiva,Brincadeiras Tradicionais,Com Recreart,de-ate,sempre,depois,sempre,7,12h,undefined,2023-10-07 00:00:00,2023-09-30 00:00:00,2023-10-29 00:00:00,,,0,tarde
65000003550383,30,6,atividade física,11,Atividade Física,65,Av. Paulista,capital,0,0,idosos,,Yoga,"Com Edmilson Oliveira da Cruz, Onete Carvalho Coutinho e educadoras do Sesc Avenida Paulista",uma,thisM,depois,sáb,5,10h10,undefined,2023-10-07 00:00:00,2023-10-07 00:00:00,2023-10-28 00:00:00,,,0,manhã
65000003259569,40,6,atividade física,11,Atividade Física,65,Av. Paulista,capital,0,0,outros,,Danças brasileiras,com Carolina Moya,uma,thisM,depois,sáb,5,14h,undefined,2023-10-07 00:00:00,2023-10-03 00:00:00,2023-10-28 00:00:00,,,0,tarde
65000003487285,20,6,atividade física,11,Atividade Física,65,Av. Paulista,capital,0,0,outros,,Pilates Solo - 7/10 - 14h,com educadores(as) de atividades físicas do Sesc Avenida Paulista.,uma,thisM,depois,sáb,5,14h,undefined,2023-10-07 00:00:00,2023-10-07 00:00:00,2023-10-07 00:00:00,,,0,tarde
70000005670569,25,6,atividade física,11,Atividade Física,70,Santo Amaro,capital,0,0,outros,,Yoga,Com educadoras do Sesc.,de-ate,sempre,depois,sempre,7,11h,undefined,2023-10-07 00:00:00,2023-10-07 00:00:00,2023-10-29 00:00:00,,,0,manhã
72000000624632,30,6,atividade física,11,Atividade Física,72,Mogi Das Cruzes,capital,1,0,outros,,Vôlei Sentado,Com educadore(a)s do Sesc,de-ate,sempre,depois,sempre,7,14h,undefined,2023-10-07 00:00:00,2023-10-07 00:00:00,2023-10-08 00:00:00,,,0,tarde
73000004996906,20,6,atividade física,11,Atividade Física,73,Guarulhos,capital,0,0,outros,Copa Sesc do Comércio e Serviços,Copa SESC - Tênis de Campo,Copa SESC do Comércio e Serviços - Tênis de Campo,de-ate,sempre,depois,sempre,7,09h30,undefined,2023-10-07 00:00:00,2023-10-07 00:00:00,2023-12-09 00:00:00,,,0,manhã
73000005098977,50,6,atividade física,11,Atividade Física,73,Guarulhos,capital,1,0,outros,,Yoga Para Corpos Sedentários,Com Danilo Patzdorf,de-ate,sempre,depois,sempre,7,15h30,undefined,2023-10-07 00:00:00,2023-10-07 00:00:00,2023-10-28 00:00:00,,,0,tarde
78000006813968,80,6,atividade física,11,Atividade Física,78,Santos,interior,0,0,outros,,Movimento Consciente,Aula aberta,de-ate,sempre,depois,sempre,7,16h30,undefined,2023-10-07 00:00:00,2023-10-07 00:00:00,2023-12-23 00:00:00,,,0,tarde
79000003214699,60,6,atividade física,11,Atividade Física,79,Catanduva,interior,1,0,outros,,Aulão Especial de Hidroginástica com DJ,Com Educadores do Sesc e DJ Jeferson Scratchy,uma,thisM,depois,sáb,5,15h,undefined,2023-10-07 00:00:00,2023-10-07 00:00:00,2023-10-07 00:00:00,,,0,tarde
80000005204424,120,6,atividade física,11,Atividade Física,80,Bauru,interior,0,0,outros,Encontro de Práticas Corporais,Despertar com Hatha Yoga,"Com Vanessa Joda, fundadora do projeto Yoga para Todos.",uma,thisM,depois,sáb,5,10h30,undefined,2023-10-07 00:00:00,2023-10-07 00:00:00,2023-10-07 00:00:00,,,0,manhã
80000005204483,50,6,atividade física,11,Atividade Física,80,Bauru,interior,0,0,outros,Encontro de Práticas Corporais,Kata e a Consciência Corporal,"Com José Carneiro, educador em atividades físico-esportivas do Sesc.",uma,thisM,depois,sáb,5,14h30,undefined,2023-10-07 00:00:00,2023-10-07 00:00:00,2023-10-07 00:00:00,,,0,tarde
80000005211389,50,6,atividade física,11,Atividade Física,80,Bauru,interior,0,0,outros,Encontro de Práticas Corporais,Pilates de Solo e respiração,"Com Felipe Barbosa, educador do Sesc Bauru.",uma,thisM,depois,sáb,5,14h30,undefined,2023-10-07 00:00:00,2023-10-07 00:00:00,2023-10-07 00:00:00,,,0,tarde
80000005237678,30,6,atividade física,11,Atividade Física,80,Bauru,interior,1,0,outros,Encontro de Práticas Corporais,Danças Circulares,Com projeto Ilumina Sampa.,uma,thisM,depois,sáb,5,15h30,undefined,2023-10-07 00:00:00,2023-10-07 00:00:00,2023-10-07 00:00:00,,,0,tarde
81000004205937,20,6,atividade física,11,Atividade Física,81,Taubaté,interior,0,0,outros,,Práticas Corporais - Ritmos,Com educadores do Sesc,de-ate,sempre,depois,sempre,7,10h30,undefined,2023-10-07 00:00:00,2023-10-07 00:00:00,2023-12-30 00:00:00,,,0,manhã
84000005542550,20,6,atividade física,11,Atividade Física,84,Rio Preto,interior,1,0,crianças,,No Tabuleiro,"Com Juliana Sousa, especialista em xadrez.",de-ate,sempre,depois,sempre,7,13h,undefined,2023-10-07 00:00:00,2023-10-07 00:00:00,2023-10-29 00:00:00,,,0,tarde
84000005469308,30,6,atividade física,11,Atividade Física,84,Rio Preto,interior,1,0,outros,,Taichi-Chuan,"Com Jim Kelly, instrutor de práticas corporais orientais.",uma,thisM,depois,sáb,5,10h,undefined,2023-10-07 00:00:00,2023-10-07 00:00:00,2023-10-28 00:00:00,,,0,manhã
85000003308365,40,6,atividade física,11,Atividade Física,85,Birigui,interior,0,0,idosos,,Dançando Bolero +60,Com Fran Nascimento e Alexandre Decares,de-ate,sempre,depois,sempre,7,10h,undefined,2023-10-07 00:00:00,2023-10-07 00:00:00,2023-10-28 00:00:00,,,0,manhã
87000003005858,60,6,atividade física,11,Atividade Física,87,Prudente,interior,0,0,outros,,Aulas abertas de futsal,Com a professora Andrea Wigna,de-ate,sempre,depois,sempre,7,14h,undefined,2023-10-07 00:00:00,2023-10-07 00:00:00,2023-10-29 00:00:00,,,0,tarde
87000003005893,60,6,atividade física,11,Atividade Física,87,Prudente,interior,0,0,outros,,Aulas Abertas: Esportes na Areia,Com a professora Eliane Disaró,de-ate,sempre,depois,sempre,7,14h,undefined,2023-10-07 00:00:00,2023-10-07 00:00:00,2023-10-29 00:00:00,,,0,tarde
88000005206315,40,6,atividade física,11,Atividade Física,88,Santo André,capital,0,0,outros,,Estratégias de Corrida: do Treino à Prova,com Rômulo Bertuzzi,uma,thisM,depois,sáb,5,16h30,undefined,2023-10-07 00:00:00,2023-10-07 00:00:00,2023-10-07 00:00:00,,,0,tarde
93000005885836,15,6,atividade física,11,Atividade Física,93,Jundiaí,interior,0,0,outros,,Condicionamento físico na natação com jogos aquáticos,com educadores do Sesc Jundiaí,uma,thisM,depois,sáb,5,10h30,undefined,2023-10-07 00:00:00,2023-10-07 00:00:00,2023-10-28 00:00:00,,,0,manhã
96000323313619,150,6,atividade física,11,Atividade Física,96,Sorocaba,interior,0,0,outros,,LUDUS Ginástica artística - Aparelhos infantis e Ginástica de Solo e Saltos,Com equipe de professores da Cat Leap Gym,de-ate,sempre,depois,sempre,7,10h,undefined,2023-10-07 00:00:00,2023-10-07 00:00:00,2023-10-29 00:00:00,,,0,manhã
53000006177528,40,6,atividade física,14,Outros,53,Santana,capital,0,0,outros,,Recreação Orientada de Futsal Jovem,Com educadores do Sesc,de-ate,sempre,depois,sempre,7,10h15,undefined,2023-10-07 00:00:00,2023-10-07 00:00:00,2023-12-16 00:00:00,,,0,manhã
70000005807994,300,6,atividade física,14,Outros,70,Santo Amaro,capital,1,0,outros,,Entre Amigos - Mês das Crianças,Com educadoras e educadores do Sesc,de-ate,sempre,depois,sempre,7,15h30,undefined,2023-10-07 00:00:00,2023-10-07 00:00:00,2023-10-29 00:00:00,,,0,tarde
73000004819157,30,6,atividade física,14,Outros,73,Guarulhos,capital,0,0,outros,,AirBadminton,Com os Educadores do Sesc,de-ate,sempre,depois,sempre,7,16h,undefined,2023-10-07 00:00:00,2023-10-07 00:00:00,2023-10-29 00:00:00,,,0,tarde
85000003276507,80,6,atividade física,14,Outros,85,Birigui,interior,0,0,outros,,Recreação Orientada de Futebol Soçaite Adulto,Com educadores Sesc,de-ate,sempre,depois,sempre,7,16h,undefined,2023-10-07 00:00:00,2023-10-07 00:00:00,2023-11-26 00:00:00,,,0,tarde
85000003276459,80,6,atividade física,14,Outros,85,Birigui,interior,0,0,outros,,Recreação Orientada de Futebol Soçaite Intergeracional,Com educadores Sesc,de-ate,sempre,depois,sempre,7,14h,undefined,2023-10-07 00:00:00,2023-10-07 00:00:00,2023-11-26 00:00:00,,,0,tarde
86000004020412,40,6,atividade física,14,Outros,86,Araraquara,interior,0,0,crianças,,Badminton: Jogos e Educativos,Com educadores e educadoras do Sesc,de-ate,sempre,depois,sempre,7,14h,undefined,2023-10-07 00:00:00,2023-10-07 00:00:00,2023-10-22 00:00:00,,,0,tarde
88000005202383,150,6,atividade física,14,Outros,88,Santo André,capital,0,0,outros,Que esporte é esse?,Kin-Ball,Recreação Orientada,de-ate,sempre,depois,sempre,7,14h30,undefined,2023-10-07 00:00:00,2023-10-07 00:00:00,2023-10-29 00:00:00,,,0,tarde
66000017429156,40,8,turismo,12,Turismo,66,Vila Mariana,capital,0,0,outros,,Minas começa aqui,Extrema (MG),uma,thisM,depois,sáb,5,07h,undefined,2023-10-07 00:00:00,2023-10-07 00:00:00,2023-10-07 00:00:00,,,0,manhã
73000005304764,20,8,turismo,12,Turismo,73,Guarulhos,capital,0,0,outros,,Revelando Guarulhos - Do Pimentas ao Nhangussu,Com pesquisadores participantes do Curso de Turismo de Base Comunitária,uma,thisM,depois,sáb,5,09h,undefined,2023-10-07 00:00:00,2023-10-07 00:00:00,2023-10-07 00:00:00,,,0,manhã
77000309749393,20,8,turismo,12,Turismo,77,S. J. Campos,interior,0,0,outros,,Aldeia Renascer Ywyty Guaçu (Ubatuba),Operacionalização Sesc São José dos Campos,uma,thisM,depois,sáb,5,07h,undefined,2023-10-07 00:00:00,2023-10-07 00:00:00,2023-10-07 00:00:00,,,0,manhã
88000005206749,30,8,turismo,12,Turismo,88,Santo André,capital,0,0,outros,,Santuário Nacional de Umbanda- Santo André (SP),,uma,thisM,depois,sáb,5,08h,undefined,2023-10-07 00:00:00,2023-10-07 00:00:00,2023-10-07 00:00:00,,,0,manhã
52000005568049,200,9,'+ lazer,14,Outros,52,24 De Maio,capital,0,0,crianças,Espaço de Brincar,Música é pra brincar,Flor de Cosme,de-ate,sempre,depois,sempre,7,14h,undefined,2023-10-07 00:00:00,2023-10-07 00:00:00,2023-10-29 00:00:00,,,0,tarde
58000006640732,20,9,'+ lazer,14,Outros,58,Pinheiros,capital,0,0,crianças,Espaço de Brincar,Tenda Sonora - Escutas Poéticas,Com Andrea Lopes e Renata Roman,de-ate,sempre,depois,sempre,7,11h,undefined,2023-10-07 00:00:00,2023-10-07 00:00:00,2023-10-29 00:00:00,,,0,manhã
62000007976977,30,9,'+ lazer,14,Outros,62,Consolação,capital,1,0,crianças,Brincantes,Brincantinho,Com Instituto Brincante,de-ate,sempre,depois,sempre,7,15h,undefined,2023-10-07 00:00:00,2023-10-07 00:00:00,2023-10-28 00:00:00,,,0,tarde
68000008921310,200,9,'+ lazer,14,Outros,68,Belenzinho,capital,0,0,crianças,Ações para Primeira Infância,"Todo canto, conta",com Grupo Simbora,de-ate,sempre,depois,sempre,7,10h,undefined,2023-10-07 00:00:00,2023-10-07 00:00:00,2023-10-13 00:00:00,,,0,manhã
73000005099546,50,9,'+ lazer,14,Outros,73,Guarulhos,capital,0,0,crianças,Pequeninos,Ninho Cantante: um colo para sonhar,Com a Cia Bambuzal de histórias,de-ate,sempre,depois,sempre,7,14h,undefined,2023-10-07 00:00:00,2023-10-07 00:00:00,2023-10-21 00:00:00,,,0,tarde
75000008008708,200,9,'+ lazer,14,Outros,75,Campinas,interior,0,0,outros,Passa na Praça,Parque Naturalizado,Com Parque de Bambu.,de-ate,sempre,depois,sempre,7,10h,undefined,2023-10-07 00:00:00,2023-10-07 00:00:00,2023-10-22 00:00:00,,,0,manhã
75000008025518,60,9,'+ lazer,14,Outros,75,Campinas,interior,0,0,outros,Passa na Praça,Por onde FLOR,Meio Fio,de-ate,sempre,depois,sempre,7,14h,undefined,2023-10-07 00:00:00,2023-10-07 00:00:00,2023-10-07 00:00:00,,,0,tarde
75000007971630,50,9,'+ lazer,14,Outros,75,Campinas,interior,1,0,outros,Passa na Praça,Hospital de Brinquedos,Com Coletivo Unsquepensa Arte,de-ate,sempre,depois,sempre,7,12h,undefined,2023-10-07 00:00:00,2023-10-07 00:00:00,2023-10-07 00:00:00,,,0,tarde
78000006773786,30,9,'+ lazer,14,Outros,78,Santos,interior,0,0,crianças,Miudezas: uma exploração minuciosa,Pequenos Objetos (3 a 6 anos),Miudezas: uma exploração minuciosa,de-ate,sempre,depois,sempre,7,11h,undefined,2023-10-07 00:00:00,2023-10-07 00:00:00,2023-10-28 00:00:00,,,0,manhã
79000003189065,40,9,'+ lazer,14,Outros,79,Catanduva,interior,1,0,outros,"Contações, brincadeiras e muito mais!",Herança Verde e o Eterno Protetor,Esperançar! Cia de Artes,de-ate,sempre,depois,sempre,7,15h,undefined,2023-10-07 00:00:00,2023-10-07 00:00:00,2023-10-07 00:00:00,,,0,tarde
80000005096589,25,9,'+ lazer,14,Outros,80,Bauru,interior,1,0,crianças,Espaço de Brincar,Construindo malabares e diversão,"Com João Lucas Folcato, artista circense e arte educador.",de-ate,sempre,depois,sempre,7,15h,undefined,2023-10-07 00:00:00,2023-10-07 00:00:00,2023-10-21 00:00:00,,,0,tarde
81000004430503,25,9,'+ lazer,14,Outros,81,Taubaté,interior,0,0,crianças,,Balaio de Chocalhos - Roda Cantada,Com Cia Alcina da Palavra,de-ate,sempre,depois,sempre,7,10h30,undefined,2023-10-07 00:00:00,2023-10-07 00:00:00,2023-10-08 00:00:00,,,0,manhã
88000005209776,10,9,'+ lazer,14,Outros,88,Santo André,capital,1,0,crianças,Espaço de Brincar,Colorir é uma delícia!,"Com Érica Monteiro e Tábata Barboza, educadoras do Sesc",de-ate,sempre,depois,sempre,7,14h,undefined,2023-10-07 00:00:00,2023-10-07 00:00:00,2023-10-07 00:00:00,,,0,tarde
93000005902863,20,9,'+ lazer,14,Outros,93,Jundiaí,interior,0,0,crianças,,Havia um desenho esperando por mim,com educadores do Sesc Jundiaí,de-ate,sempre,depois,sempre,7,11h,undefined,2023-10-07 00:00:00,2023-10-07 00:00:00,2023-10-28 00:00:00,,,0,manhã
94000006235699,50,9,'+ lazer,14,Outros,94,Bom Retiro,capital,0,0,outros,,Jogos de tabuleiro Latinoamericanos,Com Toca Games,de-ate,sempre,depois,sempre,7,15h,undefined,2023-10-07 00:00:00,2023-10-07 00:00:00,2023-10-28 00:00:00,,,0,tarde
96000319803011,30,9,'+ lazer,14,Outros,96,Sorocaba,interior,0,0,crianças,Espaço de Brincar,BrincArte - experimentando materiais naturais na arte,Com Aline França psicopedagoga,de-ate,sempre,depois,sempre,7,10h30,undefined,2023-10-07 00:00:00,2023-10-07 00:00:00,2023-10-21 00:00:00,,,0,manhã
52000005345189,219,1,shows e espetáculos,1,Música,52,24 De Maio,capital,0,0,outros,73/23: Meio século  de discos históricos,BNegão e Black Mantra,"Interpretam ""Tim Maia"" de Tim Maia",uma,thisM,depois,dom,6,18h,undefined,2023-10-08 00:00:00,2023-10-07 00:00:00,2023-10-08 00:00:00,,,0,noite
53000006200579,330,1,shows e espetáculos,1,Música,53,Santana,capital,0,0,outros,,Brisa Flow,,uma,thisM,depois,dom,6,18h,undefined,2023-10-08 00:00:00,2023-10-07 00:00:00,2023-10-08 00:00:00,,,0,noite
56000005128984,2000,1,shows e espetáculos,1,Música,56,Itaquera,capital,1,0,outros,,Tiquequê,Show Todo Dia,uma,thisM,depois,dom,6,15h30,undefined,2023-10-08 00:00:00,2023-10-08 00:00:00,2023-10-08 00:00:00,1,Tradução em Libras,0,tarde
58000006821346,120,1,shows e espetáculos,1,Música,58,Pinheiros,capital,0,0,outros,,Sarau Afro Bolívia Brasil,,uma,thisM,depois,dom,6,15h,undefined,2023-10-08 00:00:00,2023-10-08 00:00:00,2023-10-08 00:00:00,,,0,tarde
63000013281199,350,1,shows e espetáculos,1,Música,63,Pompeia,capital,0,0,outros,,Hyldon,,uma,thisM,depois,dom,6,18h,undefined,2023-10-08 00:00:00,2023-10-07 00:00:00,2023-10-08 00:00:00,,,0,noite
66000017340615,1800,1,shows e espetáculos,1,Música,66,Vila Mariana,capital,0,0,outros,,Mateus Aleluia,,uma,thisM,depois,dom,6,18h,undefined,2023-10-08 00:00:00,2023-10-06 00:00:00,2023-10-08 00:00:00,,,0,noite
66000016342087,200,1,shows e espetáculos,1,Música,66,Vila Mariana,capital,0,0,outros,Choro na Praça,Quintetinho Caracaxá,Choro na Praça,uma,thisM,depois,dom,6,15h,undefined,2023-10-08 00:00:00,2023-10-08 00:00:00,2023-10-08 00:00:00,,,0,tarde
68000008847431,394,1,shows e espetáculos,1,Música,68,Belenzinho,capital,0,0,outros,,Elba Ramalho,,uma,thisM,depois,dom,6,18h,undefined,2023-10-08 00:00:00,2023-10-06 00:00:00,2023-10-08 00:00:00,,,0,noite
72000000629258,150,1,shows e espetáculos,1,Música,72,Mogi Das Cruzes,capital,1,0,outros,,Quinteto Corsário,,uma,thisM,depois,dom,6,16h,undefined,2023-10-08 00:00:00,2023-10-08 00:00:00,2023-10-08 00:00:00,,,0,tarde
73000005028274,50,1,shows e espetáculos,1,Música,73,Guarulhos,capital,0,0,crianças,Espaço de Brincar,Serenando: cantar para e com as crianças,Com a Cia Lira dos Anjos,uma,thisM,depois,dom,6,14h,undefined,2023-10-08 00:00:00,2023-10-08 00:00:00,2023-10-08 00:00:00,,,0,tarde
79000003145002,100,1,shows e espetáculos,1,Música,79,Catanduva,interior,1,0,outros,No Ponteio da Viola,Vozes do Sertão,Velha Congonha,uma,thisM,depois,dom,6,10h30,undefined,2023-10-08 00:00:00,2023-10-08 00:00:00,2023-10-08 00:00:00,,,0,manhã
82000005025294,350,1,shows e espetáculos,1,Música,82,São Carlos,interior,0,0,outros,Sons da Tarde,Bagaço Trio,MPB/ Nordestina,uma,thisM,depois,dom,6,16h,undefined,2023-10-08 00:00:00,2023-10-08 00:00:00,2023-10-08 00:00:00,,,0,tarde
83000004110069,500,1,shows e espetáculos,1,Música,83,Piracicaba,interior,1,0,outros,No Palco do Sesc,Banda Fizz Jazz,,uma,thisM,depois,dom,6,15h,undefined,2023-10-08 00:00:00,2023-10-08 00:00:00,2023-10-08 00:00:00,,,0,tarde
83000004046435,150,1,shows e espetáculos,1,Música,83,Piracicaba,interior,1,0,outros,No Palco do Sesc,Danilo Moraes & Picadinho,Projeto: Som de Domingo,uma,thisM,depois,dom,6,15h30,undefined,2023-10-08 00:00:00,2023-10-08 00:00:00,2023-10-08 00:00:00,,,0,tarde
91000002154193,700,1,shows e espetáculos,1,Música,91,Campo Limpo,capital,1,0,outros,"Zona Sul, Zona Show",Luiz Celestino,Festival CultCom - Cultura e Comunicação Periférica,uma,thisM,depois,dom,6,17h,undefined,2023-10-08 00:00:00,2023-10-08 00:00:00,2023-10-08 00:00:00,,,0,tarde
94000006236798,291,1,shows e espetáculos,1,Música,94,Bom Retiro,capital,0,0,outros,,Héloa,"Show yIDé, com participação de Zé Manoel",uma,thisM,depois,dom,6,18h,undefined,2023-10-08 00:00:00,2023-10-08 00:00:00,2023-10-08 00:00:00,,,0,noite
94000006236048,500,1,shows e espetáculos,1,Música,94,Bom Retiro,capital,1,0,outros,,Pagode na Lata,Show Pagode e Redução de Danos,uma,thisM,depois,dom,6,16h30,undefined,2023-10-08 00:00:00,2023-10-08 00:00:00,2023-10-08 00:00:00,,,0,tarde
96000317415378,275,1,shows e espetáculos,1,Música,96,Sorocaba,interior,0,0,outros,Concertos da Primavrea,Operilda na Floresta Amazônica,,uma,thisM,depois,dom,6,16h,undefined,2023-10-08 00:00:00,2023-10-08 00:00:00,2023-10-08 00:00:00,,,0,tarde
93000005725720,44,1,shows e espetáculos,11,Atividade Física,93,Jundiaí,interior,0,0,jovens,,Produção da atividade: Torneio Caipira de Vôlei Jovem- 2023 - Etapa Jundiaí,,uma,thisM,depois,dom,6,08h,undefined,2023-10-08 00:00:00,2023-10-08 00:00:00,2023-10-08 00:00:00,,,0,manhã
52000005479525,100,1,shows e espetáculos,2,Teatro,52,24 De Maio,capital,0,0,outros,,O Senhor dos Sonhos,Com Cia Truks,uma,thisM,depois,dom,6,16h,undefined,2023-10-08 00:00:00,2023-10-07 00:00:00,2023-10-08 00:00:00,,,0,tarde
57000007274848,200,1,shows e espetáculos,2,Teatro,57,Ipiranga,capital,0,0,outros,,Selvagem,De Mike Bartlett,uma,thisM,depois,dom,6,18h,undefined,2023-10-08 00:00:00,2023-09-23 00:00:00,2023-10-22 00:00:00,1,Tradução em Libras,0,noite
57000006564450,30,1,shows e espetáculos,2,Teatro,57,Ipiranga,capital,0,0,outros,Teatro Mínimo,Okama,Direção Miwa Yanagizawa,uma,thisM,depois,dom,6,18h30,undefined,2023-10-08 00:00:00,2023-09-22 00:00:00,2023-10-08 00:00:00,,,0,noite
57000007290682,200,1,shows e espetáculos,2,Teatro,57,Ipiranga,capital,0,1,outros,,Aqui Tem Vida Demais!,,uma,thisM,depois,dom,6,11h,undefined,2023-10-08 00:00:00,2023-10-08 00:00:00,2023-11-02 00:00:00,1,Tradução em Libras,0,manhã
58000006689435,100,1,shows e espetáculos,2,Teatro,58,Pinheiros,capital,0,0,outros,,Caminhos de Violeta,Com Daiane Baumgartner,uma,thisM,depois,dom,6,17h,undefined,2023-10-08 00:00:00,2023-10-07 00:00:00,2023-10-08 00:00:00,,,0,tarde
58000006653130,98,1,shows e espetáculos,2,Teatro,58,Pinheiros,capital,0,1,outros,,Destroca,Com Cia. dos Náufragos,uma,thisM,depois,dom,6,15h,undefined,2023-10-08 00:00:00,2023-09-24 00:00:00,2023-10-15 00:00:00,,,0,tarde
58000006653130,98,1,shows e espetáculos,2,Teatro,58,Pinheiros,capital,0,1,outros,,Destroca,Com Cia. dos Náufragos,uma,thisM,depois,dom,6,17h,undefined,2023-10-08 00:00:00,2023-09-24 00:00:00,2023-10-15 00:00:00,,,0,tarde
62000007895240,280,1,shows e espetáculos,2,Teatro,62,Consolação,capital,0,0,outros,,A hora do lobo - um debate com o filme Dogville de Lars von Trier,de Christiane Jatahy,uma,thisM,depois,dom,6,18h,undefined,2023-10-08 00:00:00,2023-09-22 00:00:00,2023-10-15 00:00:00,,,0,noite
65000003505504,80,1,shows e espetáculos,2,Teatro,65,Av. Paulista,capital,0,0,outros,,Guará Vermelha,Com Cia do Tijolo,uma,thisM,depois,dom,6,18h,undefined,2023-10-08 00:00:00,2023-09-29 00:00:00,2023-10-29 00:00:00,1,Audiodescrição  Tradução em Libras,0,noite
68000008969431,120,1,shows e espetáculos,2,Teatro,68,Belenzinho,capital,0,0,outros,,G.A.L.A.,"direção de Gerald Thomas, com Fernanda Gugli",uma,thisM,depois,dom,6,18h30,undefined,2023-10-08 00:00:00,2023-09-22 00:00:00,2023-10-08 00:00:00,,,0,noite
70000005670433,270,1,shows e espetáculos,2,Teatro,70,Santo Amaro,capital,0,1,outros,,Samaúma Árvore Mãe,Com Cia da Tribo,uma,thisM,depois,dom,6,16h,undefined,2023-10-08 00:00:00,2023-10-08 00:00:00,2023-10-22 00:00:00,,,0,tarde
75000007836181,200,1,shows e espetáculos,2,Teatro,75,Campinas,interior,0,0,outros,Passa na Praça,Ladeira das Crianças #TeatroFunk,Com Grupo Rosas Periféricas.,uma,thisM,depois,dom,6,16h30,undefined,2023-10-08 00:00:00,2023-10-08 00:00:00,2023-10-08 00:00:00,,,0,tarde
75000007846405,60,1,shows e espetáculos,2,Teatro,75,Campinas,interior,0,1,crianças,,Bá,Com Cia. Zin,uma,thisM,depois,dom,6,10h30,undefined,2023-10-08 00:00:00,2023-10-08 00:00:00,2023-10-08 00:00:00,,,0,manhã
77000311977285,126,1,shows e espetáculos,2,Teatro,77,S. J. Campos,interior,0,1,crianças,,A revolução na cozinha,Com Teatro de la Plaza,uma,thisM,depois,dom,6,15h,undefined,2023-10-08 00:00:00,2023-10-08 00:00:00,2023-10-08 00:00:00,,,0,tarde
78000006904228,30,1,shows e espetáculos,2,Teatro,78,Santos,interior,1,0,outros,,Vila Parisi,com Coletivo 302,uma,thisM,depois,dom,6,20h,undefined,2023-10-08 00:00:00,2023-09-30 00:00:00,2023-10-22 00:00:00,,,0,noite
85000003057384,214,1,shows e espetáculos,2,Teatro,85,Birigui,interior,0,1,outros,,"Os filhos de Iauaretê, a onça-rei",Com Cia Pé do Ouvido. Texto de Kaká Werá. Direção Thaís Medeiros,uma,thisM,depois,dom,6,16h,undefined,2023-10-08 00:00:00,2023-10-08 00:00:00,2023-10-08 00:00:00,,,0,tarde
88000005189982,302,1,shows e espetáculos,2,Teatro,88,Santo André,capital,0,1,outros,,Fabulinhando Operários,com FABULINHANDO Companhia de Artes Integradas,uma,thisM,depois,dom,6,16h,undefined,2023-10-08 00:00:00,2023-10-08 00:00:00,2023-10-15 00:00:00,,,0,tarde
93000005866791,220,1,shows e espetáculos,2,Teatro,93,Jundiaí,interior,0,1,outros,,Ilu Okan - O que minha vó contou,Com o Grupo Trança de Teatro,uma,thisM,depois,dom,6,16h,undefined,2023-10-08 00:00:00,2023-10-08 00:00:00,2023-10-08 00:00:00,,,0,tarde
94000006190415,291,1,shows e espetáculos,2,Teatro,94,Bom Retiro,capital,0,1,outros,,Zebra sem nome,Concepção e Direção de Marina Esteves,uma,thisM,depois,dom,6,12h,undefined,2023-10-08 00:00:00,2023-10-08 00:00:00,2023-11-05 00:00:00,,,0,tarde
53000006109473,200,1,shows e espetáculos,3,Circo,53,Santana,capital,0,0,outros,,Planeta Zulpeta,Julieta Zarza,uma,thisM,depois,dom,6,14h,undefined,2023-10-08 00:00:00,2023-10-07 00:00:00,2023-10-08 00:00:00,,,0,tarde
62000007815419,100,1,shows e espetáculos,3,Circo,62,Consolação,capital,1,0,outros,,R.U.A.,com Cia. Suno,uma,thisM,depois,dom,6,14h,undefined,2023-10-08 00:00:00,2023-10-08 00:00:00,2023-10-08 00:00:00,,,0,tarde
63000013093945,100,1,shows e espetáculos,3,Circo,63,Pompeia,capital,0,1,outros,Dia das Crianças,Sob o mesmo teto,Com Cia. Gravitá,uma,thisM,depois,dom,6,17h,undefined,2023-10-08 00:00:00,2023-10-08 00:00:00,2023-10-29 00:00:00,,,0,tarde
65000003608175,250,1,shows e espetáculos,3,Circo,65,Av. Paulista,capital,1,0,outros,,Circo Caravana,Com Caravana Tapioca,uma,thisM,depois,dom,6,17h,undefined,2023-10-08 00:00:00,2023-10-08 00:00:00,2023-10-08 00:00:00,,,0,tarde
73000005099928,300,1,shows e espetáculos,3,Circo,73,Guarulhos,capital,1,0,outros,,Água,com A Próxima Companhia,uma,thisM,depois,dom,6,16h,undefined,2023-10-08 00:00:00,2023-10-08 00:00:00,2023-10-12 00:00:00,,,0,tarde
78000006778010,765,1,shows e espetáculos,3,Circo,78,Santos,interior,0,1,crianças,,"Simbad, o Navegante",com Circo Mínimo,uma,thisM,depois,dom,6,17h30,undefined,2023-10-08 00:00:00,2023-10-08 00:00:00,2023-10-08 00:00:00,,,0,tarde
80000005193266,165,1,shows e espetáculos,3,Circo,80,Bauru,interior,0,1,outros,,TV Sem Controle,Com Cia. Asfalto de Poesia,uma,thisM,depois,dom,6,16h30,undefined,2023-10-08 00:00:00,2023-10-08 00:00:00,2023-10-08 00:00:00,,,0,tarde
81000004312913,250,1,shows e espetáculos,3,Circo,81,Taubaté,interior,1,0,crianças,,Parapapel,Cia Pelo Cano,uma,thisM,depois,dom,6,16h30,undefined,2023-10-08 00:00:00,2023-10-08 00:00:00,2023-10-08 00:00:00,,,0,tarde
87000003011664,180,1,shows e espetáculos,3,Circo,87,Prudente,interior,0,0,outros,,Gran Circo de Fios,Com a Cia A DitaCuja,uma,thisM,depois,dom,6,15h,undefined,2023-10-08 00:00:00,2023-10-08 00:00:00,2023-10-08 00:00:00,1,Tradução em Libras,0,tarde
95000002838317,450,1,shows e espetáculos,3,Circo,95,Osasco,capital,1,0,outros,Circo Nosso de Todo Dia,Wendy e Peter,Com a Cia Linhas Aéreas,uma,thisM,depois,dom,6,16h,undefined,2023-10-08 00:00:00,2023-10-08 00:00:00,2023-10-08 00:00:00,,,0,tarde
55000004684922,80,1,shows e espetáculos,4,Dança,55,Interlagos,capital,1,0,outros,,Dança Dentro,Com Menina Fulô,uma,thisM,depois,dom,6,15h,undefined,2023-10-08 00:00:00,2023-10-08 00:00:00,2023-10-15 00:00:00,,,0,tarde
58000006234484,900,1,shows e espetáculos,4,Dança,58,Pinheiros,capital,0,0,outros,,estreia PETRUSHKA  (Goyo Montero) - abertura UMBÓ (Leilane Teles),Com São Paulo Companhia de Dança,uma,thisM,depois,dom,6,18h,undefined,2023-10-08 00:00:00,2023-10-06 00:00:00,2023-10-08 00:00:00,,,0,noite
65000003560959,60,1,shows e espetáculos,4,Dança,65,Av. Paulista,capital,1,0,crianças,Tocando o Terror,Assombrinho,Com: Núcleo Quanta,uma,thisM,depois,dom,6,11h,undefined,2023-10-08 00:00:00,2023-10-07 00:00:00,2023-10-29 00:00:00,,,0,manhã
65000003560959,60,1,shows e espetáculos,4,Dança,65,Av. Paulista,capital,1,0,crianças,Tocando o Terror,Assombrinho,Com: Núcleo Quanta,uma,thisM,depois,dom,6,15h,undefined,2023-10-08 00:00:00,2023-10-07 00:00:00,2023-10-29 00:00:00,,,0,tarde
73000004954865,350,1,shows e espetáculos,4,Dança,73,Guarulhos,capital,0,1,crianças,,Brincos e Folias,Balangandança Cia,uma,thisM,depois,dom,6,17h30,undefined,2023-10-08 00:00:00,2023-10-08 00:00:00,2023-10-08 00:00:00,,,0,tarde
56000005101673,40,1,shows e espetáculos,7,Literatura,56,Itaquera,capital,0,0,crianças,,Balaio Colorido de Histórias,Cia Duo encantado,uma,thisM,depois,dom,6,11h,undefined,2023-10-08 00:00:00,2023-10-08 00:00:00,2023-10-08 00:00:00,,,0,manhã
68000008764044,300,1,shows e espetáculos,7,Literatura,68,Belenzinho,capital,1,0,outros,TARDES no Belenzinho,A História Aberta,com Kiara Terra,uma,thisM,depois,dom,6,17h,undefined,2023-10-08 00:00:00,2023-10-01 00:00:00,2023-10-29 00:00:00,,,0,tarde
75000008050815,100,1,shows e espetáculos,7,Literatura,75,Campinas,interior,0,0,outros,,Novo [Na estante],com Rita Carelli,uma,thisM,depois,dom,6,09h,undefined,2023-10-08 00:00:00,2023-09-21 00:00:00,2023-10-31 00:00:00,,,0,manhã
75000007953323,15,1,shows e espetáculos,7,Literatura,75,Campinas,interior,1,0,outros,,[NA ESTANTE] Rita Carelli,com Rita Carelli,uma,thisM,depois,dom,6,09h,undefined,2023-10-08 00:00:00,2023-09-21 00:00:00,2023-10-31 00:00:00,,,0,manhã
91000002209934,600,1,shows e espetáculos,7,Literatura,91,Campo Limpo,capital,0,0,outros,,Feira Literária e artesanato - Cultcom,Festival Cultcom,uma,thisM,depois,dom,6,12h,undefined,2023-10-08 00:00:00,2023-10-07 00:00:00,2023-10-08 00:00:00,,,0,tarde
80000005193538,50,1,shows e espetáculos,8,Educação,80,Bauru,interior,0,0,crianças,Negras Narrativas,Sarau Musical da Capoeira,Com Oralidades Pretas.,uma,thisM,depois,dom,6,15h,undefined,2023-10-08 00:00:00,2023-10-08 00:00:00,2023-10-08 00:00:00,,,0,tarde
79000003202388,150,2,cursos e oficinas,1,Música,79,Catanduva,interior,1,0,outros,,DJ Jefferson Scratchj,,uma,thisM,depois,dom,6,15h,undefined,2023-10-08 00:00:00,2023-10-08 00:00:00,2023-10-08 00:00:00,,,0,tarde
83000003943822,35,2,cursos e oficinas,10,Saúde,83,Piracicaba,interior,1,0,outros,Parto Respeitoso: Da gravidez ao pós-parto,Parto Respeitoso: Cuidados com o bebê,Oficina teórico-prática,de-ate,sempre,depois,sempre,7,09h30,undefined,2023-10-08 00:00:00,2023-10-08 00:00:00,2023-10-08 00:00:00,,,0,manhã
93000005902262,22,2,cursos e oficinas,10,Saúde,93,Jundiaí,interior,0,0,outros,,Vivências Herbais - Óleo Corporal,,uma,thisM,depois,dom,6,15h,undefined,2023-10-08 00:00:00,2023-10-07 00:00:00,2023-10-08 00:00:00,,,0,tarde
52000005617749,10,2,cursos e oficinas,6,Artes Visuais,52,24 De Maio,capital,1,0,outros,Ateliê de Impressões e Expressões,Encadernação Copta,com Sylvia Sato,uma,thisM,depois,dom,6,10h,undefined,2023-10-08 00:00:00,2023-10-07 00:00:00,2023-10-22 00:00:00,,,0,manhã
56000005108107,15,2,cursos e oficinas,6,Artes Visuais,56,Itaquera,capital,1,0,outros,,Sonhar o morar: Quebradinha,com Marcelino Melo (Nenê).,de-ate,sempre,depois,sempre,7,13h,undefined,2023-10-08 00:00:00,2023-10-08 00:00:00,2023-10-29 00:00:00,,,0,tarde
63000013458583,12,2,cursos e oficinas,6,Artes Visuais,63,Pompeia,capital,1,0,jovens,Oficinas para Crianças e seus Responsáveis,Oficina de Carimbos,Com Naomi Lustosa,uma,thisM,depois,dom,6,15h,undefined,2023-10-08 00:00:00,2023-09-24 00:00:00,2023-10-08 00:00:00,,,0,tarde
63000013457975,15,2,cursos e oficinas,6,Artes Visuais,63,Pompeia,capital,1,0,outros,Ateliê Aberto 2023.2,Ateliê Aberto - Gravura,Com Marcos Blau,uma,thisM,depois,dom,6,11h,undefined,2023-10-08 00:00:00,2023-09-24 00:00:00,2023-12-03 00:00:00,,,0,manhã
63000013457765,15,2,cursos e oficinas,6,Artes Visuais,63,Pompeia,capital,1,0,outros,Ateliê Aberto 2023.2,Ateliê Aberto - Marcenaria,Com Angelo Pinheiro,uma,thisM,depois,dom,6,11h,undefined,2023-10-08 00:00:00,2023-09-24 00:00:00,2023-12-03 00:00:00,,,0,manhã
63000012855144,15,2,cursos e oficinas,6,Artes Visuais,63,Pompeia,capital,1,0,outros,Oficinas para Crianças e seus Responsáveis,Criaturas brilhantes,com Karen Keppe,uma,thisM,depois,dom,6,14h,undefined,2023-10-08 00:00:00,2023-10-08 00:00:00,2023-10-15 00:00:00,,,0,tarde
68000008929832,10,2,cursos e oficinas,6,Artes Visuais,68,Belenzinho,capital,1,0,crianças,,Oficina de massinha para crianças,Com Nilza Sbravati,de-ate,sempre,depois,sempre,7,14h,undefined,2023-10-08 00:00:00,2023-10-07 00:00:00,2023-11-05 00:00:00,,,0,tarde
70000005382856,15,2,cursos e oficinas,6,Artes Visuais,70,Santo Amaro,capital,0,0,outros,,Ateliê para a família: Cartões com colagem e desenho,Com Fabio Bridges,uma,thisM,depois,dom,6,14h,undefined,2023-10-08 00:00:00,2023-10-08 00:00:00,2023-10-08 00:00:00,,,0,tarde
71000004399662,40,2,cursos e oficinas,6,Artes Visuais,71,Bertioga,interior,0,0,jovens,,Cerâmica para Crianças,com Coletivo Laranja Azul,uma,thisM,depois,dom,6,15h,undefined,2023-10-08 00:00:00,2023-10-08 00:00:00,2023-10-08 00:00:00,,,0,tarde
73000005103831,15,2,cursos e oficinas,6,Artes Visuais,73,Guarulhos,capital,1,0,crianças,,A Cidade em Mosaico,Com Gabriel Zanetti Pieroni,uma,thisM,depois,dom,6,14h,undefined,2023-10-08 00:00:00,2023-10-08 00:00:00,2023-10-15 00:00:00,,,0,tarde
75000007891103,15,2,cursos e oficinas,6,Artes Visuais,75,Campinas,interior,1,0,crianças,,[Família Maker] Brincadeira de Peteca - Turma 2,"Com Bruna Braza, artista e educadora do Estudio Embraza",uma,thisM,depois,dom,6,14h,undefined,2023-10-08 00:00:00,2023-10-08 00:00:00,2023-10-08 00:00:00,1,Texto Ampliado,0,tarde
76000004521459,15,2,cursos e oficinas,6,Artes Visuais,76,Ribeirão Preto,interior,1,0,outros,,Desvendando as Inteligências Artificiais de Texto,Com educadores do Espaço de Tecnologias e Artes,uma,thisM,depois,dom,6,14h,undefined,2023-10-08 00:00:00,2023-10-01 00:00:00,2023-10-08 00:00:00,,,0,tarde
77000313191005,12,2,cursos e oficinas,6,Artes Visuais,77,S. J. Campos,interior,0,0,outros,,Cidade das crianças,"Com Gabriela Neyra e Renato Munhoz, educadores do Sesc",uma,thisM,depois,dom,6,14h30,undefined,2023-10-08 00:00:00,2023-10-08 00:00:00,2023-10-15 00:00:00,,,0,tarde
78000006680360,30,2,cursos e oficinas,6,Artes Visuais,78,Santos,interior,1,0,outros,,Vivência: Costura de cosplay e fantasias,Com RPG & Cultura,de-ate,sempre,depois,sempre,7,11h,undefined,2023-10-08 00:00:00,2023-10-08 00:00:00,2023-10-29 00:00:00,,,0,manhã
80000005087001,15,2,cursos e oficinas,6,Artes Visuais,80,Bauru,interior,0,0,crianças,,Garras e bocarras,"Com Bruno Müller, educador de Tecnologias e Artes do Sesc",uma,thisM,depois,dom,6,15h,undefined,2023-10-08 00:00:00,2023-10-08 00:00:00,2023-10-22 00:00:00,,,0,tarde
83000004079190,20,2,cursos e oficinas,6,Artes Visuais,83,Piracicaba,interior,1,0,outros,CRIA_experiências de invenção,Círculo de vozes,"com Nina Neder, arte educadora",uma,thisM,depois,dom,6,14h,undefined,2023-10-08 00:00:00,2023-10-08 00:00:00,2023-10-08 00:00:00,,,0,tarde
83000003811773,50,2,cursos e oficinas,7,Literatura,83,Piracicaba,interior,1,0,outros,,Histórias curiosas para lembrar mundos,Especial Mês das Crianças e Educadores - Contação de História com Kiara Terra,de-ate,sempre,depois,sempre,7,10h30,undefined,2023-10-08 00:00:00,2023-10-08 00:00:00,2023-10-29 00:00:00,,,0,manhã
93000005975308,80,2,cursos e oficinas,7,Literatura,93,Jundiaí,interior,0,0,outros,Palavras em Casa,Palavras ao vento,com Quiosco Cultural,uma,thisM,depois,dom,6,14h30,undefined,2023-10-08 00:00:00,2023-10-07 00:00:00,2023-10-08 00:00:00,,,0,tarde
52000005353329,15,2,cursos e oficinas,8,Educação,52,24 De Maio,capital,1,0,outros,,Upcycling na moda com tecidos africanos,com Suelen Ingrid (Afroish),primeira,thisM,depois,dom,6,10h,undefined,2023-10-08 00:00:00,2023-10-01 00:00:00,2023-10-08 00:00:00,,,0,manhã
65000003561282,30,2,cursos e oficinas,8,Educação,65,Av. Paulista,capital,1,0,crianças,Tocando o Terror,Mortos Vivos e Horripilantes,Melina Sanchez,uma,thisM,depois,dom,6,14h,undefined,2023-10-08 00:00:00,2023-10-08 00:00:00,2023-10-29 00:00:00,,,0,tarde
73000005075882,25,2,cursos e oficinas,8,Educação,73,Guarulhos,capital,0,0,crianças,,Stêncil com Sacys!,com Coletivo Fora da Garrafa,uma,thisM,depois,dom,6,14h,undefined,2023-10-08 00:00:00,2023-10-07 00:00:00,2023-10-08 00:00:00,,,0,tarde
73000005071890,40,2,cursos e oficinas,8,Educação,73,Guarulhos,capital,1,0,jovens,Juventudes,Rolê Kpop!,,uma,thisM,depois,dom,6,14h,undefined,2023-10-08 00:00:00,2023-10-01 00:00:00,2023-10-29 00:00:00,,,0,tarde
78000006774241,15,2,cursos e oficinas,8,Educação,78,Santos,interior,0,0,jovens,Juventudes,"Arte é para todos, Keith Haring.",,uma,thisM,depois,dom,6,15h,undefined,2023-10-08 00:00:00,2023-10-08 00:00:00,2023-10-08 00:00:00,,,0,tarde
80000005193493,20,2,cursos e oficinas,8,Educação,80,Bauru,interior,0,0,outros,Negras Narrativas,Sons da Capoeira,"Com Mestre Tico, artesão e mestre de Capoeira dos Angoleiros do Sertão.",uma,thisM,depois,dom,6,14h,undefined,2023-10-08 00:00:00,2023-10-08 00:00:00,2023-10-08 00:00:00,,,0,tarde
82000005041509,15,2,cursos e oficinas,8,Educação,82,São Carlos,interior,0,0,crianças,Espaço de Brincar,Fulelê de brincar,,uma,thisM,depois,dom,6,10h30,undefined,2023-10-08 00:00:00,2023-10-07 00:00:00,2023-10-08 00:00:00,,,0,manhã
82000005041529,15,2,cursos e oficinas,8,Educação,82,São Carlos,interior,0,0,crianças,Espaço de Brincar,Fulelê de brincar,,uma,thisM,depois,dom,6,14h,undefined,2023-10-08 00:00:00,2023-10-07 00:00:00,2023-10-08 00:00:00,,,0,tarde
84000005268524,20,2,cursos e oficinas,8,Educação,84,Rio Preto,interior,1,0,outros,Arteria,Mini pebolim,Com educadores do Infantojuvenil,uma,thisM,depois,dom,6,14h,undefined,2023-10-08 00:00:00,2023-10-07 00:00:00,2023-10-08 00:00:00,,,0,tarde
52000005318478,20,2,cursos e oficinas,9,Meio Ambiente,52,24 De Maio,capital,0,0,outros,,Artesanato Sustentável e Afetividade  - Plaquinhas de madeira de Pallets,Com Caçambaria,uma,thisM,depois,dom,6,10h,undefined,2023-10-08 00:00:00,2023-10-08 00:00:00,2023-10-08 00:00:00,,,0,manhã
53000006119866,100,2,cursos e oficinas,9,Meio Ambiente,53,Santana,capital,0,0,outros,,Feira agroecológica,,de-ate,sempre,depois,sempre,7,11h,undefined,2023-10-08 00:00:00,2023-09-24 00:00:00,2023-10-08 00:00:00,,,0,manhã
56000005146986,60,2,cursos e oficinas,9,Meio Ambiente,56,Itaquera,capital,0,0,crianças,,Parque de Bambú: Instalação Brincante,Grupo Equipe Parque de Bambu,uma,thisM,depois,dom,6,09h,undefined,2023-10-08 00:00:00,2023-10-01 00:00:00,2023-10-29 00:00:00,,,0,manhã
58000006795800,60,2,cursos e oficinas,9,Meio Ambiente,58,Pinheiros,capital,1,0,outros,,Realejo do Cultivo,Com Anderson Maurício,uma,thisM,depois,dom,6,12h,undefined,2023-10-08 00:00:00,2023-10-07 00:00:00,2023-10-08 00:00:00,,,0,tarde
66000016681721,50,2,cursos e oficinas,9,Meio Ambiente,66,Vila Mariana,capital,0,0,outros,,Cortejo  A Mátria Amada pede: composte-se,com Grupo Manuí,uma,thisM,depois,dom,6,10h,undefined,2023-10-08 00:00:00,2023-10-08 00:00:00,2023-10-08 00:00:00,,,0,manhã
71000004379252,40,2,cursos e oficinas,9,Meio Ambiente,71,Bertioga,interior,0,0,outros,,"Nossos Parques, Nosso Quintal - Trilha do Guaratuba",,uma,thisM,depois,dom,6,09h30,undefined,2023-10-08 00:00:00,2023-10-01 00:00:00,2023-10-29 00:00:00,,,0,manhã
71000004429127,20,2,cursos e oficinas,9,Meio Ambiente,71,Bertioga,interior,0,0,outros,Avifauna,Observação de Aves,Caminhada,uma,thisM,depois,dom,6,15h,undefined,2023-10-08 00:00:00,2023-10-08 00:00:00,2023-11-19 00:00:00,,,0,tarde
73000004593106,75,2,cursos e oficinas,9,Meio Ambiente,73,Guarulhos,capital,1,0,crianças,,Origami: reaproveitando papel,Com Arthur Christmann,uma,thisM,depois,dom,6,10h30,undefined,2023-10-08 00:00:00,2023-10-07 00:00:00,2023-10-08 00:00:00,,,0,manhã
83000004093324,15,2,cursos e oficinas,9,Meio Ambiente,83,Piracicaba,interior,0,0,outros,,Meliponicultura: Como regularizar?,,uma,thisM,depois,dom,6,10h,undefined,2023-10-08 00:00:00,2023-10-08 00:00:00,2023-10-08 00:00:00,,,0,manhã
83000004127386,100,2,cursos e oficinas,9,Meio Ambiente,83,Piracicaba,interior,0,0,outros,,Terra e Chão,,uma,thisM,depois,dom,6,09h30,undefined,2023-10-08 00:00:00,2023-10-01 00:00:00,2023-10-31 00:00:00,,,0,manhã
87000003013199,25,2,cursos e oficinas,9,Meio Ambiente,87,Prudente,interior,1,0,outros,Florestar: Áreas Verdes Educadoras - Ações regulares,Mãos à Horta,Com agente de educação ambiental do Sesc,uma,thisM,depois,dom,6,10h,undefined,2023-10-08 00:00:00,2023-10-08 00:00:00,2023-10-08 00:00:00,,,0,manhã
93000005983083,500,2,cursos e oficinas,9,Meio Ambiente,93,Jundiaí,interior,1,0,outros,,Chás de Saúde,"Com Carol Seixas e Danny Leite, no Parque da Cidade",uma,thisM,depois,dom,6,09h,undefined,2023-10-08 00:00:00,2023-10-08 00:00:00,2023-10-08 00:00:00,,,0,manhã
96000319875867,15,2,cursos e oficinas,9,Meio Ambiente,96,Sorocaba,interior,1,0,crianças,Oficinas Ecopráticas,A natureza e seus sons,Com Marcos Bravin dos Santos. agente de educação ambiental do Sesc Sorocaba,uma,thisM,depois,dom,6,10h30,undefined,2023-10-08 00:00:00,2023-10-08 00:00:00,2023-10-08 00:00:00,,,0,manhã
83000004053561,150,3,debates e paletras,5,Cinema,83,Piracicaba,interior,1,0,outros,,La Sirga,Dir: William Vega,uma,thisM,depois,dom,6,17h,undefined,2023-10-08 00:00:00,2023-10-08 00:00:00,2023-10-08 00:00:00,,,0,tarde
81000004362921,50,3,debates e paletras,6,Artes Visuais,81,Taubaté,interior,1,0,outros,Lab Valoriza,Bate - papo Batalhas de Mc's -  Do Vale a capital,"Betinho Zulu, Ralph, Mamuti e Lucão",uma,thisM,depois,dom,6,15h,undefined,2023-10-08 00:00:00,2023-10-08 00:00:00,2023-10-08 00:00:00,,,0,tarde
68000008805511,80,3,debates e paletras,7,Literatura,68,Belenzinho,capital,1,0,crianças,,Aconchego: Mediação de Leitura para Pais e Filhos,com Serena Infância,uma,thisM,depois,dom,6,13h,undefined,2023-10-08 00:00:00,2023-10-07 00:00:00,2023-10-29 00:00:00,,,0,tarde
70000005682641,25,3,debates e paletras,7,Literatura,70,Santo Amaro,capital,1,0,outros,,Historinhas e Historietas,"Com Simone de Souza, artista eucadora, mediadora de leitura, licenciada em teatro.",uma,thisM,depois,dom,6,14h30,undefined,2023-10-08 00:00:00,2023-10-01 00:00:00,2023-10-29 00:00:00,,,0,tarde
72000000619616,80,3,debates e paletras,7,Literatura,72,Mogi Das Cruzes,capital,1,0,outros,,Mediação de Leitura com Coletivo Cafuzas,,uma,thisM,depois,dom,6,10h,undefined,2023-10-08 00:00:00,2023-10-07 00:00:00,2023-10-29 00:00:00,,,0,manhã
72000000619616,80,3,debates e paletras,7,Literatura,72,Mogi Das Cruzes,capital,1,0,outros,,Mediação de Leitura com Coletivo Cafuzas,,uma,thisM,depois,dom,6,13h30,undefined,2023-10-08 00:00:00,2023-10-07 00:00:00,2023-10-29 00:00:00,,,0,tarde
75000007987529,100,3,debates e paletras,7,Literatura,75,Campinas,interior,0,0,outros,Passa na Praça,Pé de Histórias,Com Volta e Meia.,uma,thisM,depois,dom,6,10h,undefined,2023-10-08 00:00:00,2023-10-07 00:00:00,2023-10-11 00:00:00,,,0,manhã
75000007991452,30,3,debates e paletras,7,Literatura,75,Campinas,interior,0,0,outros,Passa na Praça,Troco um causo por um conto,Com Daniel Viana - Guardanapos Poéticos.,uma,thisM,depois,dom,6,11h,undefined,2023-10-08 00:00:00,2023-10-08 00:00:00,2023-10-08 00:00:00,,,0,manhã
75000007991452,30,3,debates e paletras,7,Literatura,75,Campinas,interior,0,0,outros,Passa na Praça,Troco um causo por um conto,Com Daniel Viana - Guardanapos Poéticos.,uma,thisM,depois,dom,6,14h,undefined,2023-10-08 00:00:00,2023-10-08 00:00:00,2023-10-08 00:00:00,,,0,tarde
78000006774247,200,3,debates e paletras,7,Literatura,78,Santos,interior,1,0,outros,,êBa! vem ler com a gente,com gRUPO êBA!,uma,thisM,depois,dom,6,13h,undefined,2023-10-08 00:00:00,2023-10-01 00:00:00,2023-10-29 00:00:00,,,0,tarde
83000004018541,150,3,debates e paletras,7,Literatura,83,Piracicaba,interior,1,0,outros,,A literatura de Chico Buarque no cinema,Bate papo com Prof. Dr. Carlos Gonçalves,uma,thisM,depois,dom,6,13h30,undefined,2023-10-08 00:00:00,2023-10-08 00:00:00,2023-10-08 00:00:00,,,0,tarde
79000003237731,15,3,debates e paletras,8,Educação,79,Catanduva,interior,1,0,outros,,Clube de leitura,"Com Marcos Braz, educador do Sesc Catanduva",uma,thisM,depois,dom,6,16h,undefined,2023-10-08 00:00:00,2023-09-24 00:00:00,2023-11-19 00:00:00,,,0,tarde
83000004125081,40,3,debates e paletras,8,Educação,83,Piracicaba,interior,1,0,outros,,A descoberta do insólito,Com Mario Medeiros,uma,thisM,depois,dom,6,14h,undefined,2023-10-08 00:00:00,2023-10-06 00:00:00,2023-10-08 00:00:00,,,0,tarde
91000002209835,120,3,debates e paletras,8,Educação,91,Campo Limpo,capital,1,0,outros,"Zona Sul, Zona Show",Festival Cultcom - Bate papo com Bia Monteiro e Diko Lopes,mediação: Thais Siqueira (Desenrola e não me Enrola),uma,thisM,depois,dom,6,14h30,undefined,2023-10-08 00:00:00,2023-10-08 00:00:00,2023-10-08 00:00:00,,,0,tarde
91000002209918,100,3,debates e paletras,8,Educação,91,Campo Limpo,capital,1,0,outros,"Zona Sul, Zona Show",Podcast Manda Notícias com Davi Aplik (1DaSul) e Robson Novaez (Da ponte pra cá),,uma,thisM,depois,dom,6,13h,undefined,2023-10-08 00:00:00,2023-10-08 00:00:00,2023-10-08 00:00:00,,,0,tarde
70000005579216,200,4,exposições,2,Teatro,70,Santo Amaro,capital,1,0,outros,,"Juca, o fusca que contava histórias","Com o Grupo êBA, surgiu a partir da intersecção entre diversos interesses: a contação de histórias, as brincadeiras infantis, a cultura popular e a cultura Surda.",de-ate,sempre,depois,sempre,7,17h,undefined,2023-10-08 00:00:00,2023-10-08 00:00:00,2023-10-08 00:00:00,1,Tradução em Libras,0,tarde
72000000635484,100,4,exposições,6,Artes Visuais,72,Mogi Das Cruzes,capital,1,0,crianças,Exposição Xilograffiti,Festival Xilograffiti,,de-ate,sempre,depois,sempre,7,09h30,undefined,2023-10-08 00:00:00,2023-10-08 00:00:00,2023-10-08 00:00:00,,,0,manhã
62000007427952,45,5,filmes,5,Cinema,62,Consolação,capital,1,0,outros,Cine Criança,O menino e o mundo,"Dir. Alê Abreu, 2013, Brasil, 80min",uma,thisM,depois,dom,6,11h,undefined,2023-10-08 00:00:00,2023-10-01 00:00:00,2023-10-08 00:00:00,,,0,manhã
68000008522381,247,5,filmes,5,Cinema,68,Belenzinho,capital,1,0,outros,Cineminha,Kiriku e a Feiticeira,Cineminha,uma,thisM,depois,dom,6,12h,undefined,2023-10-08 00:00:00,2023-10-07 00:00:00,2023-10-08 00:00:00,,,0,tarde
77000315019098,126,5,filmes,5,Cinema,77,S. J. Campos,interior,0,0,outros,"Experimenta! Comida, saúde e cultura",O Confeiteiro,Direção: Ofir Raul Graizer. Israel / Alemanha. 2017. 113 minutos.,uma,thisM,depois,dom,6,18h,undefined,2023-10-08 00:00:00,2023-10-08 00:00:00,2023-10-08 00:00:00,,,0,noite
52000005463045,300,6,atividade física,11,Atividade Física,52,24 De Maio,capital,0,0,crianças,Semana Move,Kin-Ball,Semana MOVE,uma,thisM,depois,dom,6,15h,undefined,2023-10-08 00:00:00,2023-09-23 00:00:00,2023-10-08 00:00:00,,,0,tarde
52000005419897,80,6,atividade física,11,Atividade Física,52,24 De Maio,capital,0,0,outros,Corpo Consciente,Corpo Consciente: Vinyasa Yoga,Com Jéssica Kimura,uma,thisM,depois,dom,6,11h30,undefined,2023-10-08 00:00:00,2023-10-01 00:00:00,2023-10-29 00:00:00,,,0,manhã
53000006106359,20,6,atividade física,11,Atividade Física,53,Santana,capital,0,0,outros,,Biodanza: Dança da Vida,Com Ilson Barros,de-ate,sempre,depois,sempre,7,10h30,undefined,2023-10-08 00:00:00,2023-10-01 00:00:00,2023-10-29 00:00:00,1,Open Caption,0,manhã
57000007501110,50,6,atividade física,11,Atividade Física,57,Ipiranga,capital,0,0,outros,Corrida Fora da Caixa,Corrida Fora da Caixa,Com Educadores do Sesc Ipiranga,de-ate,sempre,depois,sempre,7,08h,undefined,2023-10-08 00:00:00,2023-10-08 00:00:00,2023-10-08 00:00:00,,,0,manhã
58000006840798,45,6,atividade física,11,Atividade Física,58,Pinheiros,capital,1,0,outros,,Práticas Corporais,Com educadores Sesc,uma,thisM,depois,dom,6,10h30,undefined,2023-10-08 00:00:00,2023-10-08 00:00:00,2023-10-08 00:00:00,,,0,manhã
65000003615105,20,6,atividade física,11,Atividade Física,65,Av. Paulista,capital,0,0,outros,,Pilates - 8/10 - 10h10,com educadores(as) de atividades físicas do Sesc Avenida Paulista.,uma,thisM,depois,dom,6,10h10,undefined,2023-10-08 00:00:00,2023-10-08 00:00:00,2023-10-08 00:00:00,,,0,manhã
65000003615216,20,6,atividade física,11,Atividade Física,65,Av. Paulista,capital,0,0,outros,,Pilates - 8/10 - 11h30,com educadores(as) de atividades físicas do Sesc Avenida Paulista.,uma,thisM,depois,dom,6,11h30,undefined,2023-10-08 00:00:00,2023-10-08 00:00:00,2023-10-08 00:00:00,,,0,manhã
65000003487209,20,6,atividade física,11,Atividade Física,65,Av. Paulista,capital,0,0,outros,,Pilates Solo - 8/10 - 14h,com educadores(as) de atividades físicas do Sesc Avenida Paulista.,uma,thisM,depois,dom,6,14h,undefined,2023-10-08 00:00:00,2023-10-08 00:00:00,2023-10-08 00:00:00,,,0,tarde
65000003552224,50,6,atividade física,11,Atividade Física,65,Av. Paulista,capital,0,0,outros,,Que Jogo é esse? Double Dutch e Rope Skipping,Com Joy Box e Iara Ito,uma,thisM,depois,dom,6,15h30,undefined,2023-10-08 00:00:00,2023-10-01 00:00:00,2023-10-29 00:00:00,,,0,tarde
65000003555024,20,6,atividade física,11,Atividade Física,65,Av. Paulista,capital,0,0,outros,,Yoga para Crianças,com educadoras de atividades físicas do Sesc Avenida Paulista,uma,thisM,depois,dom,6,10h10,undefined,2023-10-08 00:00:00,2023-10-01 00:00:00,2023-10-29 00:00:00,,,0,manhã
68000008956913,150,6,atividade física,11,Atividade Física,68,Belenzinho,capital,1,0,outros,,Aulas Abertas de Samba Rock,com Rúbia Frutuoso,uma,thisM,depois,dom,6,15h30,undefined,2023-10-08 00:00:00,2023-10-01 00:00:00,2023-10-29 00:00:00,,,0,tarde
72000000621607,45,6,atividade física,11,Atividade Física,72,Mogi Das Cruzes,capital,0,0,outros,,Hatha Yoga,Com Mônica Machado,de-ate,sempre,depois,sempre,7,10h,undefined,2023-10-08 00:00:00,2023-10-08 00:00:00,2023-10-29 00:00:00,,,0,manhã
72000000567986,100,6,atividade física,11,Atividade Física,72,Mogi Das Cruzes,capital,0,0,outros,,Mini-torneio de basquete,Com Associação Nacional de Basquete 3x3,de-ate,sempre,depois,sempre,7,10h,undefined,2023-10-08 00:00:00,2023-10-08 00:00:00,2023-10-08 00:00:00,,,0,manhã
73000004819186,40,6,atividade física,11,Atividade Física,73,Guarulhos,capital,0,0,crianças,,Duathlinho,,de-ate,sempre,depois,sempre,7,15h30,undefined,2023-10-08 00:00:00,2023-10-08 00:00:00,2023-10-29 00:00:00,,,0,tarde
73000004930485,25,6,atividade física,11,Atividade Física,73,Guarulhos,capital,0,0,crianças,,No Reino das Águas Brincantes,Recreágua Temática,uma,thisM,depois,dom,6,14h,undefined,2023-10-08 00:00:00,2023-10-01 00:00:00,2023-10-29 00:00:00,,,0,tarde
73000004943687,60,6,atividade física,11,Atividade Física,73,Guarulhos,capital,1,0,outros,,Aula aberta de Ginástica Multifuncional,Com educadores do Sesc,de-ate,sempre,depois,sempre,7,10h,undefined,2023-10-08 00:00:00,2023-10-08 00:00:00,2023-10-29 00:00:00,,,0,manhã
75000007773087,90,6,atividade física,11,Atividade Física,75,Campinas,interior,0,0,jovens,,Participação Torneio intersesc de Vôlei Jovem Misto do interior - Caipirinhos,,de-ate,sempre,depois,sempre,7,07h,undefined,2023-10-08 00:00:00,2023-10-08 00:00:00,2023-10-08 00:00:00,,,0,manhã
78000006637424,100,6,atividade física,11,Atividade Física,78,Santos,interior,0,0,outros,,Expressão e Ritmos,Aula aberta de expressão e ritmos,de-ate,sempre,depois,sempre,7,16h30,undefined,2023-10-08 00:00:00,2023-10-08 00:00:00,2023-12-17 00:00:00,,,0,tarde
79000003211948,120,6,atividade física,11,Atividade Física,79,Catanduva,interior,0,0,outros,Copa Sesc do Comércio e Serviços,Copa Sesc do Comércio e Serviços,Com Educadores do Sesc Catanduva,de-ate,sempre,depois,sempre,7,15h,undefined,2023-10-08 00:00:00,2023-10-04 00:00:00,2023-11-25 00:00:00,,,0,tarde
80000005282011,20,6,atividade física,11,Atividade Física,80,Bauru,interior,0,0,outros,Encontro de Práticas Corporais,Danças e ritmos afro-brasileiros," Adailton Oliveira Silva, monitor de esportes do Sesc Pompeia.",uma,thisM,depois,dom,6,14h30,undefined,2023-10-08 00:00:00,2023-10-08 00:00:00,2023-10-08 00:00:00,,,0,tarde
80000005204330,120,6,atividade física,11,Atividade Física,80,Bauru,interior,0,0,outros,Encontro de Práticas Corporais,Despertar com Kemetic Yoga,"Com Sirlene Santos, educadora física especializada em dança e consciência corporal, sbat de Kemetic Yoga.",uma,thisM,depois,dom,6,10h30,undefined,2023-10-08 00:00:00,2023-10-08 00:00:00,2023-10-08 00:00:00,,,0,manhã
80000005292698,80,6,atividade física,11,Atividade Física,80,Bauru,interior,0,0,outros,Encontro de Práticas Corporais,Movimento Consciente,Com educadores em atividades físico-esportivas do Sesc.,uma,thisM,depois,dom,6,16h,undefined,2023-10-08 00:00:00,2023-10-08 00:00:00,2023-10-08 00:00:00,,,0,tarde
80000005204451,120,6,atividade física,11,Atividade Física,80,Bauru,interior,0,0,outros,Encontro de Práticas Corporais,Práticas Corporais e Diversidade: conhecer para reconhecer,"Com Sirlene Santos, sbat de Kemetic Yoga e Vanessa Joda, instrutora de Hatha Yoga . Mediação: Adailton Oliveira Silva, monitor de esportes do Sesc Pompeia.",uma,thisM,depois,dom,6,11h30,undefined,2023-10-08 00:00:00,2023-10-08 00:00:00,2023-10-08 00:00:00,,,0,manhã
80000005211605,50,6,atividade física,11,Atividade Física,80,Bauru,interior,1,0,outros,Encontro de Práticas Corporais,Ritmo e autocuidado,"Com Sirlene Santos, educadora física especializada em dança e consciência corporal, sbat de Kemetic Yoga.",uma,thisM,depois,dom,6,14h30,undefined,2023-10-08 00:00:00,2023-10-08 00:00:00,2023-10-08 00:00:00,,,0,tarde
93000005731445,30,6,atividade física,11,Atividade Física,93,Jundiaí,interior,0,0,outros,,Treino Coletivo - Ginástica Multifuncional,Com educadores do Sesc,de-ate,sempre,depois,sempre,7,10h30,undefined,2023-10-08 00:00:00,2023-09-23 00:00:00,2023-11-26 00:00:00,,,0,manhã
94000006094604,25,6,atividade física,11,Atividade Física,94,Bom Retiro,capital,1,0,outros,,Dança do Ventre,Com Luciene Amaral,uma,thisM,depois,dom,6,15h30,undefined,2023-10-08 00:00:00,2023-10-08 00:00:00,2023-10-29 00:00:00,,,0,tarde
52000005558492,30,6,atividade física,14,Outros,52,24 De Maio,capital,0,0,outros,ESCALADA NO CENTRO,Recreação de Escalada,Com Educadores do Sesc 24 de Maio,de-ate,sempre,depois,sempre,7,12h30,undefined,2023-10-08 00:00:00,2023-09-23 00:00:00,2023-10-29 00:00:00,,,0,tarde
62000008069312,120,6,atividade física,14,Outros,62,Consolação,capital,0,0,crianças,,Bike boat,,de-ate,sempre,depois,sempre,7,13h,undefined,2023-10-08 00:00:00,2023-10-08 00:00:00,2023-10-29 00:00:00,,,0,tarde
78000006691457,2000,6,atividade física,14,Outros,78,Santos,interior,0,0,jovens,Programa Sesc de Esportes,Festival Esporte Jovem Handebol/Vôlei,Esporte Jovem 10 a 13 anos,de-ate,sempre,depois,sempre,7,10h30,undefined,2023-10-08 00:00:00,2023-10-08 00:00:00,2023-10-08 00:00:00,,,0,manhã
85000003238702,30,6,atividade física,14,Outros,85,Birigui,interior,0,0,outros,,Recreação de Basquete 3x3,,de-ate,sempre,depois,sempre,7,15h,undefined,2023-10-08 00:00:00,2023-10-08 00:00:00,2023-12-31 00:00:00,,,0,tarde
85000003238648,30,6,atividade física,14,Outros,85,Birigui,interior,0,0,outros,,Recreação Orientada de Vôlei,Com educadores Sesc,de-ate,sempre,depois,sempre,7,13h30,undefined,2023-10-08 00:00:00,2023-10-08 00:00:00,2023-12-31 00:00:00,,,0,tarde
58000006052985,40,8,turismo,12,Turismo,58,Pinheiros,capital,0,0,outros,,Patrimônios de Pirenópolis,Pirenópolis (GO),primeira,thisM,depois,dom,6,07h,undefined,2023-10-08 00:00:00,2023-10-05 00:00:00,2023-10-12 00:00:00,,,0,manhã
65000003462013,30,8,turismo,12,Turismo,65,Av. Paulista,capital,0,0,outros,"Uma Paulista, Diferentes Vistas","A Paisagem como fato social: Patrimônio, direito e memória",Com Debora Pinheiro e André Bispo,uma,thisM,depois,dom,6,10h,undefined,2023-10-08 00:00:00,2023-10-08 00:00:00,2024-01-28 00:00:00,,,0,manhã
75000007778865,40,8,turismo,12,Turismo,75,Campinas,interior,0,0,outros,,Pantanal Caipira - Tanquã / Piracicaba (SP),,uma,thisM,depois,dom,6,07h,undefined,2023-10-08 00:00:00,2023-10-08 00:00:00,2023-10-08 00:00:00,,,0,manhã
83000004032539,40,8,turismo,12,Turismo,83,Piracicaba,interior,0,0,outros,,Museu da Imaginação - São Paulo/SP.,,uma,thisM,depois,dom,6,07h,undefined,2023-10-08 00:00:00,2023-10-08 00:00:00,2023-10-08 00:00:00,,,0,manhã
91000002210994,42,8,turismo,12,Turismo,91,Campo Limpo,capital,0,0,outros,Nossas trilhas e parques,Nossas trilhas e parques,Edição: Selva SP,primeira,thisM,depois,dom,6,07h30,undefined,2023-10-08 00:00:00,2023-10-08 00:00:00,2023-10-08 00:00:00,,,0,manhã
55000004686248,40,9,'+ lazer,14,Outros,55,Interlagos,capital,1,0,crianças,,Experimentação com elementos naturais,Mediação lúdica com o Coletivo Brincá,de-ate,sempre,depois,sempre,7,11h30,undefined,2023-10-08 00:00:00,2023-10-08 00:00:00,2023-10-29 00:00:00,,,0,manhã
66000017079809,15,9,'+ lazer,14,Outros,66,Vila Mariana,capital,0,0,crianças,Espaço de Brincar,No quintal secreto acontece...,exploração com terra e elementos naturais com as educadoras do Espaço de Brincar,de-ate,sempre,depois,sempre,7,13h30,undefined,2023-10-08 00:00:00,2023-10-01 00:00:00,2023-10-29 00:00:00,,,0,tarde
75000008131089,100,9,'+ lazer,14,Outros,75,Campinas,interior,0,0,outros,Passa na Praça,Brincares,,de-ate,sempre,depois,sempre,7,10h,undefined,2023-10-08 00:00:00,2023-10-06 00:00:00,2023-10-22 00:00:00,,,0,manhã
75000008025588,100,9,'+ lazer,14,Outros,75,Campinas,interior,0,0,outros,Passa na Praça,Ocupação Lúdica,Coletivo Máquina Tudo.,de-ate,sempre,depois,sempre,7,12h,undefined,2023-10-08 00:00:00,2023-10-08 00:00:00,2023-10-08 00:00:00,,,0,tarde
75000007971646,20,9,'+ lazer,14,Outros,75,Campinas,interior,1,0,outros,Passa na Praça,Dr. Gepetostein e os brinquedos mutantes,Com Coletivo Unsquepensa Arte,de-ate,sempre,depois,sempre,7,11h,undefined,2023-10-08 00:00:00,2023-10-08 00:00:00,2023-10-08 00:00:00,,,0,manhã
83000004112885,20,9,'+ lazer,14,Outros,83,Piracicaba,interior,1,0,crianças,Espaço lúdico,Dobradura Surpresa,"Ao abrir e fechar, crie frases e desafios.",de-ate,sempre,depois,sempre,7,14h,undefined,2023-10-08 00:00:00,2023-10-08 00:00:00,2023-10-08 00:00:00,,,0,tarde
84000005505846,65,9,'+ lazer,14,Outros,84,Rio Preto,interior,1,0,crianças,Brincares: especial crianças,Quintal Lúdico,"Com com cores, aromas e sensações",de-ate,sempre,depois,sempre,7,10h,undefined,2023-10-08 00:00:00,2023-10-01 00:00:00,2023-10-29 00:00:00,,,0,manhã
85000003271502,15,9,'+ lazer,14,Outros,85,Birigui,interior,0,0,crianças,,Primeiros brinquedos,com educadoras do Espaço de Brincar,de-ate,sempre,depois,sempre,7,10h30,undefined,2023-10-08 00:00:00,2023-10-08 00:00:00,2023-10-08 00:00:00,,,0,manhã
85000003266011,15,9,'+ lazer,14,Outros,85,Birigui,interior,0,0,outros,,Brinquedos que voam,com educadoras do Espaço de Brincar,de-ate,sempre,depois,sempre,7,14h,undefined,2023-10-08 00:00:00,2023-10-08 00:00:00,2023-10-08 00:00:00,,,0,tarde
96000316291232,60,6,atividade física,11,Atividade Física,96,Sorocaba,interior,0,0,outros,,Recreação Esportiva - Futsal Feminino,,de-ate,sempre,agora,sempre,7,16h,undefined,2024-09-28 00:00:00,2023-09-23 00:00:00,2024-12-29 00:00:00,,,0,tarde
